31000.01;141113.28125
31000.02;141113.28125
31000.03;141113.28125
31000.04;141357.421875
31000.05;141357.421875
31000.06;141113.28125
31000.07;141113.28125
31000.08;141113.28125
31000.09;141113.28125
31000.1;141113.28125
31000.11;141357.421875
31000.12;141113.28125
31000.13;141113.28125
31000.14;141357.421875
31000.15;141113.28125
31000.16;141357.421875
31000.17;141113.28125
31000.18;141357.421875
31000.19;141357.421875
31000.2;141113.28125
31000.21;141113.28125
31000.22;141113.28125
31000.23;141113.28125
31000.24;141357.421875
31000.25;141357.421875
31000.26;141113.28125
31000.27;141113.28125
31000.28;141357.421875
31000.29;141113.28125
31000.3;141113.28125
31000.31;141357.421875
31000.32;141113.28125
31000.33;141357.421875
31000.34;141113.28125
31000.35;141357.421875
31000.36;141113.28125
31000.37;141357.421875
31000.38;141113.28125
31000.39;141113.28125
31000.4;141357.421875
31000.41;141113.28125
31000.42;141113.28125
31000.43;141113.28125
31000.44;141113.28125
31000.45;141113.28125
31000.46;141113.28125
31000.47;141113.28125
31000.48;141113.28125
31000.49;141113.28125
31000.5;141113.28125
31000.51;141113.28125
31000.52;141113.28125
31000.53;141113.28125
31000.54;141113.28125
31000.55;141113.28125
31000.56;141113.28125
31000.57;141113.28125
31000.58;141113.28125
31000.59;141113.28125
31000.6;141113.28125
31000.61;141113.28125
31000.62;141113.28125
31000.63;141113.28125
31000.64;141113.28125
31000.65;141113.28125
31000.66;141113.28125
31000.67;141357.421875
31000.68;141113.28125
31000.69;141113.28125
31000.7;141113.28125
31000.71;141113.28125
31000.72;141113.28125
31000.73;141113.28125
31000.74;141113.28125
31000.75;141113.28125
31000.76;141113.28125
31000.77;141113.28125
31000.78;141113.28125
31000.79;141113.28125
31000.8;141113.28125
31000.81;141113.28125
31000.82;141113.28125
31000.83;141357.421875
31000.84;141113.28125
31000.85;141113.28125
31000.86;141113.28125
31000.87;141113.28125
31000.88;141113.28125
31000.89;141113.28125
31000.9;141113.28125
31000.91;141113.28125
31000.92;141113.28125
31000.93;141113.28125
31000.94;141113.28125
31000.95;141113.28125
31000.96;141113.28125
31000.97;141113.28125
31000.98;141113.28125
31000.99;141113.28125
31001.0;141113.28125
31001.01;141113.28125
31001.02;141113.28125
31001.03;141113.28125
31001.04;141113.28125
31001.05;141113.28125
31001.06;141113.28125
31001.07;141113.28125
31001.08;141113.28125
31001.09;141113.28125
31001.1;141113.28125
31001.11;141113.28125
31001.12;141113.28125
31001.13;141113.28125
31001.14;141113.28125
31001.15;141113.28125
31001.16;141113.28125
31001.17;141113.28125
31001.18;141113.28125
31001.19;141113.28125
31001.2;141113.28125
31001.21;141113.28125
31001.22;141113.28125
31001.23;141113.28125
31001.24;141113.28125
31001.25;141113.28125
31001.26;141113.28125
31001.27;141113.28125
31001.28;141113.28125
31001.29;141113.28125
31001.3;141113.28125
31001.31;141113.28125
31001.32;141113.28125
31001.33;141113.28125
31001.34;141113.28125
31001.35;141113.28125
31001.36;141113.28125
31001.37;141113.28125
31001.38;141113.28125
31001.39;141113.28125
31001.4;141113.28125
31001.41;141113.28125
31001.42;141113.28125
31001.43;141113.28125
31001.44;141113.28125
31001.45;141113.28125
31001.46;141113.28125
31001.47;141113.28125
31001.48;141357.421875
31001.49;141113.28125
31001.5;141113.28125
31001.51;141113.28125
31001.52;141113.28125
31001.53;141113.28125
31001.54;141113.28125
31001.55;141113.28125
31001.56;141113.28125
31001.57;141113.28125
31001.58;141113.28125
31001.59;141113.28125
31001.6;141113.28125
31001.61;141113.28125
31001.62;141113.28125
31001.63;141113.28125
31001.64;141113.28125
31001.65;141357.421875
31001.66;141113.28125
31001.67;141113.28125
31001.68;141113.28125
31001.69;141113.28125
31001.7;141113.28125
31001.71;141113.28125
31001.72;141113.28125
31001.73;141113.28125
31001.74;141113.28125
31001.75;141113.28125
31001.76;141113.28125
31001.77;141113.28125
31001.78;141113.28125
31001.79;141113.28125
31001.8;141113.28125
31001.81;141113.28125
31001.82;141113.28125
31001.83;141113.28125
31001.84;141113.28125
31001.85;141113.28125
31001.86;141113.28125
31001.87;141113.28125
31001.88;141113.28125
31001.89;141113.28125
31001.9;141113.28125
31001.91;141113.28125
31001.92;141113.28125
31001.93;141113.28125
31001.94;141113.28125
31001.95;141113.28125
31001.96;141113.28125
31001.97;141113.28125
31001.98;141113.28125
31001.99;141113.28125
31002.0;141113.28125
31002.01;141113.28125
31002.02;141113.28125
31002.03;141113.28125
31002.04;141113.28125
31002.05;141113.28125
31002.06;141113.28125
31002.07;141113.28125
31002.08;141113.28125
31002.09;141113.28125
31002.1;141113.28125
31002.11;141113.28125
31002.12;141113.28125
31002.13;141113.28125
31002.14;141113.28125
31002.15;141113.28125
31002.16;141113.28125
31002.17;141113.28125
31002.18;141113.28125
31002.19;141113.28125
31002.2;141113.28125
31002.21;141113.28125
31002.22;141113.28125
31002.23;141113.28125
31002.24;141113.28125
31002.25;141113.28125
31002.26;141113.28125
31002.27;141113.28125
31002.28;141113.28125
31002.29;141113.28125
31002.3;141113.28125
31002.31;141113.28125
31002.32;141113.28125
31002.33;141113.28125
31002.34;141113.28125
31002.35;141357.421875
31002.36;141113.28125
31002.37;141113.28125
31002.38;141113.28125
31002.39;141357.421875
31002.4;141357.421875
31002.41;141113.28125
31002.42;141357.421875
31002.43;141113.28125
31002.44;141113.28125
31002.45;141113.28125
31002.46;141113.28125
31002.47;141113.28125
31002.48;141113.28125
31002.49;141113.28125
31002.5;141113.28125
31002.51;141113.28125
31002.52;141357.421875
31002.53;141113.28125
31002.54;141113.28125
31002.55;141113.28125
31002.56;141113.28125
31002.57;141113.28125
31002.58;141113.28125
31002.59;141113.28125
31002.6;141357.421875
31002.61;141357.421875
31002.62;202636.71875
31002.63;181152.34375
31002.64;135986.328125
31002.65;143798.828125
31002.66;141845.703125
31002.67;142089.84375
31002.68;156738.28125
31002.69;227783.203125
31002.7;137207.03125
31002.71;144042.96875
31002.72;142333.984375
31002.73;142333.984375
31002.74;142089.84375
31002.75;204345.703125
31002.76;181640.625
31002.77;136474.609375
31002.78;144287.109375
31002.79;142089.84375
31002.8;142089.84375
31002.81;141845.703125
31002.82;141845.703125
31002.83;141601.5625
31002.84;141357.421875
31002.85;141601.5625
31002.86;141357.421875
31002.87;141357.421875
31002.88;203613.28125
31002.89;181152.34375
31002.9;136230.46875
31002.91;144042.96875
31002.92;141845.703125
31002.93;142089.84375
31002.94;141845.703125
31002.95;141601.5625
31002.96;141601.5625
31002.97;141357.421875
31002.98;141357.421875
31002.99;141357.421875
31003.0;141357.421875
31003.01;203613.28125
31003.02;181152.34375
31003.03;136230.46875
31003.04;144042.96875
31003.05;141845.703125
31003.06;142089.84375
31003.07;141845.703125
31003.08;141601.5625
31003.09;141357.421875
31003.1;141357.421875
31003.11;141357.421875
31003.12;141357.421875
31003.13;141357.421875
31003.14;203613.28125
31003.15;181152.34375
31003.16;136230.46875
31003.17;144042.96875
31003.18;141845.703125
31003.19;142089.84375
31003.2;141845.703125
31003.21;141601.5625
31003.22;141357.421875
31003.23;141357.421875
31003.24;141357.421875
31003.25;141357.421875
31003.26;141357.421875
31003.27;203613.28125
31003.28;181152.34375
31003.29;135986.328125
31003.3;144042.96875
31003.31;141845.703125
31003.32;142089.84375
31003.33;156738.28125
31003.34;227539.0625
31003.35;137207.03125
31003.36;144042.96875
31003.37;142333.984375
31003.38;142089.84375
31003.39;141845.703125
31003.4;204345.703125
31003.41;181396.484375
31003.42;136474.609375
31003.43;144287.109375
31003.44;142089.84375
31003.45;142089.84375
31003.46;156982.421875
31003.47;227539.0625
31003.48;137451.171875
31003.49;144042.96875
31003.5;142333.984375
31003.51;142333.984375
31003.52;141845.703125
31003.53;204345.703125
31003.54;181640.625
31003.55;136474.609375
31003.56;144287.109375
31003.57;142089.84375
31003.58;142089.84375
31003.59;156738.28125
31003.6;227783.203125
31003.61;137207.03125
31003.62;144042.96875
31003.63;142333.984375
31003.64;142333.984375
31003.65;142089.84375
31003.66;204345.703125
31003.67;181396.484375
31003.68;136474.609375
31003.69;144287.109375
31003.7;142089.84375
31003.71;142089.84375
31003.72;156738.28125
31003.73;227783.203125
31003.74;137207.03125
31003.75;144042.96875
31003.76;142333.984375
31003.77;142333.984375
31003.78;142089.84375
31003.79;204345.703125
31003.8;181640.625
31003.81;136474.609375
31003.82;144287.109375
31003.83;142089.84375
31003.84;142089.84375
31003.85;141845.703125
31003.86;141601.5625
31003.87;141601.5625
31003.88;141357.421875
31003.89;141357.421875
31003.9;141357.421875
31003.91;141357.421875
31003.92;203857.421875
31003.93;180908.203125
31003.94;136230.46875
31003.95;144042.96875
31003.96;141845.703125
31003.97;142089.84375
31003.98;141845.703125
31003.99;141601.5625
31004.0;141601.5625
31004.01;141601.5625
31004.02;141357.421875
31004.03;141357.421875
31004.04;141357.421875
31004.05;203857.421875
31004.06;180908.203125
31004.07;136230.46875
31004.08;144042.96875
31004.09;141845.703125
31004.1;142089.84375
31004.11;141845.703125
31004.12;141601.5625
31004.13;141601.5625
31004.14;141357.421875
31004.15;141357.421875
31004.16;141357.421875
31004.17;141357.421875
31004.18;203613.28125
31004.19;180908.203125
31004.2;136230.46875
31004.21;144042.96875
31004.22;142089.84375
31004.23;142089.84375
31004.24;141845.703125
31004.25;141601.5625
31004.26;141601.5625
31004.27;141601.5625
31004.28;141601.5625
31004.29;141357.421875
31004.3;141357.421875
31004.31;203857.421875
31004.32;180908.203125
31004.33;136230.46875
31004.34;144042.96875
31004.35;141845.703125
31004.36;142089.84375
31004.37;141845.703125
31004.38;141601.5625
31004.39;141357.421875
31004.4;141601.5625
31004.41;141357.421875
31004.42;141357.421875
31004.43;141357.421875
31004.44;203613.28125
31004.45;180908.203125
31004.46;135986.328125
31004.47;144042.96875
31004.48;141845.703125
31004.49;142089.84375
31004.5;141845.703125
31004.51;141601.5625
31004.52;141601.5625
31004.53;141357.421875
31004.54;141357.421875
31004.55;141357.421875
31004.56;141357.421875
31004.57;203857.421875
31004.58;180908.203125
31004.59;135986.328125
31004.6;144042.96875
31004.61;141845.703125
31004.62;142089.84375
31004.63;141845.703125
31004.64;141601.5625
31004.65;141601.5625
31004.66;141357.421875
31004.67;141357.421875
31004.68;141357.421875
31004.69;141113.28125
31004.7;203857.421875
31004.71;180908.203125
31004.72;136230.46875
31004.73;144042.96875
31004.74;141845.703125
31004.75;142089.84375
31004.76;141845.703125
31004.77;141601.5625
31004.78;141357.421875
31004.79;141357.421875
31004.8;141357.421875
31004.81;141113.28125
31004.82;141357.421875
31004.83;141357.421875
31004.84;141113.28125
31004.85;141113.28125
31004.86;141357.421875
31004.87;141113.28125
31004.88;141113.28125
31004.89;141113.28125
31004.9;141113.28125
31004.91;141113.28125
31004.92;141113.28125
31004.93;141113.28125
31004.94;141113.28125
31004.95;141113.28125
31004.96;141113.28125
31004.97;141113.28125
31004.98;141113.28125
31004.99;141357.421875
31005.0;141113.28125
31005.01;141113.28125
31005.02;141113.28125
31005.03;141113.28125
31005.04;141113.28125
31005.05;141113.28125
31005.06;141113.28125
31005.07;141113.28125
31005.08;141113.28125
31005.09;141113.28125
31005.1;141113.28125
31005.11;141113.28125
31005.12;141113.28125
31005.13;141113.28125
31005.14;141113.28125
31005.15;141113.28125
31005.16;141113.28125
31005.17;141113.28125
31005.18;141113.28125
31005.19;141113.28125
31005.2;141113.28125
31005.21;141113.28125
31005.22;141113.28125
31005.23;141113.28125
31005.24;141113.28125
31005.25;141113.28125
31005.26;141113.28125
31005.27;141113.28125
31005.28;141113.28125
31005.29;141113.28125
31005.3;141113.28125
31005.31;141113.28125
31005.32;141113.28125
31005.33;141113.28125
31005.34;141113.28125
31005.35;141113.28125
31005.36;141113.28125
31005.37;141113.28125
31005.38;141113.28125
31005.39;141113.28125
31005.4;141113.28125
31005.41;141113.28125
31005.42;141113.28125
31005.43;141113.28125
31005.44;141113.28125
31005.45;141113.28125
31005.46;141113.28125
31005.47;141113.28125
31005.48;141113.28125
31005.49;141113.28125
31005.5;141113.28125
31005.51;141113.28125
31005.52;141113.28125
31005.53;141113.28125
31005.54;141113.28125
31005.55;141113.28125
31005.56;141113.28125
31005.57;141113.28125
31005.58;141113.28125
31005.59;141113.28125
31005.6;141113.28125
31005.61;141113.28125
31005.62;141113.28125
31005.63;141113.28125
31005.64;141113.28125
31005.65;141113.28125
31005.66;141113.28125
31005.67;141113.28125
31005.68;141113.28125
31005.69;141113.28125
31005.7;141113.28125
31005.71;141113.28125
31005.72;141357.421875
31005.73;141113.28125
31005.74;141357.421875
31005.75;141113.28125
31005.76;141113.28125
31005.77;141113.28125
31005.78;141113.28125
31005.79;141113.28125
31005.8;141113.28125
31005.81;141113.28125
31005.82;141357.421875
31005.83;141113.28125
31005.84;141113.28125
31005.85;141113.28125
31005.86;141113.28125
31005.87;141113.28125
31005.88;141113.28125
31005.89;141113.28125
31005.9;141113.28125
31005.91;141113.28125
31005.92;141113.28125
31005.93;141113.28125
31005.94;141113.28125
31005.95;141113.28125
31005.96;141113.28125
31005.97;141113.28125
31005.98;141113.28125
31005.99;141113.28125
31006.0;141113.28125
31006.01;141357.421875
31006.02;141113.28125
31006.03;141113.28125
31006.04;141113.28125
31006.05;141113.28125
31006.06;141113.28125
31006.07;141113.28125
31006.08;141113.28125
31006.09;141113.28125
31006.1;141113.28125
31006.11;141113.28125
31006.12;141113.28125
31006.13;141357.421875
31006.14;141113.28125
31006.15;141113.28125
31006.16;141113.28125
31006.17;141113.28125
31006.18;141113.28125
31006.19;141113.28125
31006.2;141113.28125
31006.21;141113.28125
31006.22;141113.28125
31006.23;141113.28125
31006.24;141113.28125
31006.25;141113.28125
31006.26;141357.421875
31006.27;141357.421875
31006.28;141113.28125
31006.29;141113.28125
31006.3;141113.28125
31006.31;141113.28125
31006.32;141113.28125
31006.33;141113.28125
31006.34;141113.28125
31006.35;141113.28125
31006.36;141113.28125
31006.37;141113.28125
31006.38;141113.28125
31006.39;141357.421875
31006.4;141357.421875
31006.41;141113.28125
31006.42;141113.28125
31006.43;141113.28125
31006.44;141113.28125
31006.45;141113.28125
31006.46;141357.421875
31006.47;141113.28125
31006.48;141113.28125
31006.49;141113.28125
31006.5;141113.28125
31006.51;141113.28125
31006.52;141113.28125
31006.53;141113.28125
31006.54;141113.28125
31006.55;141113.28125
31006.56;141113.28125
31006.57;141357.421875
31006.58;141113.28125
31006.59;141113.28125
31006.6;141113.28125
31006.61;141113.28125
31006.62;141113.28125
31006.63;141113.28125
31006.64;141113.28125
31006.65;141113.28125
31006.66;141113.28125
31006.67;141113.28125
31006.68;141113.28125
31006.69;141113.28125
31006.7;141357.421875
31006.71;141113.28125
31006.72;141357.421875
31006.73;141113.28125
31006.74;141113.28125
31006.75;141113.28125
31006.76;141357.421875
31006.77;141113.28125
31006.78;141357.421875
31006.79;141113.28125
31006.8;141113.28125
31006.81;141113.28125
31006.82;141113.28125
31006.83;141113.28125
31006.84;141113.28125
31006.85;141357.421875
31006.86;141113.28125
31006.87;141113.28125
31006.88;141357.421875
31006.89;141113.28125
31006.9;141113.28125
31006.91;141113.28125
31006.92;141113.28125
31006.93;141113.28125
31006.94;141113.28125
31006.95;141113.28125
31006.96;141113.28125
31006.97;141113.28125
31006.98;141113.28125
31006.99;141113.28125
31007.0;141113.28125
31007.01;141113.28125
31007.02;141357.421875
31007.03;141357.421875
31007.04;141113.28125
31007.05;141113.28125
31007.06;141113.28125
31007.07;141113.28125
31007.08;141113.28125
31007.09;141113.28125
31007.1;141113.28125
31007.11;141113.28125
31007.12;141113.28125
31007.13;141113.28125
31007.14;141113.28125
31007.15;141113.28125
31007.16;141113.28125
31007.17;141113.28125
31007.18;141113.28125
31007.19;141113.28125
31007.2;141113.28125
31007.21;141113.28125
31007.22;141113.28125
31007.23;141113.28125
31007.24;141113.28125
31007.25;141113.28125
31007.26;141113.28125
31007.27;141113.28125
31007.28;141113.28125
31007.29;141113.28125
31007.3;141113.28125
31007.31;141113.28125
31007.32;141113.28125
31007.33;141113.28125
31007.34;141113.28125
31007.35;141113.28125
31007.36;141113.28125
31007.37;141113.28125
31007.38;141113.28125
31007.39;141113.28125
31007.4;141113.28125
31007.41;141357.421875
31007.42;141357.421875
31007.43;141357.421875
31007.44;141113.28125
31007.45;141113.28125
31007.46;141113.28125
31007.47;141113.28125
31007.48;141113.28125
31007.49;141113.28125
31007.5;141113.28125
31007.51;141113.28125
31007.52;141357.421875
31007.53;141357.421875
31007.54;141113.28125
31007.55;141113.28125
31007.56;141113.28125
31007.57;141113.28125
31007.58;141113.28125
31007.59;141113.28125
31007.6;141113.28125
31007.61;141113.28125
31007.62;141113.28125
31007.63;141113.28125
31007.64;141113.28125
31007.65;141113.28125
31007.66;141357.421875
31007.67;141357.421875
31007.68;141357.421875
31007.69;141113.28125
31007.7;141113.28125
31007.71;141113.28125
31007.72;141357.421875
31007.73;141113.28125
31007.74;141113.28125
31007.75;141113.28125
31007.76;141357.421875
31007.77;141113.28125
31007.78;141113.28125
31007.79;141357.421875
31007.8;141113.28125
31007.81;141357.421875
31007.82;141113.28125
31007.83;141113.28125
31007.84;141113.28125
31007.85;141113.28125
31007.86;141357.421875
31007.87;141357.421875
31007.88;141357.421875
31007.89;141113.28125
31007.9;141357.421875
31007.91;141113.28125
31007.92;141357.421875
31007.93;141357.421875
31007.94;141113.28125
31007.95;141357.421875
31007.96;141113.28125
31007.97;141357.421875
31007.98;141113.28125
31007.99;141357.421875
31008.0;141113.28125
31008.01;141113.28125
31008.02;141113.28125
31008.03;141357.421875
31008.04;141357.421875
31008.05;141113.28125
31008.06;141357.421875
31008.07;141357.421875
31008.08;141113.28125
31008.09;141357.421875
31008.1;141357.421875
31008.11;141113.28125
31008.12;141357.421875
31008.13;141113.28125
31008.14;141357.421875
31008.15;141113.28125
31008.16;141113.28125
31008.17;141357.421875
31008.18;141357.421875
31008.19;141357.421875
31008.2;141357.421875
31008.21;141357.421875
31008.22;141357.421875
31008.23;141113.28125
31008.24;141357.421875
31008.25;141357.421875
31008.26;141113.28125
31008.27;141357.421875
31008.28;141357.421875
31008.29;141357.421875
31008.3;141357.421875
31008.31;141357.421875
31008.32;141113.28125
31008.33;141357.421875
31008.34;141357.421875
31008.35;141357.421875
31008.36;141357.421875
31008.37;141357.421875
31008.38;141357.421875
31008.39;141357.421875
31008.4;141357.421875
31008.41;141113.28125
31008.42;141357.421875
31008.43;141113.28125
31008.44;141113.28125
31008.45;141357.421875
31008.46;141357.421875
31008.47;141357.421875
31008.48;141357.421875
31008.49;141357.421875
31008.5;141357.421875
31008.51;141113.28125
31008.52;141357.421875
31008.53;141357.421875
31008.54;141357.421875
31008.55;141357.421875
31008.56;141113.28125
31008.57;141113.28125
31008.58;141357.421875
31008.59;141357.421875
31008.6;141357.421875
31008.61;141357.421875
31008.62;141357.421875
31008.63;141357.421875
31008.64;141357.421875
31008.65;141357.421875
31008.66;141113.28125
31008.67;141113.28125
31008.68;141357.421875
31008.69;141113.28125
31008.7;141357.421875
31008.71;141357.421875
31008.72;141357.421875
31008.73;141357.421875
31008.74;141357.421875
31008.75;141357.421875
31008.76;141357.421875
31008.77;141113.28125
31008.78;141113.28125
31008.79;141357.421875
31008.8;141357.421875
31008.81;141113.28125
31008.82;141357.421875
31008.83;141357.421875
31008.84;141357.421875
31008.85;141357.421875
31008.86;141357.421875
31008.87;141357.421875
31008.88;141357.421875
31008.89;141357.421875
31008.9;141357.421875
31008.91;141357.421875
31008.92;141357.421875
31008.93;141113.28125
31008.94;141357.421875
31008.95;141357.421875
31008.96;141357.421875
31008.97;141357.421875
31008.98;141357.421875
31008.99;141357.421875
31009.0;141357.421875
31009.01;141357.421875
31009.02;141357.421875
31009.03;141113.28125
31009.04;141357.421875
31009.05;141357.421875
31009.06;141357.421875
31009.07;141113.28125
31009.08;141357.421875
31009.09;141357.421875
31009.1;141357.421875
31009.11;141357.421875
31009.12;141113.28125
31009.13;141357.421875
31009.14;141357.421875
31009.15;141357.421875
31009.16;141357.421875
31009.17;141357.421875
31009.18;141357.421875
31009.19;141357.421875
31009.2;141357.421875
31009.21;141357.421875
31009.22;141357.421875
31009.23;141357.421875
31009.24;141357.421875
31009.25;141357.421875
31009.26;141357.421875
31009.27;141357.421875
31009.28;141357.421875
31009.29;141357.421875
31009.3;141357.421875
31009.31;141357.421875
31009.32;141357.421875
31009.33;141357.421875
31009.34;141357.421875
31009.35;141357.421875
31009.36;141357.421875
31009.37;141357.421875
31009.38;141357.421875
31009.39;141357.421875
31009.4;141357.421875
31009.41;141357.421875
31009.42;141357.421875
31009.43;141357.421875
31009.44;141357.421875
31009.45;141357.421875
31009.46;141357.421875
31009.47;141357.421875
31009.48;141357.421875
31009.49;141357.421875
31009.5;141357.421875
31009.51;141357.421875
31009.52;141357.421875
31009.53;141357.421875
31009.54;141357.421875
31009.55;141357.421875
31009.56;141357.421875
31009.57;141357.421875
31009.58;141357.421875
31009.59;141357.421875
31009.6;141357.421875
31009.61;141357.421875
31009.62;141357.421875
31009.63;141357.421875
31009.64;141357.421875
31009.65;141357.421875
31009.66;141357.421875
31009.67;141357.421875
31009.68;141357.421875
31009.69;141357.421875
31009.7;141357.421875
31009.71;141357.421875
31009.72;141357.421875
31009.73;141357.421875
31009.74;141357.421875
31009.75;141357.421875
31009.76;141357.421875
31009.77;141357.421875
31009.78;141357.421875
31009.79;141357.421875
31009.8;141357.421875
31009.81;141357.421875
31009.82;141357.421875
31009.83;141601.5625
31009.84;141357.421875
31009.85;141357.421875
31009.86;141357.421875
31009.87;141357.421875
31009.88;141357.421875
31009.89;141357.421875
31009.9;141357.421875
31009.91;141601.5625
31009.92;141357.421875
31009.93;141357.421875
31009.94;141601.5625
31009.95;141601.5625
31009.96;141357.421875
31009.97;141357.421875
31009.98;141357.421875
31009.99;141357.421875
31010.0;141357.421875
31010.01;141357.421875
31010.02;141357.421875
31010.03;141357.421875
31010.04;141601.5625
31010.05;141357.421875
31010.06;141357.421875
31010.07;141357.421875
31010.08;141357.421875
31010.09;141357.421875
31010.1;141357.421875
31010.11;141357.421875
31010.12;141601.5625
31010.13;141357.421875
31010.14;141601.5625
31010.15;141601.5625
31010.16;141357.421875
31010.17;141357.421875
31010.18;141357.421875
31010.19;141601.5625
31010.2;141357.421875
31010.21;141357.421875
31010.22;141357.421875
31010.23;141601.5625
31010.24;141601.5625
31010.25;141357.421875
31010.26;141601.5625
31010.27;141357.421875
31010.28;141357.421875
31010.29;141601.5625
31010.3;141601.5625
31010.31;141357.421875
31010.32;141601.5625
31010.33;141601.5625
31010.34;141601.5625
31010.35;141601.5625
31010.36;141357.421875
31010.37;141601.5625
31010.38;141601.5625
31010.39;141601.5625
31010.4;141601.5625
31010.41;141601.5625
31010.42;141601.5625
31010.43;141357.421875
31010.44;141357.421875
31010.45;141601.5625
31010.46;141601.5625
31010.47;141357.421875
31010.48;141357.421875
31010.49;141601.5625
31010.5;141601.5625
31010.51;141601.5625
31010.52;141601.5625
31010.53;141601.5625
31010.54;141601.5625
31010.55;141601.5625
31010.56;141601.5625
31010.57;141601.5625
31010.58;141601.5625
31010.59;141601.5625
31010.6;141601.5625
31010.61;141601.5625
31010.62;141601.5625
31010.63;141601.5625
31010.64;141601.5625
31010.65;141601.5625
31010.66;141601.5625
31010.67;141601.5625
31010.68;141601.5625
31010.69;141601.5625
31010.7;141601.5625
31010.71;141601.5625
31010.72;141601.5625
31010.73;141601.5625
31010.74;141601.5625
31010.75;141601.5625
31010.76;141601.5625
31010.77;141601.5625
31010.78;141357.421875
31010.79;141601.5625
31010.8;141601.5625
31010.81;141601.5625
31010.82;141601.5625
31010.83;141601.5625
31010.84;141601.5625
31010.85;141601.5625
31010.86;141601.5625
31010.87;141601.5625
31010.88;141601.5625
31010.89;141601.5625
31010.9;141601.5625
31010.91;141601.5625
31010.92;141601.5625
31010.93;141601.5625
31010.94;141601.5625
31010.95;141601.5625
31010.96;141601.5625
31010.97;141601.5625
31010.98;141601.5625
31010.99;141601.5625
31011.0;141601.5625
31011.01;141601.5625
31011.02;141601.5625
31011.03;141601.5625
31011.04;141601.5625
31011.05;141601.5625
31011.06;141601.5625
31011.07;141601.5625
31011.08;141601.5625
31011.09;141601.5625
31011.1;141601.5625
31011.11;141601.5625
31011.12;141601.5625
31011.13;141601.5625
31011.14;141601.5625
31011.15;141601.5625
31011.16;141601.5625
31011.17;141601.5625
31011.18;141601.5625
31011.19;141601.5625
31011.2;141601.5625
31011.21;141601.5625
31011.22;141601.5625
31011.23;141601.5625
31011.24;141601.5625
31011.25;141601.5625
31011.26;141601.5625
31011.27;141601.5625
31011.28;141601.5625
31011.29;141601.5625
31011.3;141601.5625
31011.31;141601.5625
31011.32;141601.5625
31011.33;141601.5625
31011.34;141601.5625
31011.35;141601.5625
31011.36;141601.5625
31011.37;141601.5625
31011.38;141601.5625
31011.39;141601.5625
31011.4;141601.5625
31011.41;141601.5625
31011.42;141601.5625
31011.43;141601.5625
31011.44;141601.5625
31011.45;141601.5625
31011.46;141601.5625
31011.47;141601.5625
31011.48;141601.5625
31011.49;141601.5625
31011.5;141601.5625
31011.51;141601.5625
31011.52;141601.5625
31011.53;141601.5625
31011.54;141601.5625
31011.55;141601.5625
31011.56;141601.5625
31011.57;141601.5625
31011.58;141601.5625
31011.59;141601.5625
31011.6;141601.5625
31011.61;141601.5625
31011.62;141601.5625
31011.63;141601.5625
31011.64;141601.5625
31011.65;141601.5625
31011.66;141601.5625
31011.67;141601.5625
31011.68;141601.5625
31011.69;141601.5625
31011.7;141601.5625
31011.71;141845.703125
31011.72;141845.703125
31011.73;141601.5625
31011.74;141601.5625
31011.75;141601.5625
31011.76;141601.5625
31011.77;141601.5625
31011.78;141601.5625
31011.79;141601.5625
31011.8;141601.5625
31011.81;141601.5625
31011.82;141601.5625
31011.83;141601.5625
31011.84;141601.5625
31011.85;141845.703125
31011.86;141601.5625
31011.87;141601.5625
31011.88;141601.5625
31011.89;141601.5625
31011.9;141601.5625
31011.91;141601.5625
31011.92;141601.5625
31011.93;141601.5625
31011.94;141601.5625
31011.95;141601.5625
31011.96;141601.5625
31011.97;141601.5625
31011.98;141601.5625
31011.99;141601.5625
31012.0;141601.5625
31012.01;141601.5625
31012.02;141601.5625
31012.03;141357.421875
31012.04;141601.5625
31012.05;141601.5625
31012.06;141845.703125
31012.07;141601.5625
31012.08;141601.5625
31012.09;141601.5625
31012.1;141601.5625
31012.11;141601.5625
31012.12;141601.5625
31012.13;141601.5625
31012.14;141601.5625
31012.15;141601.5625
31012.16;141845.703125
31012.17;141601.5625
31012.18;141601.5625
31012.19;141601.5625
31012.2;141601.5625
31012.21;141601.5625
31012.22;141601.5625
31012.23;141601.5625
31012.24;141601.5625
31012.25;141601.5625
31012.26;141601.5625
31012.27;141845.703125
31012.28;141601.5625
31012.29;141601.5625
31012.3;141601.5625
31012.31;141845.703125
31012.32;141601.5625
31012.33;141601.5625
31012.34;141601.5625
31012.35;141601.5625
31012.36;141601.5625
31012.37;141845.703125
31012.38;141601.5625
31012.39;141601.5625
31012.4;141845.703125
31012.41;141601.5625
31012.42;141601.5625
31012.43;141601.5625
31012.44;141601.5625
31012.45;141601.5625
31012.46;141601.5625
31012.47;141601.5625
31012.48;141601.5625
31012.49;141601.5625
31012.5;141601.5625
31012.51;141601.5625
31012.52;141601.5625
31012.53;141357.421875
31012.54;141601.5625
31012.55;141601.5625
31012.56;141601.5625
31012.57;141601.5625
31012.58;141601.5625
31012.59;141601.5625
31012.6;141601.5625
31012.61;141601.5625
31012.62;141601.5625
31012.63;141601.5625
31012.64;141601.5625
31012.65;141601.5625
31012.66;141601.5625
31012.67;141601.5625
31012.68;141601.5625
31012.69;141601.5625
31012.7;141601.5625
31012.71;141601.5625
31012.72;141601.5625
31012.73;141601.5625
31012.74;141601.5625
31012.75;141601.5625
31012.76;141357.421875
31012.77;141601.5625
31012.78;141601.5625
31012.79;141601.5625
31012.8;141601.5625
31012.81;141601.5625
31012.82;141601.5625
31012.83;141601.5625
31012.84;141601.5625
31012.85;141601.5625
31012.86;141601.5625
31012.87;141601.5625
31012.88;141601.5625
31012.89;141601.5625
31012.9;141601.5625
31012.91;141601.5625
31012.92;141601.5625
31012.93;141601.5625
31012.94;141601.5625
31012.95;141601.5625
31012.96;141601.5625
31012.97;141601.5625
31012.98;141357.421875
31012.99;141601.5625
31013.0;141601.5625
31013.01;141601.5625
31013.02;141601.5625
31013.03;141601.5625
31013.04;141601.5625
31013.05;141601.5625
31013.06;141601.5625
31013.07;141601.5625
31013.08;141601.5625
31013.09;141601.5625
31013.1;141601.5625
31013.11;141601.5625
31013.12;141601.5625
31013.13;141601.5625
31013.14;141601.5625
31013.15;141601.5625
31013.16;141357.421875
31013.17;141601.5625
31013.18;141601.5625
31013.19;141601.5625
31013.2;141601.5625
31013.21;141601.5625
31013.22;141601.5625
31013.23;141601.5625
31013.24;141601.5625
31013.25;141601.5625
31013.26;141601.5625
31013.27;141601.5625
31013.28;141601.5625
31013.29;141601.5625
31013.3;141601.5625
31013.31;141601.5625
31013.32;141601.5625
31013.33;141601.5625
31013.34;141601.5625
31013.35;141601.5625
31013.36;141601.5625
31013.37;141601.5625
31013.38;141601.5625
31013.39;141601.5625
31013.4;141601.5625
31013.41;141601.5625
31013.42;141601.5625
31013.43;141601.5625
31013.44;141601.5625
31013.45;141601.5625
31013.46;141601.5625
31013.47;141601.5625
31013.48;141601.5625
31013.49;141601.5625
31013.5;141601.5625
31013.51;141601.5625
31013.52;141601.5625
31013.53;141601.5625
31013.54;141601.5625
31013.55;141601.5625
31013.56;141601.5625
31013.57;141601.5625
31013.58;141601.5625
31013.59;141601.5625
31013.6;141601.5625
31013.61;141601.5625
31013.62;141601.5625
31013.63;141601.5625
31013.64;141601.5625
31013.65;141601.5625
31013.66;141601.5625
31013.67;141601.5625
31013.68;141601.5625
31013.69;141601.5625
31013.7;141601.5625
31013.71;141601.5625
31013.72;141601.5625
31013.73;141601.5625
31013.74;141601.5625
31013.75;141601.5625
31013.76;141601.5625
31013.77;141601.5625
31013.78;141601.5625
31013.79;141601.5625
31013.8;141601.5625
31013.81;141601.5625
31013.82;141601.5625
31013.83;141601.5625
31013.84;141601.5625
31013.85;141601.5625
31013.86;141601.5625
31013.87;141601.5625
31013.88;141601.5625
31013.89;141601.5625
31013.9;141601.5625
31013.91;141601.5625
31013.92;141601.5625
31013.93;141601.5625
31013.94;141357.421875
31013.95;141601.5625
31013.96;141601.5625
31013.97;141601.5625
31013.98;141601.5625
31013.99;141601.5625
31014.0;141601.5625
31014.01;141601.5625
31014.02;141601.5625
31014.03;141601.5625
31014.04;141601.5625
31014.05;141601.5625
31014.06;141601.5625
31014.07;141601.5625
31014.08;141601.5625
31014.09;141601.5625
31014.1;141601.5625
31014.11;141601.5625
31014.12;141601.5625
31014.13;141601.5625
31014.14;141601.5625
31014.15;141601.5625
31014.16;141601.5625
31014.17;141601.5625
31014.18;141601.5625
31014.19;141601.5625
31014.2;141601.5625
31014.21;141601.5625
31014.22;141601.5625
31014.23;141601.5625
31014.24;141601.5625
31014.25;141601.5625
31014.26;141601.5625
31014.27;141601.5625
31014.28;141601.5625
31014.29;141601.5625
31014.3;141601.5625
31014.31;141601.5625
31014.32;141601.5625
31014.33;141601.5625
31014.34;141601.5625
31014.35;141601.5625
31014.36;141601.5625
31014.37;141601.5625
31014.38;141601.5625
31014.39;141601.5625
31014.4;141601.5625
31014.41;141601.5625
31014.42;141601.5625
31014.43;141601.5625
31014.44;141601.5625
31014.45;141601.5625
31014.46;141601.5625
31014.47;141601.5625
31014.48;141601.5625
31014.49;141601.5625
31014.5;141601.5625
31014.51;141601.5625
31014.52;141601.5625
31014.53;141601.5625
31014.54;141601.5625
31014.55;141601.5625
31014.56;141601.5625
31014.57;141357.421875
31014.58;141601.5625
31014.59;141601.5625
31014.6;141601.5625
31014.61;141601.5625
31014.62;141601.5625
31014.63;141601.5625
31014.64;141601.5625
31014.65;141601.5625
31014.66;141601.5625
31014.67;141357.421875
31014.68;141601.5625
31014.69;141601.5625
31014.7;141601.5625
31014.71;141601.5625
31014.72;141601.5625
31014.73;141601.5625
31014.74;141601.5625
31014.75;141601.5625
31014.76;141601.5625
31014.77;141601.5625
31014.78;141601.5625
31014.79;141601.5625
31014.8;141357.421875
31014.81;141601.5625
31014.82;141601.5625
31014.83;141601.5625
31014.84;141601.5625
31014.85;141601.5625
31014.86;141601.5625
31014.87;141601.5625
31014.88;141601.5625
31014.89;141601.5625
31014.9;141601.5625
31014.91;141601.5625
31014.92;141601.5625
31014.93;141601.5625
31014.94;141601.5625
31014.95;141601.5625
31014.96;141601.5625
31014.97;141601.5625
31014.98;141601.5625
31014.99;141601.5625
31015.0;141601.5625
31015.01;141601.5625
31015.02;141601.5625
31015.03;141601.5625
31015.04;141601.5625
31015.05;141601.5625
31015.06;141601.5625
31015.07;141601.5625
31015.08;141601.5625
31015.09;141601.5625
31015.1;141601.5625
31015.11;141357.421875
31015.12;141601.5625
31015.13;141357.421875
31015.14;141601.5625
31015.15;141601.5625
31015.16;141601.5625
31015.17;141601.5625
31015.18;141601.5625
31015.19;141601.5625
31015.2;141601.5625
31015.21;141601.5625
31015.22;141601.5625
31015.23;141601.5625
31015.24;141601.5625
31015.25;141601.5625
31015.26;141601.5625
31015.27;141601.5625
31015.28;141601.5625
31015.29;141601.5625
31015.3;141601.5625
31015.31;141601.5625
31015.32;141601.5625
31015.33;141601.5625
31015.34;141601.5625
31015.35;141601.5625
31015.36;141601.5625
31015.37;141601.5625
31015.38;141601.5625
31015.39;141601.5625
31015.4;141357.421875
31015.41;141601.5625
31015.42;141601.5625
31015.43;141601.5625
31015.44;141601.5625
31015.45;141601.5625
31015.46;141601.5625
31015.47;141601.5625
31015.48;141601.5625
31015.49;141601.5625
31015.5;141601.5625
31015.51;141601.5625
31015.52;141601.5625
31015.53;141601.5625
31015.54;141601.5625
31015.55;141601.5625
31015.56;141601.5625
31015.57;141601.5625
31015.58;141601.5625
31015.59;141601.5625
31015.6;141601.5625
31015.61;141601.5625
31015.62;141601.5625
31015.63;141601.5625
31015.64;141601.5625
31015.65;141601.5625
31015.66;141601.5625
31015.67;141601.5625
31015.68;141601.5625
31015.69;141601.5625
31015.7;141601.5625
31015.71;141601.5625
31015.72;141601.5625
31015.73;141601.5625
31015.74;141601.5625
31015.75;141601.5625
31015.76;141601.5625
31015.77;141601.5625
31015.78;141601.5625
31015.79;141601.5625
31015.8;141601.5625
31015.81;141601.5625
31015.82;141357.421875
31015.83;141601.5625
31015.84;141601.5625
31015.85;141601.5625
31015.86;141601.5625
31015.87;141601.5625
31015.88;141601.5625
31015.89;141601.5625
31015.9;141601.5625
31015.91;141357.421875
31015.92;141601.5625
31015.93;141601.5625
31015.94;141601.5625
31015.95;141601.5625
31015.96;141601.5625
31015.97;141601.5625
31015.98;141601.5625
31015.99;141601.5625
31016.0;141357.421875
31016.01;141601.5625
31016.02;141601.5625
31016.03;141601.5625
31016.04;141601.5625
31016.05;141601.5625
31016.06;141601.5625
31016.07;141601.5625
31016.08;141601.5625
31016.09;141601.5625
31016.1;141601.5625
31016.11;141601.5625
31016.12;141601.5625
31016.13;141601.5625
31016.14;141601.5625
31016.15;141601.5625
31016.16;141601.5625
31016.17;141601.5625
31016.18;141601.5625
31016.19;141601.5625
31016.2;141601.5625
31016.21;141601.5625
31016.22;141601.5625
31016.23;141601.5625
31016.24;141601.5625
31016.25;141601.5625
31016.26;141601.5625
31016.27;141601.5625
31016.28;141601.5625
31016.29;141601.5625
31016.3;141601.5625
31016.31;141601.5625
31016.32;141601.5625
31016.33;141601.5625
31016.34;141601.5625
31016.35;141601.5625
31016.36;141601.5625
31016.37;141601.5625
31016.38;141601.5625
31016.39;141601.5625
31016.4;141601.5625
31016.41;141601.5625
31016.42;141357.421875
31016.43;141601.5625
31016.44;141357.421875
31016.45;141601.5625
31016.46;141601.5625
31016.47;141601.5625
31016.48;141601.5625
31016.49;141601.5625
31016.5;141601.5625
31016.51;141601.5625
31016.52;141601.5625
31016.53;141601.5625
31016.54;141601.5625
31016.55;141601.5625
31016.56;141601.5625
31016.57;141601.5625
31016.58;141601.5625
31016.59;141601.5625
31016.6;141357.421875
31016.61;141601.5625
31016.62;141357.421875
31016.63;141601.5625
31016.64;141357.421875
31016.65;141601.5625
31016.66;141601.5625
31016.67;141601.5625
31016.68;141601.5625
31016.69;141601.5625
31016.7;141601.5625
31016.71;141601.5625
31016.72;141601.5625
31016.73;141601.5625
31016.74;141357.421875
31016.75;141601.5625
31016.76;141601.5625
31016.77;141357.421875
31016.78;141357.421875
31016.79;141601.5625
31016.8;141357.421875
31016.81;141601.5625
31016.82;141601.5625
31016.83;141601.5625
31016.84;141601.5625
31016.85;141357.421875
31016.86;141357.421875
31016.87;141601.5625
31016.88;141601.5625
31016.89;141601.5625
31016.9;141357.421875
31016.91;141601.5625
31016.92;141601.5625
31016.93;141357.421875
31016.94;141357.421875
31016.95;141357.421875
31016.96;141357.421875
31016.97;141357.421875
31016.98;141357.421875
31016.99;141357.421875
31017.0;141601.5625
31017.01;141601.5625
31017.02;141601.5625
31017.03;141357.421875
31017.04;141601.5625
31017.05;141357.421875
31017.06;141601.5625
31017.07;141357.421875
31017.08;141601.5625
31017.09;141357.421875
31017.1;141601.5625
31017.11;141601.5625
31017.12;141357.421875
31017.13;141601.5625
31017.14;141601.5625
31017.15;141357.421875
31017.16;141601.5625
31017.17;141601.5625
31017.18;141357.421875
31017.19;141601.5625
31017.2;141601.5625
31017.21;141601.5625
31017.22;141357.421875
31017.23;141601.5625
31017.24;141601.5625
31017.25;141357.421875
31017.26;141357.421875
31017.27;141357.421875
31017.28;141357.421875
31017.29;141357.421875
31017.3;141601.5625
31017.31;141357.421875
31017.32;141601.5625
31017.33;141357.421875
31017.34;141357.421875
31017.35;141357.421875
31017.36;141601.5625
31017.37;141357.421875
31017.38;141357.421875
31017.39;141357.421875
31017.4;141357.421875
31017.41;141357.421875
31017.42;141357.421875
31017.43;141357.421875
31017.44;141601.5625
31017.45;141357.421875
31017.46;141601.5625
31017.47;141601.5625
31017.48;141357.421875
31017.49;141357.421875
31017.5;141601.5625
31017.51;141357.421875
31017.52;141357.421875
31017.53;141357.421875
31017.54;141601.5625
31017.55;141357.421875
31017.56;141601.5625
31017.57;141357.421875
31017.58;141357.421875
31017.59;141357.421875
31017.6;141357.421875
31017.61;141357.421875
31017.62;141357.421875
31017.63;141357.421875
31017.64;141357.421875
31017.65;141357.421875
31017.66;141357.421875
31017.67;141357.421875
31017.68;141357.421875
31017.69;141357.421875
31017.7;141357.421875
31017.71;141357.421875
31017.72;141357.421875
31017.73;141357.421875
31017.74;141357.421875
31017.75;141357.421875
31017.76;141357.421875
31017.77;141357.421875
31017.78;141357.421875
31017.79;141357.421875
31017.8;141357.421875
31017.81;141357.421875
31017.82;141357.421875
31017.83;141357.421875
31017.84;141357.421875
31017.85;141357.421875
31017.86;141357.421875
31017.87;141357.421875
31017.88;141357.421875
31017.89;141357.421875
31017.9;141357.421875
31017.91;141357.421875
31017.92;141357.421875
31017.93;141357.421875
31017.94;141357.421875
31017.95;141357.421875
31017.96;141357.421875
31017.97;141357.421875
31017.98;141357.421875
31017.99;141357.421875
31018.0;141357.421875
31018.01;141357.421875
31018.02;141357.421875
31018.03;141357.421875
31018.04;141357.421875
31018.05;141357.421875
31018.06;141357.421875
31018.07;141357.421875
31018.08;141357.421875
31018.09;141357.421875
31018.1;141357.421875
31018.11;141357.421875
31018.12;141357.421875
31018.13;141357.421875
31018.14;141357.421875
31018.15;141357.421875
31018.16;141357.421875
31018.17;141357.421875
31018.18;141357.421875
31018.19;141357.421875
31018.2;141357.421875
31018.21;141357.421875
31018.22;141357.421875
31018.23;141357.421875
31018.24;141357.421875
31018.25;141357.421875
31018.26;141357.421875
31018.27;141357.421875
31018.28;141357.421875
31018.29;141357.421875
31018.3;141357.421875
31018.31;141357.421875
31018.32;141357.421875
31018.33;141357.421875
31018.34;141357.421875
31018.35;141357.421875
31018.36;141357.421875
31018.37;141357.421875
31018.38;141357.421875
31018.39;141357.421875
31018.4;141357.421875
31018.41;141357.421875
31018.42;141357.421875
31018.43;141357.421875
31018.44;141357.421875
31018.45;141357.421875
31018.46;141357.421875
31018.47;141357.421875
31018.48;141357.421875
31018.49;141357.421875
31018.5;141113.28125
31018.51;141357.421875
31018.52;141357.421875
31018.53;141357.421875
31018.54;141357.421875
31018.55;141357.421875
31018.56;141357.421875
31018.57;141357.421875
31018.58;141357.421875
31018.59;141357.421875
31018.6;141357.421875
31018.61;141357.421875
31018.62;141357.421875
31018.63;141357.421875
31018.64;141357.421875
31018.65;141357.421875
31018.66;141357.421875
31018.67;141357.421875
31018.68;141113.28125
31018.69;141357.421875
31018.7;141357.421875
31018.71;141357.421875
31018.72;141357.421875
31018.73;141357.421875
31018.74;141357.421875
31018.75;141357.421875
31018.76;141357.421875
31018.77;141357.421875
31018.78;141357.421875
31018.79;141357.421875
31018.8;141357.421875
31018.81;141357.421875
31018.82;141113.28125
31018.83;141113.28125
31018.84;141357.421875
31018.85;141357.421875
31018.86;141357.421875
31018.87;141113.28125
31018.88;141113.28125
31018.89;141357.421875
31018.9;141357.421875
31018.91;141357.421875
31018.92;141357.421875
31018.93;141113.28125
31018.94;141357.421875
31018.95;141357.421875
31018.96;141113.28125
31018.97;141357.421875
31018.98;141357.421875
31018.99;141113.28125
31019.0;141357.421875
31019.01;141113.28125
31019.02;141113.28125
31019.03;141357.421875
31019.04;141113.28125
31019.05;141357.421875
31019.06;141357.421875
31019.07;141357.421875
31019.08;141357.421875
31019.09;141357.421875
31019.1;141357.421875
31019.11;141113.28125
31019.12;141357.421875
31019.13;141113.28125
31019.14;141113.28125
31019.15;141357.421875
31019.16;141113.28125
31019.17;141357.421875
31019.18;141113.28125
31019.19;141357.421875
31019.2;141357.421875
31019.21;141113.28125
31019.22;141113.28125
31019.23;141357.421875
31019.24;141113.28125
31019.25;141357.421875
31019.26;141113.28125
31019.27;141357.421875
31019.28;141113.28125
31019.29;141357.421875
31019.3;141113.28125
31019.31;141113.28125
31019.32;141357.421875
31019.33;141357.421875
31019.34;141113.28125
31019.35;141357.421875
31019.36;141113.28125
31019.37;141357.421875
31019.38;141357.421875
31019.39;141113.28125
31019.4;141113.28125
31019.41;141113.28125
31019.42;141357.421875
31019.43;141113.28125
31019.44;141113.28125
31019.45;141113.28125
31019.46;141357.421875
31019.47;141113.28125
31019.48;141357.421875
31019.49;141357.421875
31019.5;141357.421875
31019.51;141113.28125
31019.52;141357.421875
31019.53;141113.28125
31019.54;141357.421875
31019.55;141113.28125
31019.56;141357.421875
31019.57;141113.28125
31019.58;141357.421875
31019.59;141113.28125
31019.6;141357.421875
31019.61;141113.28125
31019.62;141113.28125
31019.63;141357.421875
31019.64;141113.28125
31019.65;141113.28125
31019.66;141113.28125
31019.67;141113.28125
31019.68;141113.28125
31019.69;141113.28125
31019.7;141113.28125
31019.71;141113.28125
31019.72;141357.421875
31019.73;141113.28125
31019.74;141113.28125
31019.75;141113.28125
31019.76;141357.421875
31019.77;141357.421875
31019.78;141113.28125
31019.79;141113.28125
31019.8;141113.28125
31019.81;141357.421875
31019.82;141113.28125
31019.83;141357.421875
31019.84;141113.28125
31019.85;141113.28125
31019.86;141113.28125
31019.87;141113.28125
31019.88;141113.28125
31019.89;141113.28125
31019.9;141113.28125
31019.91;141113.28125
31019.92;141357.421875
31019.93;141113.28125
31019.94;141113.28125
31019.95;141113.28125
31019.96;141113.28125
31019.97;141357.421875
31019.98;141113.28125
31019.99;141357.421875
31020.0;141113.28125
31020.01;141113.28125
31020.02;141357.421875
31020.03;141113.28125
31020.04;141113.28125
31020.05;141113.28125
31020.06;141113.28125
31020.07;141113.28125
31020.08;141113.28125
31020.09;141113.28125
31020.1;141113.28125
31020.11;141357.421875
31020.12;141113.28125
31020.13;141113.28125
31020.14;141113.28125
31020.15;141113.28125
31020.16;141113.28125
31020.17;141113.28125
31020.18;141357.421875
31020.19;141113.28125
31020.2;141113.28125
31020.21;141357.421875
31020.22;141113.28125
31020.23;141113.28125
31020.24;141113.28125
31020.25;141113.28125
31020.26;141113.28125
31020.27;141113.28125
31020.28;141113.28125
31020.29;141113.28125
31020.3;141113.28125
31020.31;141113.28125
31020.32;141113.28125
31020.33;141113.28125
31020.34;141113.28125
31020.35;141113.28125
31020.36;141357.421875
31020.37;141113.28125
31020.38;141113.28125
31020.39;141357.421875
31020.4;141113.28125
31020.41;141113.28125
31020.42;141113.28125
31020.43;141113.28125
31020.44;141113.28125
31020.45;141113.28125
31020.46;141113.28125
31020.47;141113.28125
31020.48;141113.28125
31020.49;141113.28125
31020.5;141113.28125
31020.51;141113.28125
31020.52;141113.28125
31020.53;141113.28125
31020.54;141113.28125
31020.55;141113.28125
31020.56;141113.28125
31020.57;141357.421875
31020.58;141113.28125
31020.59;141113.28125
31020.6;141113.28125
31020.61;141113.28125
31020.62;204345.703125
31020.63;179199.21875
31020.64;136230.46875
31020.65;143798.828125
31020.66;141845.703125
31020.67;142089.84375
31020.68;157714.84375
31020.69;226806.640625
31020.7;136718.75
31020.71;144287.109375
31020.72;142333.984375
31020.73;142089.84375
31020.74;141845.703125
31020.75;206054.6875
31020.76;179443.359375
31020.77;136718.75
31020.78;144042.96875
31020.79;142089.84375
31020.8;142089.84375
31020.81;141845.703125
31020.82;141601.5625
31020.83;141601.5625
31020.84;141357.421875
31020.85;141357.421875
31020.86;141357.421875
31020.87;141357.421875
31020.88;205322.265625
31020.89;178955.078125
31020.9;136474.609375
31020.91;143798.828125
31020.92;141845.703125
31020.93;141845.703125
31020.94;141601.5625
31020.95;141601.5625
31020.96;141357.421875
31020.97;141357.421875
31020.98;141357.421875
31020.99;141357.421875
31021.0;141357.421875
31021.01;205566.40625
31021.02;178955.078125
31021.03;136474.609375
31021.04;143798.828125
31021.05;141845.703125
31021.06;142089.84375
31021.07;141845.703125
31021.08;141601.5625
31021.09;141601.5625
31021.1;141357.421875
31021.11;141357.421875
31021.12;141357.421875
31021.13;141113.28125
31021.14;205566.40625
31021.15;178955.078125
31021.16;136474.609375
31021.17;144042.96875
31021.18;141845.703125
31021.19;142089.84375
31021.2;141601.5625
31021.21;141601.5625
31021.22;141357.421875
31021.23;141357.421875
31021.24;141357.421875
31021.25;141357.421875
31021.26;141357.421875
31021.27;205566.40625
31021.28;178955.078125
31021.29;136474.609375
31021.3;143798.828125
31021.31;141845.703125
31021.32;142089.84375
31021.33;157958.984375
31021.34;227050.78125
31021.35;136718.75
31021.36;144042.96875
31021.37;142333.984375
31021.38;142089.84375
31021.39;142089.84375
31021.4;206054.6875
31021.41;179443.359375
31021.42;136718.75
31021.43;144287.109375
31021.44;142089.84375
31021.45;142089.84375
31021.46;157958.984375
31021.47;227050.78125
31021.48;136718.75
31021.49;144287.109375
31021.5;142333.984375
31021.51;142089.84375
31021.52;142089.84375
31021.53;206054.6875
31021.54;179443.359375
31021.55;136718.75
31021.56;144042.96875
31021.57;142089.84375
31021.58;142089.84375
31021.59;157958.984375
31021.6;227050.78125
31021.61;136718.75
31021.62;144287.109375
31021.63;142333.984375
31021.64;142333.984375
31021.65;142089.84375
31021.66;206054.6875
31021.67;179443.359375
31021.68;136718.75
31021.69;144042.96875
31021.7;142089.84375
31021.71;142089.84375
31021.72;157958.984375
31021.73;227050.78125
31021.74;136718.75
31021.75;144287.109375
31021.76;142333.984375
31021.77;142333.984375
31021.78;141845.703125
31021.79;206298.828125
31021.8;179199.21875
31021.81;136962.890625
31021.82;144042.96875
31021.83;142089.84375
31021.84;142333.984375
31021.85;141845.703125
31021.86;141845.703125
31021.87;141601.5625
31021.88;141601.5625
31021.89;141357.421875
31021.9;141357.421875
31021.91;141357.421875
31021.92;205566.40625
31021.93;178955.078125
31021.94;136474.609375
31021.95;144042.96875
31021.96;141845.703125
31021.97;142089.84375
31021.98;141845.703125
31021.99;141601.5625
31022.0;141357.421875
31022.01;141357.421875
31022.02;141357.421875
31022.03;141357.421875
31022.04;141357.421875
31022.05;205566.40625
31022.06;178955.078125
31022.07;136474.609375
31022.08;143798.828125
31022.09;141845.703125
31022.1;142089.84375
31022.11;141845.703125
31022.12;141601.5625
31022.13;141357.421875
31022.14;141357.421875
31022.15;141357.421875
31022.16;141357.421875
31022.17;141357.421875
31022.18;205810.546875
31022.19;178955.078125
31022.2;136474.609375
31022.21;144042.96875
31022.22;141845.703125
31022.23;141845.703125
31022.24;141845.703125
31022.25;141601.5625
31022.26;141601.5625
31022.27;141357.421875
31022.28;141357.421875
31022.29;141357.421875
31022.3;141357.421875
31022.31;205566.40625
31022.32;178955.078125
31022.33;136474.609375
31022.34;143798.828125
31022.35;141845.703125
31022.36;142089.84375
31022.37;141845.703125
31022.38;141601.5625
31022.39;141601.5625
31022.4;141357.421875
31022.41;141357.421875
31022.42;141357.421875
31022.43;141357.421875
31022.44;205566.40625
31022.45;178955.078125
31022.46;136474.609375
31022.47;144042.96875
31022.48;141845.703125
31022.49;142089.84375
31022.5;141601.5625
31022.51;141601.5625
31022.52;141357.421875
31022.53;141357.421875
31022.54;141357.421875
31022.55;141357.421875
31022.56;141357.421875
31022.57;205566.40625
31022.58;178955.078125
31022.59;136474.609375
31022.6;143798.828125
31022.61;141845.703125
31022.62;142089.84375
31022.63;141845.703125
31022.64;141601.5625
31022.65;141601.5625
31022.66;141357.421875
31022.67;141357.421875
31022.68;141357.421875
31022.69;141357.421875
31022.7;205810.546875
31022.71;178710.9375
31022.72;136474.609375
31022.73;144042.96875
31022.74;141845.703125
31022.75;142089.84375
31022.76;141845.703125
31022.77;141601.5625
31022.78;141357.421875
31022.79;141601.5625
31022.8;141357.421875
31022.81;141357.421875
31022.82;141357.421875
31022.83;141357.421875
31022.84;141113.28125
31022.85;141113.28125
31022.86;141113.28125
31022.87;141113.28125
31022.88;141113.28125
31022.89;141113.28125
31022.9;141113.28125
31022.91;141113.28125
31022.92;141113.28125
31022.93;141113.28125
31022.94;141113.28125
31022.95;141113.28125
31022.96;141113.28125
31022.97;141113.28125
31022.98;141113.28125
31022.99;141113.28125
31023.0;141357.421875
31023.01;141113.28125
31023.02;141113.28125
31023.03;141113.28125
31023.04;141113.28125
31023.05;141113.28125
31023.06;141113.28125
31023.07;141113.28125
31023.08;141113.28125
31023.09;141357.421875
31023.1;141113.28125
31023.11;141113.28125
31023.12;141113.28125
31023.13;141113.28125
31023.14;141113.28125
31023.15;141113.28125
31023.16;141113.28125
31023.17;141113.28125
31023.18;141113.28125
31023.19;141113.28125
31023.2;141113.28125
31023.21;141113.28125
31023.22;141113.28125
31023.23;141113.28125
31023.24;141113.28125
31023.25;141113.28125
31023.26;141113.28125
31023.27;141113.28125
31023.28;141113.28125
31023.29;141357.421875
31023.3;141113.28125
31023.31;141113.28125
31023.32;141113.28125
31023.33;141113.28125
31023.34;141113.28125
31023.35;141113.28125
31023.36;141113.28125
31023.37;141357.421875
31023.38;141113.28125
31023.39;141113.28125
31023.4;141113.28125
31023.41;141113.28125
31023.42;141113.28125
31023.43;141113.28125
31023.44;141113.28125
31023.45;141113.28125
31023.46;141113.28125
31023.47;141113.28125
31023.48;141113.28125
31023.49;141113.28125
31023.5;141113.28125
31023.51;141113.28125
31023.52;141357.421875
31023.53;141113.28125
31023.54;141113.28125
31023.55;141113.28125
31023.56;141113.28125
31023.57;141113.28125
31023.58;141357.421875
31023.59;141113.28125
31023.6;141113.28125
31023.61;141113.28125
31023.62;141113.28125
31023.63;141113.28125
31023.64;141113.28125
31023.65;141357.421875
31023.66;141113.28125
31023.67;141113.28125
31023.68;141357.421875
31023.69;141113.28125
31023.7;141113.28125
31023.71;141113.28125
31023.72;141113.28125
31023.73;141113.28125
31023.74;141113.28125
31023.75;141113.28125
31023.76;141113.28125
31023.77;141113.28125
31023.78;141113.28125
31023.79;141113.28125
31023.8;141357.421875
31023.81;141113.28125
31023.82;141357.421875
31023.83;141113.28125
31023.84;141113.28125
31023.85;141113.28125
31023.86;141113.28125
31023.87;141113.28125
31023.88;141113.28125
31023.89;141357.421875
31023.9;141113.28125
31023.91;141113.28125
31023.92;141357.421875
31023.93;141113.28125
31023.94;141113.28125
31023.95;141113.28125
31023.96;141357.421875
31023.97;141357.421875
31023.98;141113.28125
31023.99;141113.28125
31024.0;141113.28125
31024.01;141113.28125
31024.02;141113.28125
31024.03;141113.28125
31024.04;141113.28125
31024.05;141357.421875
31024.06;141357.421875
31024.07;141113.28125
31024.08;141113.28125
31024.09;141113.28125
31024.1;141113.28125
31024.11;141357.421875
31024.12;141113.28125
31024.13;141357.421875
31024.14;141113.28125
31024.15;141113.28125
31024.16;141113.28125
31024.17;141113.28125
31024.18;141113.28125
31024.19;141113.28125
31024.2;141113.28125
31024.21;141113.28125
31024.22;141113.28125
31024.23;141113.28125
31024.24;141113.28125
31024.25;141113.28125
31024.26;141113.28125
31024.27;141113.28125
31024.28;141113.28125
31024.29;141357.421875
31024.3;141113.28125
31024.31;141113.28125
31024.32;141113.28125
31024.33;141357.421875
31024.34;141113.28125
31024.35;141113.28125
31024.36;141113.28125
31024.37;141113.28125
31024.38;141113.28125
31024.39;141357.421875
31024.4;141113.28125
31024.41;141113.28125
31024.42;141113.28125
31024.43;141113.28125
31024.44;141113.28125
31024.45;141113.28125
31024.46;141113.28125
31024.47;141113.28125
31024.48;141113.28125
31024.49;141357.421875
31024.5;141113.28125
31024.51;141113.28125
31024.52;141113.28125
31024.53;141113.28125
31024.54;141113.28125
31024.55;141113.28125
31024.56;141113.28125
31024.57;141113.28125
31024.58;141113.28125
31024.59;141113.28125
31024.6;141113.28125
31024.61;141113.28125
31024.62;141113.28125
31024.63;141113.28125
31024.64;141357.421875
31024.65;141113.28125
31024.66;141113.28125
31024.67;141113.28125
31024.68;141113.28125
31024.69;141113.28125
31024.7;141113.28125
31024.71;141113.28125
31024.72;141113.28125
31024.73;141113.28125
31024.74;141113.28125
31024.75;141113.28125
31024.76;141113.28125
31024.77;141113.28125
31024.78;141113.28125
31024.79;141113.28125
31024.8;141113.28125
31024.81;141113.28125
31024.82;141113.28125
31024.83;141113.28125
31024.84;141113.28125
31024.85;141113.28125
31024.86;141113.28125
31024.87;141113.28125
31024.88;141113.28125
31024.89;141113.28125
31024.9;141113.28125
31024.91;141113.28125
31024.92;141113.28125
31024.93;141113.28125
31024.94;141113.28125
31024.95;141113.28125
31024.96;141113.28125
31024.97;141113.28125
31024.98;141113.28125
31024.99;141113.28125
31025.0;141113.28125
31025.01;141113.28125
31025.02;141113.28125
31025.03;141113.28125
31025.04;141113.28125
31025.05;141113.28125
31025.06;141113.28125
31025.07;141113.28125
31025.08;141113.28125
31025.09;141113.28125
31025.1;141113.28125
31025.11;141113.28125
31025.12;141113.28125
31025.13;141113.28125
31025.14;141113.28125
31025.15;141113.28125
31025.16;141113.28125
31025.17;141113.28125
31025.18;141113.28125
31025.19;141113.28125
31025.2;141113.28125
31025.21;141113.28125
31025.22;141113.28125
31025.23;141113.28125
31025.24;141113.28125
31025.25;141113.28125
31025.26;141113.28125
31025.27;141113.28125
31025.28;141113.28125
31025.29;141113.28125
31025.3;141113.28125
31025.31;141113.28125
31025.32;141113.28125
31025.33;141113.28125
31025.34;141113.28125
31025.35;141113.28125
31025.36;141113.28125
31025.37;141113.28125
31025.38;141113.28125
31025.39;141113.28125
31025.4;141113.28125
31025.41;141113.28125
31025.42;141113.28125
31025.43;141113.28125
31025.44;141357.421875
31025.45;141113.28125
31025.46;141113.28125
31025.47;141113.28125
31025.48;141113.28125
31025.49;141113.28125
31025.5;141113.28125
31025.51;141113.28125
31025.52;141357.421875
31025.53;141113.28125
31025.54;141113.28125
31025.55;141113.28125
31025.56;141113.28125
31025.57;141113.28125
31025.58;141113.28125
31025.59;141113.28125
31025.6;141113.28125
31025.61;141113.28125
31025.62;141113.28125
31025.63;141113.28125
31025.64;141113.28125
31025.65;141113.28125
31025.66;141113.28125
31025.67;141113.28125
31025.68;141357.421875
31025.69;141113.28125
31025.7;141113.28125
31025.71;141113.28125
31025.72;141113.28125
31025.73;141113.28125
31025.74;141113.28125
31025.75;141113.28125
31025.76;141113.28125
31025.77;141113.28125
31025.78;141113.28125
31025.79;141113.28125
31025.8;141357.421875
31025.81;141113.28125
31025.82;141113.28125
31025.83;141357.421875
31025.84;141113.28125
31025.85;141113.28125
31025.86;141113.28125
31025.87;141113.28125
31025.88;141113.28125
31025.89;141113.28125
31025.9;141113.28125
31025.91;141113.28125
31025.92;141113.28125
31025.93;141113.28125
31025.94;141113.28125
31025.95;141113.28125
31025.96;141113.28125
31025.97;141113.28125
31025.98;141113.28125
31025.99;141113.28125
31026.0;141113.28125
31026.01;141113.28125
31026.02;141113.28125
31026.03;141113.28125
31026.04;141113.28125
31026.05;141113.28125
31026.06;141113.28125
31026.07;141113.28125
31026.08;141113.28125
31026.09;141113.28125
31026.1;141113.28125
31026.11;141113.28125
31026.12;141113.28125
31026.13;141113.28125
31026.14;141113.28125
31026.15;141113.28125
31026.16;141113.28125
31026.17;141113.28125
31026.18;141113.28125
31026.19;141113.28125
31026.2;141113.28125
31026.21;141113.28125
31026.22;141113.28125
31026.23;141113.28125
31026.24;141113.28125
31026.25;141113.28125
31026.26;141113.28125
31026.27;141113.28125
31026.28;141113.28125
31026.29;141113.28125
31026.3;141357.421875
31026.31;141113.28125
31026.32;141113.28125
31026.33;141113.28125
31026.34;141357.421875
31026.35;141113.28125
31026.36;141357.421875
31026.37;141113.28125
31026.38;141113.28125
31026.39;141113.28125
31026.4;141113.28125
31026.41;141113.28125
31026.42;141113.28125
31026.43;141357.421875
31026.44;141113.28125
31026.45;141113.28125
31026.46;141357.421875
31026.47;141113.28125
31026.48;141113.28125
31026.49;141113.28125
31026.5;141113.28125
31026.51;141113.28125
31026.52;141113.28125
31026.53;141113.28125
31026.54;141113.28125
31026.55;141113.28125
31026.56;141113.28125
31026.57;141357.421875
31026.58;141113.28125
31026.59;141113.28125
31026.6;141357.421875
31026.61;141113.28125
31026.62;141113.28125
31026.63;141113.28125
31026.64;141113.28125
31026.65;141113.28125
31026.66;141113.28125
31026.67;141113.28125
31026.68;141113.28125
31026.69;141357.421875
31026.7;141113.28125
31026.71;141113.28125
31026.72;141113.28125
31026.73;141113.28125
31026.74;141113.28125
31026.75;141113.28125
31026.76;141113.28125
31026.77;141357.421875
31026.78;141113.28125
31026.79;141113.28125
31026.8;141113.28125
31026.81;141357.421875
31026.82;141113.28125
31026.83;141113.28125
31026.84;141113.28125
31026.85;141357.421875
31026.86;141113.28125
31026.87;141113.28125
31026.88;141113.28125
31026.89;141357.421875
31026.9;141113.28125
31026.91;141113.28125
31026.92;141113.28125
31026.93;141357.421875
31026.94;141113.28125
31026.95;141113.28125
31026.96;141113.28125
31026.97;141113.28125
31026.98;141113.28125
31026.99;141113.28125
31027.0;141113.28125
31027.01;141113.28125
31027.02;141113.28125
31027.03;141113.28125
31027.04;141113.28125
31027.05;141113.28125
31027.06;141113.28125
31027.07;141113.28125
31027.08;141113.28125
31027.09;141113.28125
31027.1;141113.28125
31027.11;141357.421875
31027.12;141113.28125
31027.13;141113.28125
31027.14;141113.28125
31027.15;141113.28125
31027.16;141113.28125
31027.17;141113.28125
31027.18;141113.28125
31027.19;141113.28125
31027.2;141113.28125
31027.21;141113.28125
31027.22;141357.421875
31027.23;141113.28125
31027.24;141357.421875
31027.25;141357.421875
31027.26;141113.28125
31027.27;141357.421875
31027.28;141113.28125
31027.29;141357.421875
31027.3;141113.28125
31027.31;141113.28125
31027.32;141113.28125
31027.33;141113.28125
31027.34;141357.421875
31027.35;141113.28125
31027.36;141357.421875
31027.37;141113.28125
31027.38;141113.28125
31027.39;141113.28125
31027.4;141113.28125
31027.41;141113.28125
31027.42;141113.28125
31027.43;141113.28125
31027.44;141113.28125
31027.45;141113.28125
31027.46;141113.28125
31027.47;141357.421875
31027.48;141113.28125
31027.49;141357.421875
31027.5;141113.28125
31027.51;141357.421875
31027.52;141113.28125
31027.53;141113.28125
31027.54;141113.28125
31027.55;141357.421875
31027.56;141113.28125
31027.57;141113.28125
31027.58;141113.28125
31027.59;141113.28125
31027.6;141113.28125
31027.61;141113.28125
31027.62;141357.421875
31027.63;141113.28125
31027.64;141113.28125
31027.65;141357.421875
31027.66;141357.421875
31027.67;141113.28125
31027.68;141113.28125
31027.69;141113.28125
31027.7;141113.28125
31027.71;141357.421875
31027.72;141113.28125
31027.73;141357.421875
31027.74;141113.28125
31027.75;141357.421875
31027.76;141357.421875
31027.77;141113.28125
31027.78;141113.28125
31027.79;141113.28125
31027.8;141357.421875
31027.81;141113.28125
31027.82;141113.28125
31027.83;141357.421875
31027.84;141357.421875
31027.85;141113.28125
31027.86;141113.28125
31027.87;141357.421875
31027.88;141113.28125
31027.89;141357.421875
31027.9;141113.28125
31027.91;141113.28125
31027.92;141113.28125
31027.93;141113.28125
31027.94;141113.28125
31027.95;141113.28125
31027.96;141357.421875
31027.97;141113.28125
31027.98;141357.421875
31027.99;141357.421875
31028.0;141113.28125
31028.01;141113.28125
31028.02;141357.421875
31028.03;141357.421875
31028.04;141357.421875
31028.05;141357.421875
31028.06;141113.28125
31028.07;141357.421875
31028.08;141357.421875
31028.09;141357.421875
31028.1;141113.28125
31028.11;141357.421875
31028.12;141113.28125
31028.13;141357.421875
31028.14;141113.28125
31028.15;141113.28125
31028.16;141357.421875
31028.17;141357.421875
31028.18;141357.421875
31028.19;141357.421875
31028.2;141357.421875
31028.21;141113.28125
31028.22;141357.421875
31028.23;141357.421875
31028.24;141113.28125
31028.25;141357.421875
31028.26;141113.28125
31028.27;141357.421875
31028.28;141113.28125
31028.29;141357.421875
31028.3;141113.28125
31028.31;141357.421875
31028.32;141113.28125
31028.33;141113.28125
31028.34;141357.421875
31028.35;141357.421875
31028.36;141357.421875
31028.37;141113.28125
31028.38;141357.421875
31028.39;141357.421875
31028.4;141357.421875
31028.41;141113.28125
31028.42;141357.421875
31028.43;141357.421875
31028.44;141113.28125
31028.45;141113.28125
31028.46;141357.421875
31028.47;141113.28125
31028.48;141113.28125
31028.49;141113.28125
31028.5;141357.421875
31028.51;141113.28125
31028.52;141113.28125
31028.53;141113.28125
31028.54;141357.421875
31028.55;141357.421875
31028.56;141113.28125
31028.57;141113.28125
31028.58;141357.421875
31028.59;141357.421875
31028.6;141113.28125
31028.61;141357.421875
31028.62;141357.421875
31028.63;141113.28125
31028.64;141113.28125
31028.65;141357.421875
31028.66;141113.28125
31028.67;141113.28125
31028.68;141113.28125
31028.69;141113.28125
31028.7;141357.421875
31028.71;141357.421875
31028.72;141113.28125
31028.73;141357.421875
31028.74;141113.28125
31028.75;141113.28125
31028.76;141357.421875
31028.77;141113.28125
31028.78;141113.28125
31028.79;141357.421875
31028.8;141357.421875
31028.81;141357.421875
31028.82;141113.28125
31028.83;141357.421875
31028.84;141357.421875
31028.85;141357.421875
31028.86;141357.421875
31028.87;141357.421875
31028.88;141357.421875
31028.89;141357.421875
31028.9;141357.421875
31028.91;141113.28125
31028.92;141357.421875
31028.93;141357.421875
31028.94;141357.421875
31028.95;141357.421875
31028.96;141113.28125
31028.97;141357.421875
31028.98;141357.421875
31028.99;141357.421875
31029.0;141357.421875
31029.01;141357.421875
31029.02;141357.421875
31029.03;141113.28125
31029.04;141357.421875
31029.05;141357.421875
31029.06;141357.421875
31029.07;141357.421875
31029.08;141357.421875
31029.09;141357.421875
31029.1;141357.421875
31029.11;141113.28125
31029.12;141357.421875
31029.13;141357.421875
31029.14;141357.421875
31029.15;141357.421875
31029.16;141357.421875
31029.17;141357.421875
31029.18;141357.421875
31029.19;141357.421875
31029.2;141357.421875
31029.21;141357.421875
31029.22;141357.421875
31029.23;141357.421875
31029.24;141357.421875
31029.25;141357.421875
31029.26;141357.421875
31029.27;141357.421875
31029.28;141357.421875
31029.29;141357.421875
31029.3;141357.421875
31029.31;141357.421875
31029.32;141357.421875
31029.33;141357.421875
31029.34;141357.421875
31029.35;141357.421875
31029.36;141357.421875
31029.37;141357.421875
31029.38;141357.421875
31029.39;141357.421875
31029.4;141357.421875
31029.41;141357.421875
31029.42;141357.421875
31029.43;141357.421875
31029.44;141357.421875
31029.45;141357.421875
31029.46;141357.421875
31029.47;141357.421875
31029.48;141357.421875
31029.49;141357.421875
31029.5;141357.421875
31029.51;141357.421875
31029.52;141357.421875
31029.53;141357.421875
31029.54;141357.421875
31029.55;141357.421875
31029.56;141357.421875
31029.57;141357.421875
31029.58;141357.421875
31029.59;141357.421875
31029.6;141357.421875
31029.61;141357.421875
31029.62;141357.421875
31029.63;141357.421875
31029.64;141357.421875
31029.65;141357.421875
31029.66;141357.421875
31029.67;141357.421875
31029.68;141357.421875
31029.69;141357.421875
31029.7;141357.421875
31029.71;141357.421875
31029.72;141357.421875
31029.73;141357.421875
31029.74;141357.421875
31029.75;141357.421875
31029.76;141357.421875
31029.77;141357.421875
31029.78;141357.421875
31029.79;141357.421875
31029.8;141357.421875
31029.81;141357.421875
31029.82;141357.421875
31029.83;141357.421875
31029.84;141357.421875
31029.85;141357.421875
31029.86;141357.421875
31029.87;141357.421875
31029.88;141357.421875
31029.89;141357.421875
31029.9;141357.421875
31029.91;141357.421875
31029.92;141357.421875
31029.93;141357.421875
31029.94;141357.421875
31029.95;141357.421875
31029.96;141357.421875
31029.97;141357.421875
31029.98;141357.421875
31029.99;141357.421875
31030.0;141357.421875
31030.01;141357.421875
31030.02;141357.421875
31030.03;141357.421875
31030.04;141357.421875
31030.05;141357.421875
31030.06;141601.5625
31030.07;141357.421875
31030.08;141357.421875
31030.09;141601.5625
31030.1;141357.421875
31030.11;141357.421875
31030.12;141357.421875
31030.13;141357.421875
31030.14;141601.5625
31030.15;141357.421875
31030.16;141601.5625
31030.17;141601.5625
31030.18;141601.5625
31030.19;141357.421875
31030.2;141357.421875
31030.21;141357.421875
31030.22;141357.421875
31030.23;141357.421875
31030.24;141357.421875
31030.25;141357.421875
31030.26;141357.421875
31030.27;141601.5625
31030.28;141357.421875
31030.29;141357.421875
31030.3;141357.421875
31030.31;141357.421875
31030.32;141357.421875
31030.33;141601.5625
31030.34;141357.421875
31030.35;141601.5625
31030.36;141601.5625
31030.37;141601.5625
31030.38;141357.421875
31030.39;141357.421875
31030.4;141601.5625
31030.41;141601.5625
31030.42;141357.421875
31030.43;141601.5625
31030.44;141601.5625
31030.45;141601.5625
31030.46;141357.421875
31030.47;141601.5625
31030.48;141601.5625
31030.49;141601.5625
31030.5;141601.5625
31030.51;141357.421875
31030.52;141357.421875
31030.53;141601.5625
31030.54;141357.421875
31030.55;141601.5625
31030.56;141601.5625
31030.57;141601.5625
31030.58;141601.5625
31030.59;141357.421875
31030.6;141601.5625
31030.61;141601.5625
31030.62;141601.5625
31030.63;141357.421875
31030.64;141601.5625
31030.65;141601.5625
31030.66;141601.5625
31030.67;141601.5625
31030.68;141601.5625
31030.69;141357.421875
31030.7;141601.5625
31030.71;141601.5625
31030.72;141601.5625
31030.73;141601.5625
31030.74;141357.421875
31030.75;141601.5625
31030.76;141601.5625
31030.77;141601.5625
31030.78;141601.5625
31030.79;141357.421875
31030.8;141601.5625
31030.81;141357.421875
31030.82;141601.5625
31030.83;141601.5625
31030.84;141601.5625
31030.85;141601.5625
31030.86;141601.5625
31030.87;141357.421875
31030.88;141601.5625
31030.89;141601.5625
31030.9;141601.5625
31030.91;141601.5625
31030.92;141601.5625
31030.93;141601.5625
31030.94;141601.5625
31030.95;141601.5625
31030.96;141601.5625
31030.97;141601.5625
31030.98;141601.5625
31030.99;141601.5625
31031.0;141601.5625
31031.01;141601.5625
31031.02;141601.5625
31031.03;141601.5625
31031.04;141601.5625
31031.05;141601.5625
31031.06;141601.5625
31031.07;141601.5625
31031.08;141601.5625
31031.09;141601.5625
31031.1;141601.5625
31031.11;141601.5625
31031.12;141601.5625
31031.13;141601.5625
31031.14;141601.5625
31031.15;141601.5625
31031.16;141601.5625
31031.17;141601.5625
31031.18;141357.421875
31031.19;141601.5625
31031.2;141601.5625
31031.21;141601.5625
31031.22;141601.5625
31031.23;141601.5625
31031.24;141601.5625
31031.25;141601.5625
31031.26;141601.5625
31031.27;141601.5625
31031.28;141601.5625
31031.29;141601.5625
31031.3;141601.5625
31031.31;141601.5625
31031.32;141601.5625
31031.33;141601.5625
31031.34;141601.5625
31031.35;141601.5625
31031.36;141601.5625
31031.37;141601.5625
31031.38;141601.5625
31031.39;141601.5625
31031.4;141601.5625
31031.41;141601.5625
31031.42;141601.5625
31031.43;141601.5625
31031.44;141601.5625
31031.45;141601.5625
31031.46;141601.5625
31031.47;141601.5625
31031.48;141601.5625
31031.49;141601.5625
31031.5;141601.5625
31031.51;141601.5625
31031.52;141601.5625
31031.53;141601.5625
31031.54;141601.5625
31031.55;141601.5625
31031.56;141601.5625
31031.57;141601.5625
31031.58;141601.5625
31031.59;141601.5625
31031.6;141601.5625
31031.61;141601.5625
31031.62;141601.5625
31031.63;141601.5625
31031.64;141601.5625
31031.65;141601.5625
31031.66;141845.703125
31031.67;141601.5625
31031.68;141601.5625
31031.69;141601.5625
31031.7;141601.5625
31031.71;141601.5625
31031.72;141601.5625
31031.73;141601.5625
31031.74;141601.5625
31031.75;141601.5625
31031.76;141601.5625
31031.77;141601.5625
31031.78;141601.5625
31031.79;141601.5625
31031.8;141601.5625
31031.81;141601.5625
31031.82;141601.5625
31031.83;141601.5625
31031.84;141845.703125
31031.85;141601.5625
31031.86;141601.5625
31031.87;141601.5625
31031.88;141601.5625
31031.89;141601.5625
31031.9;141601.5625
31031.91;141601.5625
31031.92;141601.5625
31031.93;141601.5625
31031.94;141601.5625
31031.95;141601.5625
31031.96;141601.5625
31031.97;141601.5625
31031.98;141601.5625
31031.99;141845.703125
31032.0;141601.5625
31032.01;141601.5625
31032.02;141601.5625
31032.03;141601.5625
31032.04;141601.5625
31032.05;141601.5625
31032.06;141601.5625
31032.07;141601.5625
31032.08;141601.5625
31032.09;141601.5625
31032.1;141601.5625
31032.11;141601.5625
31032.12;141601.5625
31032.13;141601.5625
31032.14;141601.5625
31032.15;141601.5625
31032.16;141601.5625
31032.17;141601.5625
31032.18;141601.5625
31032.19;141601.5625
31032.2;141601.5625
31032.21;141601.5625
31032.22;141601.5625
31032.23;141601.5625
31032.24;141601.5625
31032.25;141601.5625
31032.26;141601.5625
31032.27;141601.5625
31032.28;141601.5625
31032.29;141601.5625
31032.3;141601.5625
31032.31;141601.5625
31032.32;141601.5625
31032.33;141601.5625
31032.34;141601.5625
31032.35;141601.5625
31032.36;141601.5625
31032.37;141601.5625
31032.38;141601.5625
31032.39;141601.5625
31032.4;141601.5625
31032.41;141601.5625
31032.42;141601.5625
31032.43;141601.5625
31032.44;141601.5625
31032.45;141601.5625
31032.46;141601.5625
31032.47;141601.5625
31032.48;141601.5625
31032.49;141601.5625
31032.5;141601.5625
31032.51;141601.5625
31032.52;141601.5625
31032.53;141601.5625
31032.54;141601.5625
31032.55;141601.5625
31032.56;141601.5625
31032.57;141601.5625
31032.58;141601.5625
31032.59;141601.5625
31032.6;141601.5625
31032.61;141601.5625
31032.62;141601.5625
31032.63;141601.5625
31032.64;141601.5625
31032.65;141601.5625
31032.66;141601.5625
31032.67;141601.5625
31032.68;141601.5625
31032.69;141601.5625
31032.7;141601.5625
31032.71;141601.5625
31032.72;141601.5625
31032.73;141601.5625
31032.74;141601.5625
31032.75;141601.5625
31032.76;141601.5625
31032.77;141601.5625
31032.78;141601.5625
31032.79;141601.5625
31032.8;141601.5625
31032.81;141601.5625
31032.82;141601.5625
31032.83;141601.5625
31032.84;141601.5625
31032.85;141601.5625
31032.86;141601.5625
31032.87;141601.5625
31032.88;141601.5625
31032.89;141601.5625
31032.9;141601.5625
31032.91;141601.5625
31032.92;141601.5625
31032.93;141601.5625
31032.94;141601.5625
31032.95;141601.5625
31032.96;141601.5625
31032.97;141601.5625
31032.98;141601.5625
31032.99;141601.5625
31033.0;141601.5625
31033.01;141601.5625
31033.02;141601.5625
31033.03;141601.5625
31033.04;141601.5625
31033.05;141601.5625
31033.06;141601.5625
31033.07;141601.5625
31033.08;141601.5625
31033.09;141601.5625
31033.1;141601.5625
31033.11;141601.5625
31033.12;141601.5625
31033.13;141601.5625
31033.14;141601.5625
31033.15;141601.5625
31033.16;141601.5625
31033.17;141601.5625
31033.18;141601.5625
31033.19;141601.5625
31033.2;141601.5625
31033.21;141601.5625
31033.22;141601.5625
31033.23;141601.5625
31033.24;141601.5625
31033.25;141601.5625
31033.26;141601.5625
31033.27;141601.5625
31033.28;141601.5625
31033.29;141845.703125
31033.3;141601.5625
31033.31;141601.5625
31033.32;141601.5625
31033.33;141601.5625
31033.34;141601.5625
31033.35;141601.5625
31033.36;141601.5625
31033.37;141601.5625
31033.38;141601.5625
31033.39;141601.5625
31033.4;141601.5625
31033.41;141601.5625
31033.42;141601.5625
31033.43;141601.5625
31033.44;141601.5625
31033.45;141601.5625
31033.46;141601.5625
31033.47;141601.5625
31033.48;141601.5625
31033.49;141601.5625
31033.5;141601.5625
31033.51;141601.5625
31033.52;141601.5625
31033.53;141601.5625
31033.54;141601.5625
31033.55;141601.5625
31033.56;141601.5625
31033.57;141601.5625
31033.58;141601.5625
31033.59;141601.5625
31033.6;141601.5625
31033.61;141601.5625
31033.62;141601.5625
31033.63;141601.5625
31033.64;141601.5625
31033.65;141601.5625
31033.66;141601.5625
31033.67;141601.5625
31033.68;141601.5625
31033.69;141601.5625
31033.7;141601.5625
31033.71;141601.5625
31033.72;141601.5625
31033.73;141601.5625
31033.74;141601.5625
31033.75;141601.5625
31033.76;141601.5625
31033.77;141601.5625
31033.78;141601.5625
31033.79;141601.5625
31033.8;141601.5625
31033.81;141601.5625
31033.82;141601.5625
31033.83;141601.5625
31033.84;141601.5625
31033.85;141601.5625
31033.86;141601.5625
31033.87;141601.5625
31033.88;141601.5625
31033.89;141601.5625
31033.9;141601.5625
31033.91;141601.5625
31033.92;141601.5625
31033.93;141601.5625
31033.94;141601.5625
31033.95;141601.5625
31033.96;141601.5625
31033.97;141601.5625
31033.98;141601.5625
31033.99;141601.5625
31034.0;141601.5625
31034.01;141601.5625
31034.02;141601.5625
31034.03;141601.5625
31034.04;141601.5625
31034.05;141601.5625
31034.06;141601.5625
31034.07;141601.5625
31034.08;141601.5625
31034.09;141601.5625
31034.1;141601.5625
31034.11;141601.5625
31034.12;141601.5625
31034.13;141601.5625
31034.14;141601.5625
31034.15;141601.5625
31034.16;141601.5625
31034.17;141601.5625
31034.18;141601.5625
31034.19;141601.5625
31034.2;141601.5625
31034.21;141601.5625
31034.22;141601.5625
31034.23;141601.5625
31034.24;141601.5625
31034.25;141601.5625
31034.26;141601.5625
31034.27;141601.5625
31034.28;141601.5625
31034.29;141601.5625
31034.3;141601.5625
31034.31;141601.5625
31034.32;141601.5625
31034.33;141601.5625
31034.34;141601.5625
31034.35;141601.5625
31034.36;141601.5625
31034.37;141601.5625
31034.38;141601.5625
31034.39;141601.5625
31034.4;141601.5625
31034.41;141601.5625
31034.42;141601.5625
31034.43;141601.5625
31034.44;141601.5625
31034.45;141601.5625
31034.46;141601.5625
31034.47;141601.5625
31034.48;141601.5625
31034.49;141601.5625
31034.5;141601.5625
31034.51;141601.5625
31034.52;141601.5625
31034.53;141601.5625
31034.54;141601.5625
31034.55;141601.5625
31034.56;141601.5625
31034.57;141601.5625
31034.58;141601.5625
31034.59;141601.5625
31034.6;141601.5625
31034.61;141601.5625
31034.62;141601.5625
31034.63;141601.5625
31034.64;141601.5625
31034.65;141601.5625
31034.66;141601.5625
31034.67;141601.5625
31034.68;141601.5625
31034.69;141601.5625
31034.7;141845.703125
31034.71;141601.5625
31034.72;141601.5625
31034.73;141601.5625
31034.74;141601.5625
31034.75;141601.5625
31034.76;141601.5625
31034.77;141601.5625
31034.78;141601.5625
31034.79;141601.5625
31034.8;141601.5625
31034.81;141601.5625
31034.82;141601.5625
31034.83;141601.5625
31034.84;141601.5625
31034.85;141601.5625
31034.86;141601.5625
31034.87;141601.5625
31034.88;141601.5625
31034.89;141601.5625
31034.9;141601.5625
31034.91;141601.5625
31034.92;141601.5625
31034.93;141601.5625
31034.94;141601.5625
31034.95;141601.5625
31034.96;141601.5625
31034.97;141601.5625
31034.98;141601.5625
31034.99;141601.5625
31035.0;141601.5625
31035.01;141601.5625
31035.02;141601.5625
31035.03;141601.5625
31035.04;141601.5625
31035.05;141601.5625
31035.06;141601.5625
31035.07;141601.5625
31035.08;141601.5625
31035.09;141601.5625
31035.1;141601.5625
31035.11;141601.5625
31035.12;141601.5625
31035.13;141601.5625
31035.14;141601.5625
31035.15;141601.5625
31035.16;141601.5625
31035.17;141601.5625
31035.18;141601.5625
31035.19;141601.5625
31035.2;141601.5625
31035.21;141601.5625
31035.22;141601.5625
31035.23;141601.5625
31035.24;141601.5625
31035.25;141601.5625
31035.26;141601.5625
31035.27;141601.5625
31035.28;141601.5625
31035.29;141601.5625
31035.3;141601.5625
31035.31;141601.5625
31035.32;141601.5625
31035.33;141601.5625
31035.34;141601.5625
31035.35;141601.5625
31035.36;141601.5625
31035.37;141601.5625
31035.38;141601.5625
31035.39;141601.5625
31035.4;141601.5625
31035.41;141601.5625
31035.42;141601.5625
31035.43;141601.5625
31035.44;141601.5625
31035.45;141601.5625
31035.46;141601.5625
31035.47;141601.5625
31035.48;141601.5625
31035.49;141601.5625
31035.5;141601.5625
31035.51;141601.5625
31035.52;141601.5625
31035.53;141601.5625
31035.54;141601.5625
31035.55;141601.5625
31035.56;141601.5625
31035.57;141601.5625
31035.58;141601.5625
31035.59;141601.5625
31035.6;141601.5625
31035.61;141601.5625
31035.62;141601.5625
31035.63;141601.5625
31035.64;141601.5625
31035.65;141601.5625
31035.66;141601.5625
31035.67;141601.5625
31035.68;141601.5625
31035.69;141601.5625
31035.7;141601.5625
31035.71;141601.5625
31035.72;141601.5625
31035.73;141601.5625
31035.74;141601.5625
31035.75;141601.5625
31035.76;141601.5625
31035.77;141601.5625
31035.78;141601.5625
31035.79;141601.5625
31035.8;141601.5625
31035.81;141601.5625
31035.82;141601.5625
31035.83;141601.5625
31035.84;141601.5625
31035.85;141601.5625
31035.86;141601.5625
31035.87;141601.5625
31035.88;141601.5625
31035.89;141601.5625
31035.9;141601.5625
31035.91;141601.5625
31035.92;141601.5625
31035.93;141601.5625
31035.94;141601.5625
31035.95;141601.5625
31035.96;141601.5625
31035.97;141601.5625
31035.98;141601.5625
31035.99;141601.5625
31036.0;141601.5625
31036.01;141601.5625
31036.02;141601.5625
31036.03;141601.5625
31036.04;141601.5625
31036.05;141601.5625
31036.06;141601.5625
31036.07;141601.5625
31036.08;141601.5625
31036.09;141601.5625
31036.1;141601.5625
31036.11;141601.5625
31036.12;141601.5625
31036.13;141601.5625
31036.14;141601.5625
31036.15;141601.5625
31036.16;141601.5625
31036.17;141601.5625
31036.18;141601.5625
31036.19;141601.5625
31036.2;141601.5625
31036.21;141601.5625
31036.22;141601.5625
31036.23;141601.5625
31036.24;141601.5625
31036.25;141601.5625
31036.26;141601.5625
31036.27;141601.5625
31036.28;141601.5625
31036.29;141601.5625
31036.3;141601.5625
31036.31;141601.5625
31036.32;141601.5625
31036.33;141601.5625
31036.34;141601.5625
31036.35;141601.5625
31036.36;141601.5625
31036.37;141601.5625
31036.38;141601.5625
31036.39;141601.5625
31036.4;141601.5625
31036.41;141357.421875
31036.42;141601.5625
31036.43;141601.5625
31036.44;141601.5625
31036.45;141601.5625
31036.46;141601.5625
31036.47;141601.5625
31036.48;141601.5625
31036.49;141601.5625
31036.5;141601.5625
31036.51;141601.5625
31036.52;141601.5625
31036.53;141601.5625
31036.54;141601.5625
31036.55;141601.5625
31036.56;141601.5625
31036.57;141601.5625
31036.58;141601.5625
31036.59;141601.5625
31036.6;141601.5625
31036.61;141601.5625
31036.62;141601.5625
31036.63;141601.5625
31036.64;141601.5625
31036.65;141357.421875
31036.66;141601.5625
31036.67;141601.5625
31036.68;141601.5625
31036.69;141601.5625
31036.7;141601.5625
31036.71;141601.5625
31036.72;141601.5625
31036.73;141601.5625
31036.74;141601.5625
31036.75;141601.5625
31036.76;141601.5625
31036.77;141601.5625
31036.78;141601.5625
31036.79;141601.5625
31036.8;141601.5625
31036.81;141601.5625
31036.82;141357.421875
31036.83;141601.5625
31036.84;141601.5625
31036.85;141601.5625
31036.86;141601.5625
31036.87;141357.421875
31036.88;141601.5625
31036.89;141601.5625
31036.9;141601.5625
31036.91;141601.5625
31036.92;141601.5625
31036.93;141601.5625
31036.94;141601.5625
31036.95;141601.5625
31036.96;141601.5625
31036.97;141601.5625
31036.98;141601.5625
31036.99;141601.5625
31037.0;141357.421875
31037.01;141357.421875
31037.02;141601.5625
31037.03;141357.421875
31037.04;141357.421875
31037.05;141601.5625
31037.06;141601.5625
31037.07;141601.5625
31037.08;141601.5625
31037.09;141601.5625
31037.1;141601.5625
31037.11;141601.5625
31037.12;141601.5625
31037.13;141601.5625
31037.14;141601.5625
31037.15;141601.5625
31037.16;141601.5625
31037.17;141357.421875
31037.18;141357.421875
31037.19;141601.5625
31037.2;141601.5625
31037.21;141601.5625
31037.22;141601.5625
31037.23;141601.5625
31037.24;141601.5625
31037.25;141601.5625
31037.26;141601.5625
31037.27;141357.421875
31037.28;141601.5625
31037.29;141601.5625
31037.3;141601.5625
31037.31;141601.5625
31037.32;141357.421875
31037.33;141601.5625
31037.34;141601.5625
31037.35;141601.5625
31037.36;141357.421875
31037.37;141601.5625
31037.38;141601.5625
31037.39;141601.5625
31037.4;141357.421875
31037.41;141601.5625
31037.42;141601.5625
31037.43;141601.5625
31037.44;141357.421875
31037.45;141601.5625
31037.46;141601.5625
31037.47;141357.421875
31037.48;141601.5625
31037.49;141601.5625
31037.5;141601.5625
31037.51;141601.5625
31037.52;141357.421875
31037.53;141357.421875
31037.54;141357.421875
31037.55;141601.5625
31037.56;141357.421875
31037.57;141357.421875
31037.58;141357.421875
31037.59;141357.421875
31037.6;141357.421875
31037.61;141357.421875
31037.62;141357.421875
31037.63;141357.421875
31037.64;141601.5625
31037.65;141357.421875
31037.66;141601.5625
31037.67;141357.421875
31037.68;141357.421875
31037.69;141601.5625
31037.7;141357.421875
31037.71;141357.421875
31037.72;141357.421875
31037.73;141357.421875
31037.74;141357.421875
31037.75;141357.421875
31037.76;141357.421875
31037.77;141357.421875
31037.78;141601.5625
31037.79;141357.421875
31037.8;141357.421875
31037.81;141357.421875
31037.82;141357.421875
31037.83;141357.421875
31037.84;141357.421875
31037.85;141357.421875
31037.86;141357.421875
31037.87;141357.421875
31037.88;141357.421875
31037.89;141357.421875
31037.9;141357.421875
31037.91;141357.421875
31037.92;141357.421875
31037.93;141357.421875
31037.94;141357.421875
31037.95;141357.421875
31037.96;141357.421875
31037.97;141357.421875
31037.98;141357.421875
31037.99;141357.421875
31038.0;141357.421875
31038.01;141357.421875
31038.02;141357.421875
31038.03;141357.421875
31038.04;141357.421875
31038.05;141357.421875
31038.06;141357.421875
31038.07;141357.421875
31038.08;141357.421875
31038.09;141357.421875
31038.1;141357.421875
31038.11;141357.421875
31038.12;141357.421875
31038.13;141357.421875
31038.14;141357.421875
31038.15;141357.421875
31038.16;141357.421875
31038.17;141357.421875
31038.18;141357.421875
31038.19;141357.421875
31038.2;141357.421875
31038.21;141357.421875
31038.22;141357.421875
31038.23;141357.421875
31038.24;141357.421875
31038.25;141357.421875
31038.26;141357.421875
31038.27;141357.421875
31038.28;141357.421875
31038.29;141357.421875
31038.3;141357.421875
31038.31;141357.421875
31038.32;141357.421875
31038.33;141357.421875
31038.34;141357.421875
31038.35;141357.421875
31038.36;141357.421875
31038.37;141357.421875
31038.38;141357.421875
31038.39;141357.421875
31038.4;141357.421875
31038.41;141357.421875
31038.42;141357.421875
31038.43;141357.421875
31038.44;141357.421875
31038.45;141357.421875
31038.46;141357.421875
31038.47;141357.421875
31038.48;141357.421875
31038.49;141357.421875
31038.5;141357.421875
31038.51;141357.421875
31038.52;141357.421875
31038.53;141357.421875
31038.54;141357.421875
31038.55;141357.421875
31038.56;141357.421875
31038.57;141357.421875
31038.58;141357.421875
31038.59;141357.421875
31038.6;141357.421875
31038.61;141357.421875
31038.62;206298.828125
31038.63;177246.09375
31038.64;136962.890625
31038.65;144042.96875
31038.66;141845.703125
31038.67;142089.84375
31038.68;159179.6875
31038.69;226562.5
31038.7;136230.46875
31038.71;144531.25
31038.72;142333.984375
31038.73;142333.984375
31038.74;142089.84375
31038.75;208007.8125
31038.76;177490.234375
31038.77;137207.03125
31038.78;144287.109375
31038.79;142333.984375
31038.8;142333.984375
31038.81;142089.84375
31038.82;141845.703125
31038.83;141845.703125
31038.84;141601.5625
31038.85;141601.5625
31038.86;141357.421875
31038.87;141601.5625
31038.88;207519.53125
31038.89;177001.953125
31038.9;136962.890625
31038.91;143798.828125
31038.92;142089.84375
31038.93;142333.984375
31038.94;141845.703125
31038.95;141845.703125
31038.96;141601.5625
31038.97;141601.5625
31038.98;141357.421875
31038.99;141357.421875
31039.0;141357.421875
31039.01;207519.53125
31039.02;177001.953125
31039.03;136962.890625
31039.04;143798.828125
31039.05;142089.84375
31039.06;142089.84375
31039.07;141845.703125
31039.08;141601.5625
31039.09;141601.5625
31039.1;141601.5625
31039.11;141357.421875
31039.12;141357.421875
31039.13;141357.421875
31039.14;207519.53125
31039.15;177001.953125
31039.16;136962.890625
31039.17;144042.96875
31039.18;142089.84375
31039.19;142089.84375
31039.2;141845.703125
31039.21;141601.5625
31039.22;141601.5625
31039.23;141601.5625
31039.24;141357.421875
31039.25;141357.421875
31039.26;141357.421875
31039.27;207519.53125
31039.28;177001.953125
31039.29;136718.75
31039.3;144042.96875
31039.31;142089.84375
31039.32;142089.84375
31039.33;159179.6875
31039.34;226562.5
31039.35;136230.46875
31039.36;144287.109375
31039.37;142333.984375
31039.38;142333.984375
31039.39;142089.84375
31039.4;208007.8125
31039.41;177490.234375
31039.42;137207.03125
31039.43;144287.109375
31039.44;142089.84375
31039.45;142333.984375
31039.46;159423.828125
31039.47;226562.5
31039.48;136230.46875
31039.49;144531.25
31039.5;142333.984375
31039.51;142333.984375
31039.52;142089.84375
31039.53;208007.8125
31039.54;177490.234375
31039.55;137207.03125
31039.56;144287.109375
31039.57;142089.84375
31039.58;142333.984375
31039.59;159423.828125
31039.6;226318.359375
31039.61;136230.46875
31039.62;144531.25
31039.63;142333.984375
31039.64;142333.984375
31039.65;142089.84375
31039.66;208251.953125
31039.67;177490.234375
31039.68;137207.03125
31039.69;144287.109375
31039.7;142333.984375
31039.71;142333.984375
31039.72;159423.828125
31039.73;226562.5
31039.74;136230.46875
31039.75;144531.25
31039.76;142333.984375
31039.77;142333.984375
31039.78;142089.84375
31039.79;208251.953125
31039.8;177490.234375
31039.81;137207.03125
31039.82;144287.109375
31039.83;142089.84375
31039.84;142333.984375
31039.85;141845.703125
31039.86;141845.703125
31039.87;141601.5625
31039.88;141601.5625
31039.89;141601.5625
31039.9;141357.421875
31039.91;141357.421875
31039.92;207519.53125
31039.93;177001.953125
31039.94;136718.75
31039.95;144042.96875
31039.96;142089.84375
31039.97;142089.84375
31039.98;141845.703125
31039.99;141601.5625
31040.0;141357.421875
31040.01;141601.5625
31040.02;141357.421875
31040.03;141357.421875
31040.04;141357.421875
31040.05;207519.53125
31040.06;177001.953125
31040.07;136962.890625
31040.08;143798.828125
31040.09;142089.84375
31040.1;142089.84375
31040.11;141845.703125
31040.12;141601.5625
31040.13;141601.5625
31040.14;141601.5625
31040.15;141357.421875
31040.16;141601.5625
31040.17;141357.421875
31040.18;207519.53125
31040.19;177001.953125
31040.2;136718.75
31040.21;144042.96875
31040.22;142089.84375
31040.23;142089.84375
31040.24;141845.703125
31040.25;141601.5625
31040.26;141601.5625
31040.27;141357.421875
31040.28;141357.421875
31040.29;141357.421875
31040.3;141357.421875
31040.31;207519.53125
31040.32;177001.953125
31040.33;136962.890625
31040.34;144042.96875
31040.35;141845.703125
31040.36;142089.84375
31040.37;141845.703125
31040.38;141601.5625
31040.39;141601.5625
31040.4;141357.421875
31040.41;141357.421875
31040.42;141357.421875
31040.43;141357.421875
31040.44;207519.53125
31040.45;177001.953125
31040.46;136962.890625
31040.47;143798.828125
31040.48;141845.703125
31040.49;142089.84375
31040.5;141601.5625
31040.51;141601.5625
31040.52;141601.5625
31040.53;141357.421875
31040.54;141357.421875
31040.55;141357.421875
31040.56;141357.421875
31040.57;207519.53125
31040.58;176757.8125
31040.59;136962.890625
31040.6;143798.828125
31040.61;141845.703125
31040.62;142089.84375
31040.63;141845.703125
31040.64;141601.5625
31040.65;141601.5625
31040.66;141357.421875
31040.67;141357.421875
31040.68;141357.421875
31040.69;141357.421875
31040.7;207519.53125
31040.71;176757.8125
31040.72;136962.890625
31040.73;143798.828125
31040.74;141845.703125
31040.75;142089.84375
31040.76;141601.5625
31040.77;141601.5625
31040.78;141601.5625
31040.79;141601.5625
31040.8;141357.421875
31040.81;141357.421875
31040.82;141357.421875
31040.83;141357.421875
31040.84;141113.28125
31040.85;141357.421875
31040.86;141357.421875
31040.87;141357.421875
31040.88;141113.28125
31040.89;141113.28125
31040.9;141357.421875
31040.91;141113.28125
31040.92;141113.28125
31040.93;141113.28125
31040.94;141113.28125
31040.95;141113.28125
31040.96;141113.28125
31040.97;141113.28125
31040.98;141113.28125
31040.99;141113.28125
31041.0;141357.421875
31041.01;141113.28125
31041.02;141113.28125
31041.03;141113.28125
31041.04;141113.28125
31041.05;141113.28125
31041.06;141113.28125
31041.07;141113.28125
31041.08;141113.28125
31041.09;141113.28125
31041.1;141357.421875
31041.11;141113.28125
31041.12;141113.28125
31041.13;141113.28125
31041.14;141113.28125
31041.15;141113.28125
31041.16;141113.28125
31041.17;141113.28125
31041.18;141113.28125
31041.19;141357.421875
31041.2;141113.28125
31041.21;141113.28125
31041.22;141113.28125
31041.23;141113.28125
31041.24;141113.28125
31041.25;141113.28125
31041.26;141113.28125
31041.27;141113.28125
31041.28;141113.28125
31041.29;141113.28125
31041.3;141113.28125
31041.31;141113.28125
31041.32;141113.28125
31041.33;141113.28125
31041.34;141113.28125
31041.35;141113.28125
31041.36;141113.28125
31041.37;141113.28125
31041.38;141113.28125
31041.39;141113.28125
31041.4;141113.28125
31041.41;141357.421875
31041.42;141357.421875
31041.43;141357.421875
31041.44;141113.28125
31041.45;141113.28125
31041.46;141113.28125
31041.47;141113.28125
31041.48;141113.28125
31041.49;141113.28125
31041.5;141113.28125
31041.51;141357.421875
31041.52;141113.28125
31041.53;141113.28125
31041.54;141113.28125
31041.55;141113.28125
31041.56;141357.421875
31041.57;141113.28125
31041.58;141113.28125
31041.59;141113.28125
31041.6;141357.421875
31041.61;141113.28125
31041.62;141113.28125
31041.63;141357.421875
31041.64;141113.28125
31041.65;141357.421875
31041.66;141113.28125
31041.67;141113.28125
31041.68;141113.28125
31041.69;141113.28125
31041.7;141113.28125
31041.71;141357.421875
31041.72;141113.28125
31041.73;141113.28125
31041.74;141357.421875
31041.75;141113.28125
31041.76;141113.28125
31041.77;141113.28125
31041.78;141357.421875
31041.79;141113.28125
31041.8;141113.28125
31041.81;141113.28125
31041.82;141357.421875
31041.83;141113.28125
31041.84;141113.28125
31041.85;141113.28125
31041.86;141357.421875
31041.87;141113.28125
31041.88;141113.28125
31041.89;141113.28125
31041.9;141357.421875
31041.91;141113.28125
31041.92;141113.28125
31041.93;141113.28125
31041.94;141113.28125
31041.95;141357.421875
31041.96;141113.28125
31041.97;141113.28125
31041.98;141357.421875
31041.99;141113.28125
31042.0;141113.28125
31042.01;141113.28125
31042.02;141357.421875
31042.03;141113.28125
31042.04;141113.28125
31042.05;141357.421875
31042.06;141357.421875
31042.07;141357.421875
31042.08;141113.28125
31042.09;141113.28125
31042.1;141357.421875
31042.11;141113.28125
31042.12;141113.28125
31042.13;141113.28125
31042.14;141113.28125
31042.15;141113.28125
31042.16;141113.28125
31042.17;141357.421875
31042.18;141113.28125
31042.19;141357.421875
31042.2;141113.28125
31042.21;141113.28125
31042.22;141113.28125
31042.23;141113.28125
31042.24;141113.28125
31042.25;141113.28125
31042.26;141113.28125
31042.27;141357.421875
31042.28;141113.28125
31042.29;141357.421875
31042.3;141113.28125
31042.31;141113.28125
31042.32;141113.28125
31042.33;141357.421875
31042.34;141113.28125
31042.35;141113.28125
31042.36;141113.28125
31042.37;141113.28125
31042.38;141113.28125
31042.39;141113.28125
31042.4;141357.421875
31042.41;141113.28125
31042.42;141113.28125
31042.43;141113.28125
31042.44;141113.28125
31042.45;141113.28125
31042.46;141113.28125
31042.47;141113.28125
31042.48;141113.28125
31042.49;141357.421875
31042.5;141113.28125
31042.51;141357.421875
31042.52;141113.28125
31042.53;141113.28125
31042.54;141357.421875
31042.55;141113.28125
31042.56;141113.28125
31042.57;141357.421875
31042.58;141113.28125
31042.59;141357.421875
31042.6;141113.28125
31042.61;141357.421875
31042.62;141113.28125
31042.63;141357.421875
31042.64;141113.28125
31042.65;141113.28125
31042.66;141113.28125
31042.67;141357.421875
31042.68;141113.28125
31042.69;141357.421875
31042.7;141113.28125
31042.71;141113.28125
31042.72;141113.28125
31042.73;141357.421875
31042.74;141113.28125
31042.75;141357.421875
31042.76;141113.28125
31042.77;141113.28125
31042.78;141113.28125
31042.79;141113.28125
31042.8;141113.28125
31042.81;141113.28125
31042.82;141113.28125
31042.83;141357.421875
31042.84;141357.421875
31042.85;141113.28125
31042.86;141357.421875
31042.87;141113.28125
31042.88;141357.421875
31042.89;141113.28125
31042.9;141357.421875
31042.91;141113.28125
31042.92;141357.421875
31042.93;141113.28125
31042.94;141357.421875
31042.95;141357.421875
31042.96;141113.28125
31042.97;141357.421875
31042.98;141113.28125
31042.99;141357.421875
31043.0;141113.28125
31043.01;141357.421875
31043.02;141113.28125
31043.03;141357.421875
31043.04;141113.28125
31043.05;141113.28125
31043.06;141113.28125
31043.07;141113.28125
31043.08;141113.28125
31043.09;141113.28125
31043.1;141113.28125
31043.11;141113.28125
31043.12;141113.28125
31043.13;141357.421875
31043.14;141113.28125
31043.15;141357.421875
31043.16;141113.28125
31043.17;141357.421875
31043.18;141113.28125
31043.19;141357.421875
31043.2;141357.421875
31043.21;141113.28125
31043.22;141357.421875
31043.23;141113.28125
31043.24;141113.28125
31043.25;141357.421875
31043.26;141113.28125
31043.27;141113.28125
31043.28;141357.421875
31043.29;141113.28125
31043.3;141357.421875
31043.31;141113.28125
31043.32;141357.421875
31043.33;141113.28125
31043.34;141113.28125
31043.35;141113.28125
31043.36;141113.28125
31043.37;141357.421875
31043.38;141113.28125
31043.39;141113.28125
31043.4;141113.28125
31043.41;141357.421875
31043.42;141113.28125
31043.43;141357.421875
31043.44;141113.28125
31043.45;141357.421875
31043.46;141357.421875
31043.47;141113.28125
31043.48;141113.28125
31043.49;141357.421875
31043.5;141113.28125
31043.51;141357.421875
31043.52;141357.421875
31043.53;141113.28125
31043.54;141113.28125
31043.55;141357.421875
31043.56;141357.421875
31043.57;141357.421875
31043.58;141113.28125
31043.59;141357.421875
31043.6;141113.28125
31043.61;141357.421875
31043.62;141357.421875
31043.63;141113.28125
31043.64;141357.421875
31043.65;141113.28125
31043.66;141357.421875
31043.67;141113.28125
31043.68;141113.28125
31043.69;141113.28125
31043.7;141113.28125
31043.71;141113.28125
31043.72;141357.421875
31043.73;141357.421875
31043.74;141357.421875
31043.75;141357.421875
31043.76;141357.421875
31043.77;141357.421875
31043.78;141357.421875
31043.79;141357.421875
31043.8;141113.28125
31043.81;141357.421875
31043.82;141113.28125
31043.83;141357.421875
31043.84;141113.28125
31043.85;141113.28125
31043.86;141113.28125
31043.87;141113.28125
31043.88;141357.421875
31043.89;141357.421875
31043.9;141113.28125
31043.91;141357.421875
31043.92;141357.421875
31043.93;141113.28125
31043.94;141113.28125
31043.95;141357.421875
31043.96;141113.28125
31043.97;141113.28125
31043.98;141357.421875
31043.99;141113.28125
31044.0;141357.421875
31044.01;141113.28125
31044.02;141113.28125
31044.03;141357.421875
31044.04;141357.421875
31044.05;141357.421875
31044.06;141357.421875
31044.07;141357.421875
31044.08;141113.28125
31044.09;141113.28125
31044.1;141357.421875
31044.11;141357.421875
31044.12;141113.28125
31044.13;141113.28125
31044.14;141357.421875
31044.15;141113.28125
31044.16;141113.28125
31044.17;141357.421875
31044.18;141357.421875
31044.19;141113.28125
31044.2;141357.421875
31044.21;141357.421875
31044.22;141357.421875
31044.23;141113.28125
31044.24;141357.421875
31044.25;141113.28125
31044.26;141113.28125
31044.27;141113.28125
31044.28;141113.28125
31044.29;141113.28125
31044.3;141113.28125
31044.31;141357.421875
31044.32;141357.421875
31044.33;141357.421875
31044.34;141113.28125
31044.35;141357.421875
31044.36;141357.421875
31044.37;141357.421875
31044.38;141113.28125
31044.39;141357.421875
31044.4;141113.28125
31044.41;141113.28125
31044.42;141113.28125
31044.43;141113.28125
31044.44;141113.28125
31044.45;141113.28125
31044.46;141113.28125
31044.47;141113.28125
31044.48;141113.28125
31044.49;141113.28125
31044.5;141113.28125
31044.51;141113.28125
31044.52;141113.28125
31044.53;141113.28125
31044.54;141113.28125
31044.55;141113.28125
31044.56;141113.28125
31044.57;141113.28125
31044.58;141113.28125
31044.59;141357.421875
31044.6;141113.28125
31044.61;141113.28125
31044.62;141113.28125
31044.63;141113.28125
31044.64;141113.28125
31044.65;141113.28125
31044.66;141113.28125
31044.67;141113.28125
31044.68;141113.28125
31044.69;141113.28125
31044.7;141113.28125
31044.71;141113.28125
31044.72;141113.28125
31044.73;141113.28125
31044.74;141113.28125
31044.75;141357.421875
31044.76;141113.28125
31044.77;141113.28125
31044.78;141113.28125
31044.79;141113.28125
31044.8;141113.28125
31044.81;141113.28125
31044.82;141113.28125
31044.83;141113.28125
31044.84;141113.28125
31044.85;141113.28125
31044.86;141113.28125
31044.87;141113.28125
31044.88;141113.28125
31044.89;141113.28125
31044.9;141113.28125
31044.91;141113.28125
31044.92;141113.28125
31044.93;141113.28125
31044.94;141113.28125
31044.95;141113.28125
31044.96;141113.28125
31044.97;141113.28125
31044.98;141113.28125
31044.99;141113.28125
31045.0;141113.28125
31045.01;141113.28125
31045.02;141113.28125
31045.03;141113.28125
31045.04;141113.28125
31045.05;141113.28125
31045.06;141113.28125
31045.07;141113.28125
31045.08;141357.421875
31045.09;141113.28125
31045.1;141113.28125
31045.11;141113.28125
31045.12;141113.28125
31045.13;141113.28125
31045.14;141113.28125
31045.15;141113.28125
31045.16;141113.28125
31045.17;141113.28125
31045.18;141113.28125
31045.19;141113.28125
31045.2;141113.28125
31045.21;141113.28125
31045.22;141113.28125
31045.23;141113.28125
31045.24;141113.28125
31045.25;141113.28125
31045.26;141113.28125
31045.27;141113.28125
31045.28;141113.28125
31045.29;141113.28125
31045.3;141113.28125
31045.31;141113.28125
31045.32;141113.28125
31045.33;141113.28125
31045.34;141113.28125
31045.35;141113.28125
31045.36;141113.28125
31045.37;141113.28125
31045.38;141113.28125
31045.39;141113.28125
31045.4;141113.28125
31045.41;141113.28125
31045.42;141113.28125
31045.43;141113.28125
31045.44;141113.28125
31045.45;141113.28125
31045.46;141113.28125
31045.47;141113.28125
31045.48;141113.28125
31045.49;141113.28125
31045.5;141113.28125
31045.51;141113.28125
31045.52;141113.28125
31045.53;141113.28125
31045.54;141113.28125
31045.55;141113.28125
31045.56;141357.421875
31045.57;141113.28125
31045.58;141113.28125
31045.59;141113.28125
31045.6;141113.28125
31045.61;141113.28125
31045.62;141113.28125
31045.63;141113.28125
31045.64;141113.28125
31045.65;141113.28125
31045.66;141113.28125
31045.67;141113.28125
31045.68;141113.28125
31045.69;141113.28125
31045.7;141113.28125
31045.71;141113.28125
31045.72;141113.28125
31045.73;141113.28125
31045.74;141113.28125
31045.75;141113.28125
31045.76;141113.28125
31045.77;141113.28125
31045.78;141113.28125
31045.79;141113.28125
31045.8;141113.28125
31045.81;141113.28125
31045.82;141113.28125
31045.83;141113.28125
31045.84;141113.28125
31045.85;141113.28125
31045.86;141113.28125
31045.87;141113.28125
31045.88;141113.28125
31045.89;141113.28125
31045.9;141113.28125
31045.91;141113.28125
31045.92;141113.28125
31045.93;141113.28125
31045.94;141113.28125
31045.95;141113.28125
31045.96;141113.28125
31045.97;141113.28125
31045.98;141113.28125
31045.99;141113.28125
31046.0;141113.28125
31046.01;141113.28125
31046.02;141113.28125
31046.03;141113.28125
31046.04;141113.28125
31046.05;141113.28125
31046.06;141113.28125
31046.07;141113.28125
31046.08;141113.28125
31046.09;141113.28125
31046.1;141113.28125
31046.11;141113.28125
31046.12;141113.28125
31046.13;141113.28125
31046.14;141113.28125
31046.15;141113.28125
31046.16;141113.28125
31046.17;141113.28125
31046.18;141113.28125
31046.19;141113.28125
31046.2;141113.28125
31046.21;141113.28125
31046.22;141113.28125
31046.23;141113.28125
31046.24;141113.28125
31046.25;141113.28125
31046.26;141113.28125
31046.27;141113.28125
31046.28;141113.28125
31046.29;141113.28125
31046.3;141113.28125
31046.31;141113.28125
31046.32;141113.28125
31046.33;141113.28125
31046.34;141113.28125
31046.35;141113.28125
31046.36;141113.28125
31046.37;141113.28125
31046.38;141113.28125
31046.39;141113.28125
31046.4;141113.28125
31046.41;141113.28125
31046.42;141113.28125
31046.43;141113.28125
31046.44;141113.28125
31046.45;141113.28125
31046.46;141113.28125
31046.47;141113.28125
31046.48;141357.421875
31046.49;141113.28125
31046.5;141113.28125
31046.51;141113.28125
31046.52;141113.28125
31046.53;141113.28125
31046.54;141113.28125
31046.55;141113.28125
31046.56;141113.28125
31046.57;141357.421875
31046.58;141113.28125
31046.59;141113.28125
31046.6;141113.28125
31046.61;141113.28125
31046.62;141113.28125
31046.63;141113.28125
31046.64;141113.28125
31046.65;141113.28125
31046.66;141113.28125
31046.67;141113.28125
31046.68;141357.421875
31046.69;141113.28125
31046.7;141113.28125
31046.71;141113.28125
31046.72;141113.28125
31046.73;141113.28125
31046.74;141113.28125
31046.75;141113.28125
31046.76;141113.28125
31046.77;141113.28125
31046.78;141113.28125
31046.79;141113.28125
31046.8;141113.28125
31046.81;141113.28125
31046.82;141113.28125
31046.83;141113.28125
31046.84;141113.28125
31046.85;141113.28125
31046.86;141113.28125
31046.87;141113.28125
31046.88;141113.28125
31046.89;141113.28125
31046.9;141113.28125
31046.91;141113.28125
31046.92;141113.28125
31046.93;141113.28125
31046.94;141113.28125
31046.95;141113.28125
31046.96;141113.28125
31046.97;141113.28125
31046.98;141113.28125
31046.99;141113.28125
31047.0;141113.28125
31047.01;141113.28125
31047.02;141113.28125
31047.03;141113.28125
31047.04;141357.421875
31047.05;141113.28125
31047.06;141113.28125
31047.07;141113.28125
31047.08;141113.28125
31047.09;141113.28125
31047.1;141113.28125
31047.11;141113.28125
31047.12;141113.28125
31047.13;141113.28125
31047.14;141113.28125
31047.15;141113.28125
31047.16;141113.28125
31047.17;141113.28125
31047.18;141113.28125
31047.19;141113.28125
31047.2;141357.421875
31047.21;141113.28125
31047.22;141113.28125
31047.23;141113.28125
31047.24;141113.28125
31047.25;141113.28125
31047.26;141113.28125
31047.27;141113.28125
31047.28;141113.28125
31047.29;141113.28125
31047.3;141113.28125
31047.31;141357.421875
31047.32;141113.28125
31047.33;141113.28125
31047.34;141113.28125
31047.35;141113.28125
31047.36;141113.28125
31047.37;141357.421875
31047.38;141113.28125
31047.39;141113.28125
31047.4;141113.28125
31047.41;141113.28125
31047.42;141113.28125
31047.43;141113.28125
31047.44;141113.28125
31047.45;141357.421875
31047.46;141113.28125
31047.47;141113.28125
31047.48;141113.28125
31047.49;141113.28125
31047.5;141113.28125
31047.51;141113.28125
31047.52;141113.28125
31047.53;141357.421875
31047.54;141357.421875
31047.55;141113.28125
31047.56;141113.28125
31047.57;141113.28125
31047.58;141113.28125
31047.59;141113.28125
31047.6;141113.28125
31047.61;141113.28125
31047.62;141113.28125
31047.63;141357.421875
31047.64;141357.421875
31047.65;141113.28125
31047.66;141113.28125
31047.67;141113.28125
31047.68;141113.28125
31047.69;141113.28125
31047.7;141357.421875
31047.71;141113.28125
31047.72;141113.28125
31047.73;141357.421875
31047.74;141113.28125
31047.75;141357.421875
31047.76;141113.28125
31047.77;141113.28125
31047.78;141357.421875
31047.79;141113.28125
31047.8;141113.28125
31047.81;141357.421875
31047.82;141113.28125
31047.83;141113.28125
31047.84;141357.421875
31047.85;141357.421875
31047.86;141113.28125
31047.87;141357.421875
31047.88;141113.28125
31047.89;141113.28125
31047.9;141357.421875
31047.91;141113.28125
31047.92;141357.421875
31047.93;141357.421875
31047.94;141113.28125
31047.95;141113.28125
31047.96;141357.421875
31047.97;141357.421875
31047.98;141113.28125
31047.99;141113.28125
31048.0;141357.421875
31048.01;141357.421875
31048.02;141113.28125
31048.03;141357.421875
31048.04;141357.421875
31048.05;141357.421875
31048.06;141113.28125
31048.07;141357.421875
31048.08;141357.421875
31048.09;141113.28125
31048.1;141357.421875
31048.11;141113.28125
31048.12;141113.28125
31048.13;141357.421875
31048.14;141357.421875
31048.15;141357.421875
31048.16;141113.28125
31048.17;141357.421875
31048.18;141113.28125
31048.19;141113.28125
31048.2;141357.421875
31048.21;141113.28125
31048.22;141357.421875
31048.23;141357.421875
31048.24;141357.421875
31048.25;141357.421875
31048.26;141113.28125
31048.27;141357.421875
31048.28;141113.28125
31048.29;141357.421875
31048.3;141357.421875
31048.31;141113.28125
31048.32;141357.421875
31048.33;141113.28125
31048.34;141357.421875
31048.35;141357.421875
31048.36;141357.421875
31048.37;141113.28125
31048.38;141113.28125
31048.39;141357.421875
31048.4;141357.421875
31048.41;141357.421875
31048.42;141113.28125
31048.43;141357.421875
31048.44;141113.28125
31048.45;141113.28125
31048.46;141357.421875
31048.47;141113.28125
31048.48;141113.28125
31048.49;141357.421875
31048.5;141113.28125
31048.51;141357.421875
31048.52;141113.28125
31048.53;141113.28125
31048.54;141357.421875
31048.55;141113.28125
31048.56;141357.421875
31048.57;141357.421875
31048.58;141113.28125
31048.59;141357.421875
31048.6;141357.421875
31048.61;141357.421875
31048.62;141357.421875
31048.63;141357.421875
31048.64;141357.421875
31048.65;141113.28125
31048.66;141357.421875
31048.67;141357.421875
31048.68;141113.28125
31048.69;141357.421875
31048.7;141357.421875
31048.71;141357.421875
31048.72;141113.28125
31048.73;141357.421875
31048.74;141357.421875
31048.75;141357.421875
31048.76;141357.421875
31048.77;141357.421875
31048.78;141357.421875
31048.79;141357.421875
31048.8;141357.421875
31048.81;141113.28125
31048.82;141357.421875
31048.83;141357.421875
31048.84;141357.421875
31048.85;141357.421875
31048.86;141357.421875
31048.87;141357.421875
31048.88;141113.28125
31048.89;141113.28125
31048.9;141357.421875
31048.91;141357.421875
31048.92;141357.421875
31048.93;141357.421875
31048.94;141357.421875
31048.95;141357.421875
31048.96;141357.421875
31048.97;141357.421875
31048.98;141357.421875
31048.99;141357.421875
31049.0;141357.421875
31049.01;141357.421875
31049.02;141357.421875
31049.03;141357.421875
31049.04;141357.421875
31049.05;141357.421875
31049.06;141357.421875
31049.07;141357.421875
31049.08;141357.421875
31049.09;141357.421875
31049.1;141357.421875
31049.11;141357.421875
31049.12;141357.421875
31049.13;141357.421875
31049.14;141357.421875
31049.15;141357.421875
31049.16;141113.28125
31049.17;141357.421875
31049.18;141357.421875
31049.19;141357.421875
31049.2;141357.421875
31049.21;141357.421875
31049.22;141357.421875
31049.23;141357.421875
31049.24;141357.421875
31049.25;141357.421875
31049.26;141357.421875
31049.27;141357.421875
31049.28;141357.421875
31049.29;141357.421875
31049.3;141357.421875
31049.31;141357.421875
31049.32;141357.421875
31049.33;141357.421875
31049.34;141357.421875
31049.35;141357.421875
31049.36;141357.421875
31049.37;141357.421875
31049.38;141357.421875
31049.39;141357.421875
31049.4;141357.421875
31049.41;141357.421875
31049.42;141357.421875
31049.43;141357.421875
31049.44;141357.421875
31049.45;141357.421875
31049.46;141357.421875
31049.47;141357.421875
31049.48;141357.421875
31049.49;141357.421875
31049.5;141357.421875
31049.51;141357.421875
31049.52;141357.421875
31049.53;141357.421875
31049.54;141357.421875
31049.55;141357.421875
31049.56;141357.421875
31049.57;141357.421875
31049.58;141357.421875
31049.59;141357.421875
31049.6;141357.421875
31049.61;141357.421875
31049.62;141357.421875
31049.63;141357.421875
31049.64;141357.421875
31049.65;141357.421875
31049.66;141357.421875
31049.67;141357.421875
31049.68;141357.421875
31049.69;141357.421875
31049.7;141357.421875
31049.71;141357.421875
31049.72;141357.421875
31049.73;141357.421875
31049.74;141357.421875
31049.75;141357.421875
31049.76;141357.421875
31049.77;141357.421875
31049.78;141357.421875
31049.79;141357.421875
31049.8;141357.421875
31049.81;141357.421875
31049.82;141357.421875
31049.83;141357.421875
31049.84;141357.421875
31049.85;141357.421875
31049.86;141357.421875
31049.87;141357.421875
31049.88;141357.421875
31049.89;141357.421875
31049.9;141357.421875
31049.91;141601.5625
31049.92;141357.421875
31049.93;141357.421875
31049.94;141357.421875
31049.95;141357.421875
31049.96;141357.421875
31049.97;141357.421875
31049.98;141357.421875
31049.99;141601.5625
31050.0;141357.421875
31050.01;141357.421875
31050.02;141601.5625
31050.03;141357.421875
31050.04;141357.421875
31050.05;141601.5625
31050.06;141357.421875
31050.07;141357.421875
31050.08;141357.421875
31050.09;141357.421875
31050.1;141357.421875
31050.11;141357.421875
31050.12;141601.5625
31050.13;141357.421875
31050.14;141357.421875
31050.15;141357.421875
31050.16;141357.421875
31050.17;141357.421875
31050.18;141601.5625
31050.19;141357.421875
31050.2;141357.421875
31050.21;141601.5625
31050.22;141357.421875
31050.23;141357.421875
31050.24;141357.421875
31050.25;141357.421875
31050.26;141357.421875
31050.27;141357.421875
31050.28;141601.5625
31050.29;141601.5625
31050.3;141357.421875
31050.31;141357.421875
31050.32;141601.5625
31050.33;141601.5625
31050.34;141601.5625
31050.35;141601.5625
31050.36;141357.421875
31050.37;141357.421875
31050.38;141357.421875
31050.39;141601.5625
31050.4;141357.421875
31050.41;141601.5625
31050.42;141357.421875
31050.43;141601.5625
31050.44;141601.5625
31050.45;141357.421875
31050.46;141601.5625
31050.47;141601.5625
31050.48;141601.5625
31050.49;141357.421875
31050.5;141601.5625
31050.51;141601.5625
31050.52;141357.421875
31050.53;141357.421875
31050.54;141357.421875
31050.55;141601.5625
31050.56;141601.5625
31050.57;141357.421875
31050.58;141601.5625
31050.59;141357.421875
31050.6;141357.421875
31050.61;141601.5625
31050.62;141601.5625
31050.63;141601.5625
31050.64;141357.421875
31050.65;141601.5625
31050.66;141601.5625
31050.67;141601.5625
31050.68;141357.421875
31050.69;141601.5625
31050.7;141601.5625
31050.71;141601.5625
31050.72;141357.421875
31050.73;141601.5625
31050.74;141601.5625
31050.75;141601.5625
31050.76;141601.5625
31050.77;141601.5625
31050.78;141357.421875
31050.79;141601.5625
31050.8;141357.421875
31050.81;141601.5625
31050.82;141357.421875
31050.83;141601.5625
31050.84;141601.5625
31050.85;141601.5625
31050.86;141601.5625
31050.87;141601.5625
31050.88;141601.5625
31050.89;141357.421875
31050.9;141601.5625
31050.91;141601.5625
31050.92;141601.5625
31050.93;141601.5625
31050.94;141601.5625
31050.95;141601.5625
31050.96;141601.5625
31050.97;141601.5625
31050.98;141601.5625
31050.99;141601.5625
31051.0;141601.5625
31051.01;141601.5625
31051.02;141601.5625
31051.03;141601.5625
31051.04;141601.5625
31051.05;141601.5625
31051.06;141601.5625
31051.07;141601.5625
31051.08;141601.5625
31051.09;141601.5625
31051.1;141601.5625
31051.11;141601.5625
31051.12;141601.5625
31051.13;141601.5625
31051.14;141601.5625
31051.15;141601.5625
31051.16;141601.5625
31051.17;141601.5625
31051.18;141601.5625
31051.19;141601.5625
31051.2;141601.5625
31051.21;141601.5625
31051.22;141601.5625
31051.23;141601.5625
31051.24;141601.5625
31051.25;141601.5625
31051.26;141601.5625
31051.27;141601.5625
31051.28;141601.5625
31051.29;141601.5625
31051.3;141601.5625
31051.31;141601.5625
31051.32;141601.5625
31051.33;141601.5625
31051.34;141601.5625
31051.35;141601.5625
31051.36;141601.5625
31051.37;141601.5625
31051.38;141601.5625
31051.39;141601.5625
31051.4;141601.5625
31051.41;141601.5625
31051.42;141601.5625
31051.43;141601.5625
31051.44;141845.703125
31051.45;141601.5625
31051.46;141601.5625
31051.47;141601.5625
31051.48;141601.5625
31051.49;141601.5625
31051.5;141601.5625
31051.51;141601.5625
31051.52;141845.703125
31051.53;141601.5625
31051.54;141601.5625
31051.55;141601.5625
31051.56;141601.5625
31051.57;141601.5625
31051.58;141601.5625
31051.59;141601.5625
31051.6;141601.5625
31051.61;141601.5625
31051.62;141601.5625
31051.63;141601.5625
31051.64;141601.5625
31051.65;141601.5625
31051.66;141601.5625
31051.67;141601.5625
31051.68;141601.5625
31051.69;141601.5625
31051.7;141601.5625
31051.71;141601.5625
31051.72;141601.5625
31051.73;141601.5625
31051.74;141601.5625
31051.75;141601.5625
31051.76;141601.5625
31051.77;141601.5625
31051.78;141601.5625
31051.79;141601.5625
31051.8;141601.5625
31051.81;141601.5625
31051.82;141601.5625
31051.83;141601.5625
31051.84;141601.5625
31051.85;141601.5625
31051.86;141601.5625
31051.87;141601.5625
31051.88;141601.5625
31051.89;141601.5625
31051.9;141601.5625
31051.91;141601.5625
31051.92;141601.5625
31051.93;141601.5625
31051.94;141601.5625
31051.95;141601.5625
31051.96;141601.5625
31051.97;141601.5625
31051.98;141601.5625
31051.99;141601.5625
31052.0;141601.5625
31052.01;141601.5625
31052.02;141601.5625
31052.03;141601.5625
31052.04;141601.5625
31052.05;141601.5625
31052.06;141601.5625
31052.07;141601.5625
31052.08;141601.5625
31052.09;141601.5625
31052.1;141601.5625
31052.11;141601.5625
31052.12;141601.5625
31052.13;141601.5625
31052.14;141601.5625
31052.15;141601.5625
31052.16;141601.5625
31052.17;141601.5625
31052.18;141601.5625
31052.19;141601.5625
31052.2;141601.5625
31052.21;141601.5625
31052.22;141601.5625
31052.23;141601.5625
31052.24;141601.5625
31052.25;141601.5625
31052.26;141601.5625
31052.27;141601.5625
31052.28;141601.5625
31052.29;141601.5625
31052.3;141601.5625
31052.31;141601.5625
31052.32;141601.5625
31052.33;141601.5625
31052.34;141601.5625
31052.35;141601.5625
31052.36;141601.5625
31052.37;141601.5625
31052.38;141601.5625
31052.39;141601.5625
31052.4;141601.5625
31052.41;141601.5625
31052.42;141601.5625
31052.43;141601.5625
31052.44;141601.5625
31052.45;141601.5625
31052.46;141601.5625
31052.47;141601.5625
31052.48;141601.5625
31052.49;141601.5625
31052.5;141601.5625
31052.51;141601.5625
31052.52;141601.5625
31052.53;141601.5625
31052.54;141601.5625
31052.55;141601.5625
31052.56;141601.5625
31052.57;141601.5625
31052.58;141601.5625
31052.59;141601.5625
31052.6;141601.5625
31052.61;141601.5625
31052.62;141601.5625
31052.63;141601.5625
31052.64;141601.5625
31052.65;141601.5625
31052.66;141601.5625
31052.67;141357.421875
31052.68;141601.5625
31052.69;141601.5625
31052.7;141601.5625
31052.71;141601.5625
31052.72;141601.5625
31052.73;141601.5625
31052.74;141601.5625
31052.75;141601.5625
31052.76;141601.5625
31052.77;141601.5625
31052.78;141601.5625
31052.79;141601.5625
31052.8;141601.5625
31052.81;141601.5625
31052.82;141601.5625
31052.83;141601.5625
31052.84;141601.5625
31052.85;141601.5625
31052.86;141601.5625
31052.87;141601.5625
31052.88;141601.5625
31052.89;141601.5625
31052.9;141601.5625
31052.91;141601.5625
31052.92;141601.5625
31052.93;141601.5625
31052.94;141601.5625
31052.95;141601.5625
31052.96;141601.5625
31052.97;141601.5625
31052.98;141601.5625
31052.99;141601.5625
31053.0;141601.5625
31053.01;141601.5625
31053.02;141357.421875
31053.03;141601.5625
31053.04;141601.5625
31053.05;141601.5625
31053.06;141601.5625
31053.07;141601.5625
31053.08;141357.421875
31053.09;141601.5625
31053.1;141601.5625
31053.11;141601.5625
31053.12;141601.5625
31053.13;141601.5625
31053.14;141601.5625
31053.15;141601.5625
31053.16;141601.5625
31053.17;141601.5625
31053.18;141601.5625
31053.19;141601.5625
31053.2;141601.5625
31053.21;141601.5625
31053.22;141601.5625
31053.23;141601.5625
31053.24;141601.5625
31053.25;141601.5625
31053.26;141601.5625
31053.27;141601.5625
31053.28;141601.5625
31053.29;141601.5625
31053.3;141601.5625
31053.31;141601.5625
31053.32;141601.5625
31053.33;141601.5625
31053.34;141601.5625
31053.35;141601.5625
31053.36;141601.5625
31053.37;141601.5625
31053.38;141601.5625
31053.39;141601.5625
31053.4;141601.5625
31053.41;141601.5625
31053.42;141601.5625
31053.43;141601.5625
31053.44;141601.5625
31053.45;141601.5625
31053.46;141601.5625
31053.47;141601.5625
31053.48;141601.5625
31053.49;141601.5625
31053.5;141601.5625
31053.51;141601.5625
31053.52;141601.5625
31053.53;141601.5625
31053.54;141601.5625
31053.55;141601.5625
31053.56;141601.5625
31053.57;141601.5625
31053.58;141601.5625
31053.59;141601.5625
31053.6;141601.5625
31053.61;141601.5625
31053.62;141601.5625
31053.63;141601.5625
31053.64;141601.5625
31053.65;141357.421875
31053.66;141601.5625
31053.67;141601.5625
31053.68;141601.5625
31053.69;141601.5625
31053.7;141601.5625
31053.71;141601.5625
31053.72;141601.5625
31053.73;141601.5625
31053.74;141601.5625
31053.75;141601.5625
31053.76;141601.5625
31053.77;141601.5625
31053.78;141601.5625
31053.79;141601.5625
31053.8;141601.5625
31053.81;141601.5625
31053.82;141601.5625
31053.83;141601.5625
31053.84;141601.5625
31053.85;141601.5625
31053.86;141601.5625
31053.87;141601.5625
31053.88;141601.5625
31053.89;141601.5625
31053.9;141601.5625
31053.91;141601.5625
31053.92;141601.5625
31053.93;141601.5625
31053.94;141357.421875
31053.95;141601.5625
31053.96;141601.5625
31053.97;141601.5625
31053.98;141601.5625
31053.99;141601.5625
31054.0;141601.5625
31054.01;141601.5625
31054.02;141601.5625
31054.03;141601.5625
31054.04;141601.5625
31054.05;141601.5625
31054.06;141601.5625
31054.07;141601.5625
31054.08;141601.5625
31054.09;141601.5625
31054.1;141601.5625
31054.11;141357.421875
31054.12;141601.5625
31054.13;141601.5625
31054.14;141601.5625
31054.15;141601.5625
31054.16;141601.5625
31054.17;141601.5625
31054.18;141601.5625
31054.19;141601.5625
31054.2;141601.5625
31054.21;141601.5625
31054.22;141601.5625
31054.23;141601.5625
31054.24;141601.5625
31054.25;141601.5625
31054.26;141601.5625
31054.27;141601.5625
31054.28;141601.5625
31054.29;141601.5625
31054.3;141601.5625
31054.31;141601.5625
31054.32;141601.5625
31054.33;141601.5625
31054.34;141601.5625
31054.35;141601.5625
31054.36;141601.5625
31054.37;141601.5625
31054.38;141601.5625
31054.39;141601.5625
31054.4;141601.5625
31054.41;141601.5625
31054.42;141601.5625
31054.43;141601.5625
31054.44;141601.5625
31054.45;141601.5625
31054.46;141601.5625
31054.47;141601.5625
31054.48;141601.5625
31054.49;141601.5625
31054.5;141601.5625
31054.51;141601.5625
31054.52;141601.5625
31054.53;141601.5625
31054.54;141601.5625
31054.55;141601.5625
31054.56;141601.5625
31054.57;141601.5625
31054.58;141601.5625
31054.59;141601.5625
31054.6;141601.5625
31054.61;141601.5625
31054.62;141601.5625
31054.63;141845.703125
31054.64;141601.5625
31054.65;141601.5625
31054.66;141601.5625
31054.67;141601.5625
31054.68;141601.5625
31054.69;141601.5625
31054.7;141601.5625
31054.71;141601.5625
31054.72;141601.5625
31054.73;141601.5625
31054.74;141601.5625
31054.75;141601.5625
31054.76;141601.5625
31054.77;141601.5625
31054.78;141601.5625
31054.79;141601.5625
31054.8;141601.5625
31054.81;141601.5625
31054.82;141601.5625
31054.83;141601.5625
31054.84;141601.5625
31054.85;141601.5625
31054.86;141601.5625
31054.87;141601.5625
31054.88;141601.5625
31054.89;141601.5625
31054.9;141601.5625
31054.91;141601.5625
31054.92;141601.5625
31054.93;141601.5625
31054.94;141601.5625
31054.95;141601.5625
31054.96;141601.5625
31054.97;141357.421875
31054.98;141601.5625
31054.99;141601.5625
31055.0;141357.421875
31055.01;141601.5625
31055.02;141601.5625
31055.03;141601.5625
31055.04;141601.5625
31055.05;141845.703125
31055.06;141601.5625
31055.07;141601.5625
31055.08;141601.5625
31055.09;141601.5625
31055.1;141601.5625
31055.11;141601.5625
31055.12;141357.421875
31055.13;141601.5625
31055.14;141601.5625
31055.15;141601.5625
31055.16;141601.5625
31055.17;141601.5625
31055.18;141601.5625
31055.19;141601.5625
31055.2;141601.5625
31055.21;141601.5625
31055.22;141601.5625
31055.23;141601.5625
31055.24;141601.5625
31055.25;141601.5625
31055.26;141601.5625
31055.27;141601.5625
31055.28;141601.5625
31055.29;141601.5625
31055.3;141601.5625
31055.31;141601.5625
31055.32;141601.5625
31055.33;141601.5625
31055.34;141357.421875
31055.35;141601.5625
31055.36;141601.5625
31055.37;141601.5625
31055.38;141601.5625
31055.39;141601.5625
31055.4;141601.5625
31055.41;141357.421875
31055.42;141601.5625
31055.43;141601.5625
31055.44;141601.5625
31055.45;141357.421875
31055.46;141601.5625
31055.47;141601.5625
31055.48;141601.5625
31055.49;141601.5625
31055.5;141601.5625
31055.51;141601.5625
31055.52;141601.5625
31055.53;141601.5625
31055.54;141601.5625
31055.55;141601.5625
31055.56;141601.5625
31055.57;141601.5625
31055.58;141601.5625
31055.59;141601.5625
31055.6;141601.5625
31055.61;141601.5625
31055.62;141601.5625
31055.63;141601.5625
31055.64;141601.5625
31055.65;141601.5625
31055.66;141601.5625
31055.67;141601.5625
31055.68;141601.5625
31055.69;141601.5625
31055.7;141601.5625
31055.71;141601.5625
31055.72;141601.5625
31055.73;141601.5625
31055.74;141601.5625
31055.75;141601.5625
31055.76;141601.5625
31055.77;141601.5625
31055.78;141601.5625
31055.79;141601.5625
31055.8;141601.5625
31055.81;141601.5625
31055.82;141601.5625
31055.83;141601.5625
31055.84;141601.5625
31055.85;141601.5625
31055.86;141601.5625
31055.87;141601.5625
31055.88;141601.5625
31055.89;141601.5625
31055.9;141601.5625
31055.91;141601.5625
31055.92;141601.5625
31055.93;141601.5625
31055.94;141601.5625
31055.95;141601.5625
31055.96;141601.5625
31055.97;141601.5625
31055.98;141601.5625
31055.99;141601.5625
31056.0;141601.5625
31056.01;141601.5625
31056.02;141601.5625
31056.03;141601.5625
31056.04;141601.5625
31056.05;141601.5625
31056.06;141601.5625
31056.07;141601.5625
31056.08;141601.5625
31056.09;141601.5625
31056.1;141601.5625
31056.11;141601.5625
31056.12;141601.5625
31056.13;141601.5625
31056.14;141601.5625
31056.15;141601.5625
31056.16;141601.5625
31056.17;141601.5625
31056.18;141601.5625
31056.19;141601.5625
31056.2;141601.5625
31056.21;141601.5625
31056.22;141601.5625
31056.23;141601.5625
31056.24;141601.5625
31056.25;141601.5625
31056.26;141601.5625
31056.27;141601.5625
31056.28;141601.5625
31056.29;141601.5625
31056.3;141601.5625
31056.31;141601.5625
31056.32;141601.5625
31056.33;141601.5625
31056.34;141601.5625
31056.35;141601.5625
31056.36;141601.5625
31056.37;141601.5625
31056.38;141601.5625
31056.39;141601.5625
31056.4;141601.5625
31056.41;141601.5625
31056.42;141601.5625
31056.43;141601.5625
31056.44;141601.5625
31056.45;141601.5625
31056.46;141601.5625
31056.47;141601.5625
31056.48;141601.5625
31056.49;141601.5625
31056.5;141601.5625
31056.51;141357.421875
31056.52;141601.5625
31056.53;141601.5625
31056.54;141601.5625
31056.55;141357.421875
31056.56;141601.5625
31056.57;141601.5625
31056.58;141601.5625
31056.59;141601.5625
31056.6;141601.5625
31056.61;141601.5625
31056.62;208496.09375
31056.63;175292.96875
31056.64;137207.03125
31056.65;144042.96875
31056.66;142333.984375
31056.67;142333.984375
31056.68;160644.53125
31056.69;225830.078125
31056.7;135986.328125
31056.71;144775.390625
31056.72;142578.125
31056.73;142578.125
31056.74;142333.984375
31056.75;210205.078125
31056.76;175781.25
31056.77;137695.3125
31056.78;144531.25
31056.79;142333.984375
31056.8;142578.125
31056.81;142333.984375
31056.82;142089.84375
31056.83;142089.84375
31056.84;141845.703125
31056.85;141845.703125
31056.86;141845.703125
31056.87;141845.703125
31056.88;209472.65625
31056.89;175292.96875
31056.9;137451.171875
31056.91;144287.109375
31056.92;142333.984375
31056.93;142333.984375
31056.94;142089.84375
31056.95;142089.84375
31056.96;141845.703125
31056.97;141845.703125
31056.98;141845.703125
31056.99;141845.703125
31057.0;141845.703125
31057.01;209472.65625
31057.02;175292.96875
31057.03;137451.171875
31057.04;144287.109375
31057.05;142333.984375
31057.06;142333.984375
31057.07;142089.84375
31057.08;142089.84375
31057.09;141845.703125
31057.1;141845.703125
31057.11;141845.703125
31057.12;141845.703125
31057.13;141601.5625
31057.14;209472.65625
31057.15;175292.96875
31057.16;137451.171875
31057.17;144042.96875
31057.18;142333.984375
31057.19;142333.984375
31057.2;142089.84375
31057.21;142089.84375
31057.22;141845.703125
31057.23;141845.703125
31057.24;141845.703125
31057.25;141601.5625
31057.26;141601.5625
31057.27;209472.65625
31057.28;175292.96875
31057.29;137451.171875
31057.3;144287.109375
31057.31;142333.984375
31057.32;142333.984375
31057.33;160644.53125
31057.34;225830.078125
31057.35;135986.328125
31057.36;144775.390625
31057.37;142578.125
31057.38;142578.125
31057.39;142333.984375
31057.4;210205.078125
31057.41;175537.109375
31057.42;137939.453125
31057.43;144287.109375
31057.44;142333.984375
31057.45;142578.125
31057.46;160888.671875
31057.47;226074.21875
31057.48;135986.328125
31057.49;144775.390625
31057.5;142578.125
31057.51;142578.125
31057.52;142333.984375
31057.53;210205.078125
31057.54;175537.109375
31057.55;137695.3125
31057.56;144287.109375
31057.57;142333.984375
31057.58;142333.984375
31057.59;160888.671875
31057.6;226074.21875
31057.61;135986.328125
31057.62;144775.390625
31057.63;142578.125
31057.64;142578.125
31057.65;142333.984375
31057.66;210205.078125
31057.67;175537.109375
31057.68;137695.3125
31057.69;144287.109375
31057.7;142333.984375
31057.71;142333.984375
31057.72;160644.53125
31057.73;225830.078125
31057.74;135986.328125
31057.75;144775.390625
31057.76;142578.125
31057.77;142578.125
31057.78;142333.984375
31057.79;209960.9375
31057.8;175537.109375
31057.81;137695.3125
31057.82;144287.109375
31057.83;142333.984375
31057.84;142333.984375
31057.85;142333.984375
31057.86;142089.84375
31057.87;141845.703125
31057.88;141845.703125
31057.89;141601.5625
31057.9;141601.5625
31057.91;141601.5625
31057.92;209472.65625
31057.93;175048.828125
31057.94;137451.171875
31057.95;144042.96875
31057.96;142089.84375
31057.97;142333.984375
31057.98;142089.84375
31057.99;141845.703125
31058.0;141601.5625
31058.01;141601.5625
31058.02;141601.5625
31058.03;141601.5625
31058.04;141601.5625
31058.05;209472.65625
31058.06;175048.828125
31058.07;137451.171875
31058.08;144042.96875
31058.09;142089.84375
31058.1;142089.84375
31058.11;141845.703125
31058.12;141845.703125
31058.13;141601.5625
31058.14;141601.5625
31058.15;141601.5625
31058.16;141601.5625
31058.17;141601.5625
31058.18;209472.65625
31058.19;175048.828125
31058.2;137451.171875
31058.21;143798.828125
31058.22;142089.84375
31058.23;142089.84375
31058.24;141845.703125
31058.25;141845.703125
31058.26;141845.703125
31058.27;141601.5625
31058.28;141601.5625
31058.29;141601.5625
31058.3;141601.5625
31058.31;209472.65625
31058.32;175048.828125
31058.33;137207.03125
31058.34;144042.96875
31058.35;142089.84375
31058.36;142089.84375
31058.37;142089.84375
31058.38;141845.703125
31058.39;141601.5625
31058.4;141601.5625
31058.41;141601.5625
31058.42;141357.421875
31058.43;141357.421875
31058.44;209472.65625
31058.45;174804.6875
31058.46;137207.03125
31058.47;144042.96875
31058.48;142089.84375
31058.49;142089.84375
31058.5;142089.84375
31058.51;141845.703125
31058.52;141601.5625
31058.53;141601.5625
31058.54;141357.421875
31058.55;141601.5625
31058.56;141357.421875
31058.57;209472.65625
31058.58;174804.6875
31058.59;137207.03125
31058.6;143798.828125
31058.61;142089.84375
31058.62;142333.984375
31058.63;142089.84375
31058.64;141845.703125
31058.65;141601.5625
31058.66;141601.5625
31058.67;141601.5625
31058.68;141357.421875
31058.69;141357.421875
31058.7;209472.65625
31058.71;174804.6875
31058.72;137207.03125
31058.73;143798.828125
31058.74;142089.84375
31058.75;142333.984375
31058.76;141845.703125
31058.77;141845.703125
31058.78;141601.5625
31058.79;141601.5625
31058.8;141601.5625
31058.81;141357.421875
31058.82;141357.421875
31058.83;141357.421875
31058.84;141357.421875
31058.85;141357.421875
31058.86;141357.421875
31058.87;141357.421875
31058.88;141357.421875
31058.89;141357.421875
31058.9;141357.421875
31058.91;141357.421875
31058.92;141113.28125
31058.93;141357.421875
31058.94;141357.421875
31058.95;141357.421875
31058.96;141357.421875
31058.97;141357.421875
31058.98;141357.421875
31058.99;141113.28125
31059.0;141357.421875
31059.01;141357.421875
31059.02;141357.421875
31059.03;141113.28125
31059.04;141357.421875
31059.05;141357.421875
31059.06;141357.421875
31059.07;141113.28125
31059.08;141357.421875
31059.09;141357.421875
31059.1;141357.421875
31059.11;141357.421875
31059.12;141357.421875
31059.13;141357.421875
31059.14;141357.421875
31059.15;141357.421875
31059.16;141357.421875
31059.17;141357.421875
31059.18;141357.421875
31059.19;141357.421875
31059.2;141357.421875
31059.21;141113.28125
31059.22;141113.28125
31059.23;141113.28125
31059.24;141357.421875
31059.25;141357.421875
31059.26;141113.28125
31059.27;141357.421875
31059.28;141113.28125
31059.29;141113.28125
31059.3;141357.421875
31059.31;141113.28125
31059.32;141357.421875
31059.33;141357.421875
31059.34;141357.421875
31059.35;141113.28125
31059.36;141357.421875
31059.37;141357.421875
31059.38;141357.421875
31059.39;141113.28125
31059.4;141113.28125
31059.41;141357.421875
31059.42;141357.421875
31059.43;141357.421875
31059.44;141357.421875
31059.45;141357.421875
31059.46;141357.421875
31059.47;141357.421875
31059.48;141357.421875
31059.49;141357.421875
31059.5;141357.421875
31059.51;141357.421875
31059.52;141357.421875
31059.53;141357.421875
31059.54;141113.28125
31059.55;141357.421875
31059.56;141357.421875
31059.57;141357.421875
31059.58;141357.421875
31059.59;141357.421875
31059.6;141357.421875
31059.61;141357.421875
31059.62;141113.28125
31059.63;141113.28125
31059.64;141113.28125
31059.65;141357.421875
31059.66;141113.28125
31059.67;141357.421875
31059.68;141113.28125
31059.69;141357.421875
31059.7;141357.421875
31059.71;141357.421875
31059.72;141113.28125
31059.73;141113.28125
31059.74;141357.421875
31059.75;141113.28125
31059.76;141113.28125
31059.77;141357.421875
31059.78;141357.421875
31059.79;141357.421875
31059.8;141357.421875
31059.81;141357.421875
31059.82;141113.28125
31059.83;141357.421875
31059.84;141113.28125
31059.85;141113.28125
31059.86;141357.421875
31059.87;141113.28125
31059.88;141357.421875
31059.89;141113.28125
31059.9;141113.28125
31059.91;141357.421875
31059.92;141113.28125
31059.93;141113.28125
31059.94;141113.28125
31059.95;141357.421875
31059.96;141113.28125
31059.97;141357.421875
31059.98;141113.28125
31059.99;141357.421875
31060.0;141113.28125
31060.01;141113.28125
31060.02;141357.421875
31060.03;141357.421875
31060.04;141357.421875
31060.05;141113.28125
31060.06;141113.28125
31060.07;141357.421875
31060.08;141113.28125
31060.09;141357.421875
31060.1;141113.28125
31060.11;141113.28125
31060.12;141357.421875
31060.13;141113.28125
31060.14;141357.421875
31060.15;141113.28125
31060.16;141113.28125
31060.17;141357.421875
31060.18;141113.28125
31060.19;141357.421875
31060.2;141113.28125
31060.21;141113.28125
31060.22;141113.28125
31060.23;141113.28125
31060.24;141113.28125
31060.25;141357.421875
31060.26;141113.28125
31060.27;141113.28125
31060.28;141113.28125
31060.29;141357.421875
31060.3;141113.28125
31060.31;141113.28125
31060.32;141357.421875
31060.33;141357.421875
31060.34;141113.28125
31060.35;141357.421875
31060.36;141113.28125
31060.37;141357.421875
31060.38;141113.28125
31060.39;141357.421875
31060.4;141357.421875
31060.41;141113.28125
31060.42;141113.28125
31060.43;141113.28125
31060.44;141113.28125
31060.45;141113.28125
31060.46;141113.28125
31060.47;141113.28125
31060.48;141113.28125
31060.49;141113.28125
31060.5;141113.28125
31060.51;141113.28125
31060.52;141113.28125
31060.53;141113.28125
31060.54;141357.421875
31060.55;141113.28125
31060.56;141113.28125
31060.57;141113.28125
31060.58;141113.28125
31060.59;141113.28125
31060.6;141113.28125
31060.61;141113.28125
31060.62;141113.28125
31060.63;141113.28125
31060.64;141113.28125
31060.65;141113.28125
31060.66;141113.28125
31060.67;141357.421875
31060.68;141113.28125
31060.69;141113.28125
31060.7;141113.28125
31060.71;141113.28125
31060.72;141113.28125
31060.73;141113.28125
31060.74;141113.28125
31060.75;141113.28125
31060.76;141113.28125
31060.77;141113.28125
31060.78;141113.28125
31060.79;141113.28125
31060.8;141113.28125
31060.81;141113.28125
31060.82;141113.28125
31060.83;141113.28125
31060.84;141113.28125
31060.85;141113.28125
31060.86;141113.28125
31060.87;141113.28125
31060.88;141113.28125
31060.89;141113.28125
31060.9;141113.28125
31060.91;141113.28125
31060.92;141113.28125
31060.93;141113.28125
31060.94;141113.28125
31060.95;141113.28125
31060.96;141113.28125
31060.97;141113.28125
31060.98;141113.28125
31060.99;141113.28125
31061.0;141113.28125
31061.01;141113.28125
31061.02;141113.28125
31061.03;141113.28125
31061.04;141113.28125
31061.05;141113.28125
31061.06;141113.28125
31061.07;141113.28125
31061.08;141113.28125
31061.09;141113.28125
31061.1;141113.28125
31061.11;141113.28125
31061.12;141113.28125
31061.13;141113.28125
31061.14;141113.28125
31061.15;141113.28125
31061.16;141113.28125
31061.17;141113.28125
31061.18;141113.28125
31061.19;141113.28125
31061.2;141113.28125
31061.21;141113.28125
31061.22;141113.28125
31061.23;141113.28125
31061.24;141113.28125
31061.25;141113.28125
31061.26;141113.28125
31061.27;141113.28125
31061.28;141113.28125
31061.29;141113.28125
31061.3;141113.28125
31061.31;141113.28125
31061.32;141113.28125
31061.33;141113.28125
31061.34;141113.28125
31061.35;141113.28125
31061.36;141113.28125
31061.37;141113.28125
31061.38;141113.28125
31061.39;141113.28125
31061.4;141113.28125
31061.41;141113.28125
31061.42;141357.421875
31061.43;141113.28125
31061.44;141113.28125
31061.45;141113.28125
31061.46;141113.28125
31061.47;141113.28125
31061.48;141113.28125
31061.49;141113.28125
31061.5;141113.28125
31061.51;141113.28125
31061.52;141113.28125
31061.53;141113.28125
31061.54;141357.421875
31061.55;141113.28125
31061.56;141357.421875
31061.57;141113.28125
31061.58;141113.28125
31061.59;141113.28125
31061.6;141357.421875
31061.61;141113.28125
31061.62;141113.28125
31061.63;141113.28125
31061.64;141113.28125
31061.65;141113.28125
31061.66;141113.28125
31061.67;141113.28125
31061.68;141113.28125
31061.69;141113.28125
31061.7;141113.28125
31061.71;141113.28125
31061.72;141113.28125
31061.73;141113.28125
31061.74;141113.28125
31061.75;141113.28125
31061.76;141357.421875
31061.77;141113.28125
31061.78;141113.28125
31061.79;141113.28125
31061.8;141113.28125
31061.81;141113.28125
31061.82;141113.28125
31061.83;141113.28125
31061.84;141113.28125
31061.85;141357.421875
31061.86;141113.28125
31061.87;141113.28125
31061.88;141113.28125
31061.89;141113.28125
31061.9;141357.421875
31061.91;141113.28125
31061.92;141113.28125
31061.93;141113.28125
31061.94;141113.28125
31061.95;141113.28125
31061.96;141113.28125
31061.97;141113.28125
31061.98;141113.28125
31061.99;141113.28125
31062.0;141113.28125
31062.01;141113.28125
31062.02;141113.28125
31062.03;141113.28125
31062.04;141113.28125
31062.05;141113.28125
31062.06;141113.28125
31062.07;141113.28125
31062.08;141113.28125
31062.09;141113.28125
31062.1;141113.28125
31062.11;141113.28125
31062.12;141113.28125
31062.13;141357.421875
31062.14;141113.28125
31062.15;141113.28125
31062.16;141113.28125
31062.17;141113.28125
31062.18;141113.28125
31062.19;141113.28125
31062.2;141113.28125
31062.21;141113.28125
31062.22;141113.28125
31062.23;141113.28125
31062.24;141113.28125
31062.25;141113.28125
31062.26;141113.28125
31062.27;141113.28125
31062.28;141113.28125
31062.29;141357.421875
31062.3;141113.28125
31062.31;141113.28125
31062.32;141113.28125
31062.33;141113.28125
31062.34;141113.28125
31062.35;141113.28125
31062.36;141113.28125
31062.37;141113.28125
31062.38;141357.421875
31062.39;141113.28125
31062.4;141113.28125
31062.41;141113.28125
31062.42;141113.28125
31062.43;141113.28125
31062.44;141113.28125
31062.45;141113.28125
31062.46;141113.28125
31062.47;141113.28125
31062.48;141113.28125
31062.49;141113.28125
31062.5;141113.28125
31062.51;141113.28125
31062.52;141113.28125
31062.53;141113.28125
31062.54;141113.28125
31062.55;141113.28125
31062.56;141113.28125
31062.57;141113.28125
31062.58;141113.28125
31062.59;141357.421875
31062.6;141113.28125
31062.61;141113.28125
31062.62;141113.28125
31062.63;141113.28125
31062.64;141113.28125
31062.65;141113.28125
31062.66;141113.28125
31062.67;141113.28125
31062.68;141113.28125
31062.69;141113.28125
31062.7;141113.28125
31062.71;141113.28125
31062.72;141357.421875
31062.73;141113.28125
31062.74;141113.28125
31062.75;141113.28125
31062.76;141113.28125
31062.77;141113.28125
31062.78;141113.28125
31062.79;141113.28125
31062.8;141113.28125
31062.81;141357.421875
31062.82;141113.28125
31062.83;141113.28125
31062.84;141113.28125
31062.85;141113.28125
31062.86;141113.28125
31062.87;141113.28125
31062.88;141113.28125
31062.89;141113.28125
31062.9;141113.28125
31062.91;141113.28125
31062.92;141113.28125
31062.93;141113.28125
31062.94;141357.421875
31062.95;141113.28125
31062.96;141357.421875
31062.97;141113.28125
31062.98;141113.28125
31062.99;141113.28125
31063.0;141113.28125
31063.01;141113.28125
31063.02;141113.28125
31063.03;141113.28125
31063.04;141113.28125
31063.05;141113.28125
31063.06;141113.28125
31063.07;141113.28125
31063.08;141113.28125
31063.09;141113.28125
31063.1;141113.28125
31063.11;141113.28125
31063.12;141113.28125
31063.13;141113.28125
31063.14;141113.28125
31063.15;141357.421875
31063.16;141113.28125
31063.17;141113.28125
31063.18;141357.421875
31063.19;141113.28125
31063.2;141113.28125
31063.21;141357.421875
31063.22;141113.28125
31063.23;141113.28125
31063.24;141113.28125
31063.25;141113.28125
31063.26;141113.28125
31063.27;141357.421875
31063.28;141113.28125
31063.29;141113.28125
31063.3;141113.28125
31063.31;141113.28125
31063.32;141113.28125
31063.33;141113.28125
31063.34;141113.28125
31063.35;141357.421875
31063.36;141113.28125
31063.37;141357.421875
31063.38;141113.28125
31063.39;141113.28125
31063.4;141113.28125
31063.41;141113.28125
31063.42;141113.28125
31063.43;141357.421875
31063.44;141113.28125
31063.45;141357.421875
31063.46;141357.421875
31063.47;141113.28125
31063.48;141357.421875
31063.49;141113.28125
31063.5;141113.28125
31063.51;141113.28125
31063.52;141357.421875
31063.53;141357.421875
31063.54;141113.28125
31063.55;141357.421875
31063.56;141357.421875
31063.57;141357.421875
31063.58;141357.421875
31063.59;141113.28125
31063.6;141113.28125
31063.61;141357.421875
31063.62;141113.28125
31063.63;141113.28125
31063.64;141113.28125
31063.65;141113.28125
31063.66;141357.421875
31063.67;141113.28125
31063.68;141113.28125
31063.69;141113.28125
31063.7;141113.28125
31063.71;141357.421875
31063.72;141113.28125
31063.73;141113.28125
31063.74;141113.28125
31063.75;141113.28125
31063.76;141113.28125
31063.77;141113.28125
31063.78;141113.28125
31063.79;141113.28125
31063.8;141113.28125
31063.81;141113.28125
31063.82;141357.421875
31063.83;141113.28125
31063.84;141113.28125
31063.85;141113.28125
31063.86;141113.28125
31063.87;141357.421875
31063.88;141113.28125
31063.89;141357.421875
31063.9;141113.28125
31063.91;141113.28125
31063.92;141113.28125
31063.93;141113.28125
31063.94;141357.421875
31063.95;141113.28125
31063.96;141113.28125
31063.97;141113.28125
31063.98;141113.28125
31063.99;141357.421875
31064.0;141357.421875
31064.01;141113.28125
31064.02;141113.28125
31064.03;141113.28125
31064.04;141113.28125
31064.05;141113.28125
31064.06;141113.28125
31064.07;141113.28125
31064.08;141113.28125
31064.09;141113.28125
31064.1;141357.421875
31064.11;141113.28125
31064.12;141357.421875
31064.13;141113.28125
31064.14;141113.28125
31064.15;141357.421875
31064.16;141113.28125
31064.17;141113.28125
31064.18;141113.28125
31064.19;141357.421875
31064.2;141113.28125
31064.21;141113.28125
31064.22;141113.28125
31064.23;141357.421875
31064.24;141113.28125
31064.25;141357.421875
31064.26;141113.28125
31064.27;141113.28125
31064.28;141113.28125
31064.29;141113.28125
31064.3;141357.421875
31064.31;141113.28125
31064.32;141357.421875
31064.33;141113.28125
31064.34;141357.421875
31064.35;141113.28125
31064.36;141113.28125
31064.37;141113.28125
31064.38;141357.421875
31064.39;141357.421875
31064.4;141113.28125
31064.41;141113.28125
31064.42;141113.28125
31064.43;141113.28125
31064.44;141113.28125
31064.45;141113.28125
31064.46;141113.28125
31064.47;141113.28125
31064.48;141113.28125
31064.49;141113.28125
31064.5;141113.28125
31064.51;141113.28125
31064.52;141113.28125
31064.53;141113.28125
31064.54;141113.28125
31064.55;141357.421875
31064.56;141113.28125
31064.57;141113.28125
31064.58;141113.28125
31064.59;141113.28125
31064.6;141357.421875
31064.61;141113.28125
31064.62;141113.28125
31064.63;141113.28125
31064.64;141113.28125
31064.65;141357.421875
31064.66;141113.28125
31064.67;141113.28125
31064.68;141113.28125
31064.69;141113.28125
31064.7;141113.28125
31064.71;141113.28125
31064.72;141113.28125
31064.73;141113.28125
31064.74;141113.28125
31064.75;141113.28125
31064.76;141113.28125
31064.77;141357.421875
31064.78;141113.28125
31064.79;141113.28125
31064.8;141113.28125
31064.81;141113.28125
31064.82;141113.28125
31064.83;141113.28125
31064.84;141113.28125
31064.85;141113.28125
31064.86;141357.421875
31064.87;141113.28125
31064.88;141113.28125
31064.89;141113.28125
31064.9;141113.28125
31064.91;141113.28125
31064.92;141113.28125
31064.93;141357.421875
31064.94;141113.28125
31064.95;141113.28125
31064.96;141357.421875
31064.97;141113.28125
31064.98;141113.28125
31064.99;141113.28125
31065.0;141113.28125
31065.01;141357.421875
31065.02;141113.28125
31065.03;141113.28125
31065.04;141113.28125
31065.05;141113.28125
31065.06;141357.421875
31065.07;141113.28125
31065.08;141113.28125
31065.09;141113.28125
31065.1;141113.28125
31065.11;141113.28125
31065.12;141357.421875
31065.13;141113.28125
31065.14;141113.28125
31065.15;141113.28125
31065.16;141113.28125
31065.17;141113.28125
31065.18;141113.28125
31065.19;141113.28125
31065.2;141113.28125
31065.21;141113.28125
31065.22;141113.28125
31065.23;141113.28125
31065.24;141113.28125
31065.25;141113.28125
31065.26;141357.421875
31065.27;141113.28125
31065.28;141113.28125
31065.29;141113.28125
31065.3;141113.28125
31065.31;141113.28125
31065.32;141113.28125
31065.33;141357.421875
31065.34;141113.28125
31065.35;141113.28125
31065.36;141113.28125
31065.37;141113.28125
31065.38;141113.28125
31065.39;141113.28125
31065.4;141113.28125
31065.41;141113.28125
31065.42;141357.421875
31065.43;141113.28125
31065.44;141113.28125
31065.45;141113.28125
31065.46;141113.28125
31065.47;141357.421875
31065.48;141113.28125
31065.49;141113.28125
31065.5;141357.421875
31065.51;141113.28125
31065.52;141113.28125
31065.53;141113.28125
31065.54;141113.28125
31065.55;141113.28125
31065.56;141113.28125
31065.57;141357.421875
31065.58;141113.28125
31065.59;141113.28125
31065.6;141113.28125
31065.61;141357.421875
31065.62;141113.28125
31065.63;141357.421875
31065.64;141113.28125
31065.65;141113.28125
31065.66;141113.28125
31065.67;141113.28125
31065.68;141113.28125
31065.69;141357.421875
31065.7;141113.28125
31065.71;141113.28125
31065.72;141113.28125
31065.73;141113.28125
31065.74;141113.28125
31065.75;141357.421875
31065.76;141113.28125
31065.77;141113.28125
31065.78;141113.28125
31065.79;141113.28125
31065.8;141113.28125
31065.81;141357.421875
31065.82;141357.421875
31065.83;141113.28125
31065.84;141113.28125
31065.85;141113.28125
31065.86;141113.28125
31065.87;141113.28125
31065.88;141113.28125
31065.89;141113.28125
31065.9;141113.28125
31065.91;141113.28125
31065.92;141357.421875
31065.93;141113.28125
31065.94;141113.28125
31065.95;141113.28125
31065.96;141113.28125
31065.97;141113.28125
31065.98;141113.28125
31065.99;141113.28125
31066.0;141113.28125
31066.01;141113.28125
31066.02;141113.28125
31066.03;141113.28125
31066.04;141113.28125
31066.05;141357.421875
31066.06;141357.421875
31066.07;141113.28125
31066.08;141113.28125
31066.09;141113.28125
31066.1;141357.421875
31066.11;141357.421875
31066.12;141113.28125
31066.13;141113.28125
31066.14;141113.28125
31066.15;141113.28125
31066.16;141113.28125
31066.17;141113.28125
31066.18;141113.28125
31066.19;141357.421875
31066.2;141113.28125
31066.21;141113.28125
31066.22;141357.421875
31066.23;141357.421875
31066.24;141113.28125
31066.25;141113.28125
31066.26;141113.28125
31066.27;141113.28125
31066.28;141113.28125
31066.29;141113.28125
31066.3;141113.28125
31066.31;141113.28125
31066.32;141113.28125
31066.33;141357.421875
31066.34;141113.28125
31066.35;141113.28125
31066.36;141113.28125
31066.37;141113.28125
31066.38;141113.28125
31066.39;141113.28125
31066.4;141113.28125
31066.41;141113.28125
31066.42;141113.28125
31066.43;141113.28125
31066.44;141113.28125
31066.45;141113.28125
31066.46;141113.28125
31066.47;141357.421875
31066.48;141113.28125
31066.49;141113.28125
31066.5;141113.28125
31066.51;141113.28125
31066.52;141357.421875
31066.53;141113.28125
31066.54;141357.421875
31066.55;141113.28125
31066.56;141357.421875
31066.57;141113.28125
31066.58;141113.28125
31066.59;141113.28125
31066.6;141113.28125
31066.61;141113.28125
31066.62;141113.28125
31066.63;141113.28125
31066.64;141113.28125
31066.65;141113.28125
31066.66;141357.421875
31066.67;141113.28125
31066.68;141113.28125
31066.69;141357.421875
31066.7;141113.28125
31066.71;141113.28125
31066.72;141113.28125
31066.73;141113.28125
31066.74;141113.28125
31066.75;141113.28125
31066.76;141113.28125
31066.77;141357.421875
31066.78;141113.28125
31066.79;141113.28125
31066.8;141357.421875
31066.81;141113.28125
31066.82;141113.28125
31066.83;141357.421875
31066.84;141113.28125
31066.85;141113.28125
31066.86;141357.421875
31066.87;141113.28125
31066.88;141357.421875
31066.89;141113.28125
31066.9;141357.421875
31066.91;141113.28125
31066.92;141113.28125
31066.93;141113.28125
31066.94;141113.28125
31066.95;141113.28125
31066.96;141113.28125
31066.97;141113.28125
31066.98;141113.28125
31066.99;141113.28125
31067.0;141113.28125
31067.01;141357.421875
31067.02;141357.421875
31067.03;141113.28125
31067.04;141357.421875
31067.05;141113.28125
31067.06;141113.28125
31067.07;141113.28125
31067.08;141113.28125
31067.09;141113.28125
31067.1;141357.421875
31067.11;141113.28125
31067.12;141357.421875
31067.13;141113.28125
31067.14;141113.28125
31067.15;141357.421875
31067.16;141113.28125
31067.17;141357.421875
31067.18;141357.421875
31067.19;141113.28125
31067.2;141113.28125
31067.21;141113.28125
31067.22;141113.28125
31067.23;141357.421875
31067.24;141113.28125
31067.25;141357.421875
31067.26;141113.28125
31067.27;141113.28125
31067.28;141113.28125
31067.29;141113.28125
31067.3;141113.28125
31067.31;141113.28125
31067.32;141357.421875
31067.33;141113.28125
31067.34;141113.28125
31067.35;141357.421875
31067.36;141113.28125
31067.37;141113.28125
31067.38;141113.28125
31067.39;141357.421875
31067.4;141113.28125
31067.41;141113.28125
31067.42;141113.28125
31067.43;141357.421875
31067.44;141357.421875
31067.45;141357.421875
31067.46;141113.28125
31067.47;141113.28125
31067.48;141357.421875
31067.49;141357.421875
31067.5;141357.421875
31067.51;141113.28125
31067.52;141357.421875
31067.53;141113.28125
31067.54;141357.421875
31067.55;141357.421875
31067.56;141357.421875
31067.57;141113.28125
31067.58;141357.421875
31067.59;141113.28125
31067.6;141357.421875
31067.61;141357.421875
31067.62;141113.28125
31067.63;141113.28125
31067.64;141357.421875
31067.65;141357.421875
31067.66;141357.421875
31067.67;141113.28125
31067.68;141357.421875
31067.69;141113.28125
31067.7;141357.421875
31067.71;141113.28125
31067.72;141357.421875
31067.73;141113.28125
31067.74;141357.421875
31067.75;141357.421875
31067.76;141357.421875
31067.77;141357.421875
31067.78;141357.421875
31067.79;141113.28125
31067.8;141357.421875
31067.81;141113.28125
31067.82;141113.28125
31067.83;141113.28125
31067.84;141357.421875
31067.85;141113.28125
31067.86;141357.421875
31067.87;141113.28125
31067.88;141357.421875
31067.89;141113.28125
31067.9;141357.421875
31067.91;141357.421875
31067.92;141357.421875
31067.93;141113.28125
31067.94;141113.28125
31067.95;141357.421875
31067.96;141113.28125
31067.97;141357.421875
31067.98;141113.28125
31067.99;141113.28125
31068.0;141113.28125
31068.01;141357.421875
31068.02;141113.28125
31068.03;141113.28125
31068.04;141357.421875
31068.05;141357.421875
31068.06;141357.421875
31068.07;141113.28125
31068.08;141357.421875
31068.09;141357.421875
31068.1;141113.28125
31068.11;141357.421875
31068.12;141113.28125
31068.13;141357.421875
31068.14;141357.421875
31068.15;141357.421875
31068.16;141113.28125
31068.17;141357.421875
31068.18;141113.28125
31068.19;141113.28125
31068.2;141357.421875
31068.21;141357.421875
31068.22;141357.421875
31068.23;141357.421875
31068.24;141113.28125
31068.25;141357.421875
31068.26;141357.421875
31068.27;141357.421875
31068.28;141357.421875
31068.29;141357.421875
31068.3;141357.421875
31068.31;141357.421875
31068.32;141357.421875
31068.33;141113.28125
31068.34;141357.421875
31068.35;141357.421875
31068.36;141357.421875
31068.37;141357.421875
31068.38;141357.421875
31068.39;141357.421875
31068.4;141357.421875
31068.41;141113.28125
31068.42;141113.28125
31068.43;141113.28125
31068.44;141357.421875
31068.45;141357.421875
31068.46;141113.28125
31068.47;141357.421875
31068.48;141357.421875
31068.49;141113.28125
31068.5;141357.421875
31068.51;141357.421875
31068.52;141113.28125
31068.53;141113.28125
31068.54;141357.421875
31068.55;141113.28125
31068.56;141113.28125
31068.57;141113.28125
31068.58;141357.421875
31068.59;141357.421875
31068.6;141357.421875
31068.61;141357.421875
31068.62;141357.421875
31068.63;141357.421875
31068.64;141357.421875
31068.65;141113.28125
31068.66;141113.28125
31068.67;141357.421875
31068.68;141357.421875
31068.69;141357.421875
31068.7;141113.28125
31068.71;141357.421875
31068.72;141357.421875
31068.73;141357.421875
31068.74;141113.28125
31068.75;141357.421875
31068.76;141113.28125
31068.77;141357.421875
31068.78;141113.28125
31068.79;141357.421875
31068.8;141357.421875
31068.81;141113.28125
31068.82;141357.421875
31068.83;141357.421875
31068.84;141357.421875
31068.85;141357.421875
31068.86;141357.421875
31068.87;141357.421875
31068.88;141357.421875
31068.89;141357.421875
31068.9;141357.421875
31068.91;141357.421875
31068.92;141357.421875
31068.93;141357.421875
31068.94;141357.421875
31068.95;141357.421875
31068.96;141357.421875
31068.97;141357.421875
31068.98;141357.421875
31068.99;141357.421875
31069.0;141113.28125
31069.01;141357.421875
31069.02;141357.421875
31069.03;141357.421875
31069.04;141357.421875
31069.05;141357.421875
31069.06;141357.421875
31069.07;141357.421875
31069.08;141357.421875
31069.09;141113.28125
31069.1;141357.421875
31069.11;141357.421875
31069.12;141357.421875
31069.13;141357.421875
31069.14;141357.421875
31069.15;141357.421875
31069.16;141357.421875
31069.17;141357.421875
31069.18;141357.421875
31069.19;141113.28125
31069.2;141357.421875
31069.21;141357.421875
31069.22;141357.421875
31069.23;141357.421875
31069.24;141357.421875
31069.25;141357.421875
31069.26;141357.421875
31069.27;141357.421875
31069.28;141357.421875
31069.29;141357.421875
31069.3;141357.421875
31069.31;141357.421875
31069.32;141357.421875
31069.33;141357.421875
31069.34;141357.421875
31069.35;141357.421875
31069.36;141357.421875
31069.37;141357.421875
31069.38;141357.421875
31069.39;141357.421875
31069.4;141357.421875
31069.41;141357.421875
31069.42;141357.421875
31069.43;141357.421875
31069.44;141357.421875
31069.45;141357.421875
31069.46;141357.421875
31069.47;141357.421875
31069.48;141357.421875
31069.49;141357.421875
31069.5;141357.421875
31069.51;141357.421875
31069.52;141357.421875
31069.53;141357.421875
31069.54;141357.421875
31069.55;141357.421875
31069.56;141357.421875
31069.57;141357.421875
31069.58;141357.421875
31069.59;141357.421875
31069.6;141357.421875
31069.61;141357.421875
31069.62;141357.421875
31069.63;141357.421875
31069.64;141357.421875
31069.65;141357.421875
31069.66;141357.421875
31069.67;141357.421875
31069.68;141357.421875
31069.69;141357.421875
31069.7;141357.421875
31069.71;141357.421875
31069.72;141357.421875
31069.73;141357.421875
31069.74;141357.421875
31069.75;141357.421875
31069.76;141357.421875
31069.77;141357.421875
31069.78;141357.421875
31069.79;141357.421875
31069.8;141357.421875
31069.81;141357.421875
31069.82;141601.5625
31069.83;141357.421875
31069.84;141357.421875
31069.85;141357.421875
31069.86;141357.421875
31069.87;141357.421875
31069.88;141357.421875
31069.89;141357.421875
31069.9;141357.421875
31069.91;141357.421875
31069.92;141357.421875
31069.93;141601.5625
31069.94;141357.421875
31069.95;141357.421875
31069.96;141357.421875
31069.97;141357.421875
31069.98;141357.421875
31069.99;141357.421875
31070.0;141357.421875
31070.01;141357.421875
31070.02;141601.5625
31070.03;141357.421875
31070.04;141357.421875
31070.05;141357.421875
31070.06;141357.421875
31070.07;141357.421875
31070.08;141357.421875
31070.09;141357.421875
31070.1;141357.421875
31070.11;141357.421875
31070.12;141601.5625
31070.13;141357.421875
31070.14;141357.421875
31070.15;141357.421875
31070.16;141601.5625
31070.17;141357.421875
31070.18;141357.421875
31070.19;141357.421875
31070.2;141357.421875
31070.21;141357.421875
31070.22;141601.5625
31070.23;141601.5625
31070.24;141357.421875
31070.25;141357.421875
31070.26;141601.5625
31070.27;141357.421875
31070.28;141357.421875
31070.29;141601.5625
31070.3;141601.5625
31070.31;141601.5625
31070.32;141357.421875
31070.33;141357.421875
31070.34;141601.5625
31070.35;141357.421875
31070.36;141601.5625
31070.37;141357.421875
31070.38;141601.5625
31070.39;141357.421875
31070.4;141357.421875
31070.41;141601.5625
31070.42;141601.5625
31070.43;141357.421875
31070.44;141601.5625
31070.45;141601.5625
31070.46;141357.421875
31070.47;141601.5625
31070.48;141357.421875
31070.49;141601.5625
31070.5;141601.5625
31070.51;141357.421875
31070.52;141357.421875
31070.53;141601.5625
31070.54;141601.5625
31070.55;141601.5625
31070.56;141601.5625
31070.57;141601.5625
31070.58;141601.5625
31070.59;141601.5625
31070.6;141357.421875
31070.61;141601.5625
31070.62;141601.5625
31070.63;141357.421875
31070.64;141601.5625
31070.65;141601.5625
31070.66;141601.5625
31070.67;141601.5625
31070.68;141601.5625
31070.69;141601.5625
31070.7;141601.5625
31070.71;141357.421875
31070.72;141601.5625
31070.73;141601.5625
31070.74;141601.5625
31070.75;141357.421875
31070.76;141601.5625
31070.77;141601.5625
31070.78;141601.5625
31070.79;141601.5625
31070.8;141601.5625
31070.81;141601.5625
31070.82;141601.5625
31070.83;141601.5625
31070.84;141601.5625
31070.85;141601.5625
31070.86;141601.5625
31070.87;141601.5625
31070.88;141601.5625
31070.89;141601.5625
31070.9;141601.5625
31070.91;141601.5625
31070.92;141601.5625
31070.93;141601.5625
31070.94;141601.5625
31070.95;141601.5625
31070.96;141601.5625
31070.97;141601.5625
31070.98;141601.5625
31070.99;141601.5625
31071.0;141601.5625
31071.01;141601.5625
31071.02;141601.5625
31071.03;141601.5625
31071.04;141357.421875
31071.05;141601.5625
31071.06;141601.5625
31071.07;141601.5625
31071.08;141601.5625
31071.09;141601.5625
31071.1;141601.5625
31071.11;141601.5625
31071.12;141601.5625
31071.13;141601.5625
31071.14;141601.5625
31071.15;141601.5625
31071.16;141601.5625
31071.17;141601.5625
31071.18;141601.5625
31071.19;141601.5625
31071.2;141601.5625
31071.21;141601.5625
31071.22;141601.5625
31071.23;141601.5625
31071.24;141601.5625
31071.25;141845.703125
31071.26;141601.5625
31071.27;141601.5625
31071.28;141601.5625
31071.29;141601.5625
31071.3;141601.5625
31071.31;141601.5625
31071.32;141601.5625
31071.33;141601.5625
31071.34;141601.5625
31071.35;141601.5625
31071.36;141601.5625
31071.37;141601.5625
31071.38;141601.5625
31071.39;141601.5625
31071.4;141601.5625
31071.41;141601.5625
31071.42;141601.5625
31071.43;141601.5625
31071.44;141601.5625
31071.45;141601.5625
31071.46;141601.5625
31071.47;141601.5625
31071.48;141601.5625
31071.49;141601.5625
31071.5;141601.5625
31071.51;141601.5625
31071.52;141601.5625
31071.53;141601.5625
31071.54;141601.5625
31071.55;141601.5625
31071.56;141601.5625
31071.57;141601.5625
31071.58;141601.5625
31071.59;141601.5625
31071.6;141601.5625
31071.61;141601.5625
31071.62;141601.5625
31071.63;141601.5625
31071.64;141601.5625
31071.65;141601.5625
31071.66;141601.5625
31071.67;141601.5625
31071.68;141601.5625
31071.69;141601.5625
31071.7;141601.5625
31071.71;141601.5625
31071.72;141601.5625
31071.73;141601.5625
31071.74;141601.5625
31071.75;141601.5625
31071.76;141601.5625
31071.77;141601.5625
31071.78;141601.5625
31071.79;141601.5625
31071.8;141601.5625
31071.81;141601.5625
31071.82;141601.5625
31071.83;141601.5625
31071.84;141601.5625
31071.85;141601.5625
31071.86;141845.703125
31071.87;141601.5625
31071.88;141601.5625
31071.89;141601.5625
31071.9;141601.5625
31071.91;141845.703125
31071.92;141601.5625
31071.93;141845.703125
31071.94;141601.5625
31071.95;141601.5625
31071.96;141601.5625
31071.97;141601.5625
31071.98;141601.5625
31071.99;141601.5625
31072.0;141601.5625
31072.01;141601.5625
31072.02;141601.5625
31072.03;141601.5625
31072.04;141601.5625
31072.05;141601.5625
31072.06;141601.5625
31072.07;141601.5625
31072.08;141601.5625
31072.09;141601.5625
31072.1;141601.5625
31072.11;141601.5625
31072.12;141601.5625
31072.13;141601.5625
31072.14;141601.5625
31072.15;141601.5625
31072.16;141601.5625
31072.17;141601.5625
31072.18;141601.5625
31072.19;141601.5625
31072.2;141601.5625
31072.21;141601.5625
31072.22;141601.5625
31072.23;141601.5625
31072.24;141601.5625
31072.25;141845.703125
31072.26;141601.5625
31072.27;141601.5625
31072.28;141601.5625
31072.29;141601.5625
31072.3;141601.5625
31072.31;141601.5625
31072.32;141601.5625
31072.33;141601.5625
31072.34;141601.5625
31072.35;141601.5625
31072.36;141601.5625
31072.37;141601.5625
31072.38;141601.5625
31072.39;141601.5625
31072.4;141601.5625
31072.41;141601.5625
31072.42;141601.5625
31072.43;141601.5625
31072.44;141601.5625
31072.45;141601.5625
31072.46;141601.5625
31072.47;141601.5625
31072.48;141601.5625
31072.49;141601.5625
31072.5;141601.5625
31072.51;141601.5625
31072.52;141601.5625
31072.53;141601.5625
31072.54;141601.5625
31072.55;141601.5625
31072.56;141601.5625
31072.57;141601.5625
31072.58;141601.5625
31072.59;141601.5625
31072.6;141601.5625
31072.61;141601.5625
31072.62;141601.5625
31072.63;141601.5625
31072.64;141601.5625
31072.65;141601.5625
31072.66;141601.5625
31072.67;141601.5625
31072.68;141601.5625
31072.69;141601.5625
31072.7;141601.5625
31072.71;141601.5625
31072.72;141601.5625
31072.73;141601.5625
31072.74;141601.5625
31072.75;141601.5625
31072.76;141601.5625
31072.77;141601.5625
31072.78;141601.5625
31072.79;141601.5625
31072.8;141601.5625
31072.81;141601.5625
31072.82;141601.5625
31072.83;141601.5625
31072.84;141601.5625
31072.85;141601.5625
31072.86;141601.5625
31072.87;141601.5625
31072.88;141601.5625
31072.89;141601.5625
31072.9;141601.5625
31072.91;141601.5625
31072.92;141601.5625
31072.93;141601.5625
31072.94;141601.5625
31072.95;141601.5625
31072.96;141601.5625
31072.97;141601.5625
31072.98;141601.5625
31072.99;141601.5625
31073.0;141845.703125
31073.01;141601.5625
31073.02;141601.5625
31073.03;141601.5625
31073.04;141601.5625
31073.05;141601.5625
31073.06;141601.5625
31073.07;141601.5625
31073.08;141601.5625
31073.09;141601.5625
31073.1;141601.5625
31073.11;141601.5625
31073.12;141601.5625
31073.13;141601.5625
31073.14;141601.5625
31073.15;141601.5625
31073.16;141601.5625
31073.17;141601.5625
31073.18;141601.5625
31073.19;141601.5625
31073.2;141601.5625
31073.21;141601.5625
31073.22;141601.5625
31073.23;141601.5625
31073.24;141601.5625
31073.25;141601.5625
31073.26;141601.5625
31073.27;141601.5625
31073.28;141601.5625
31073.29;141601.5625
31073.3;141601.5625
31073.31;141601.5625
31073.32;141601.5625
31073.33;141601.5625
31073.34;141601.5625
31073.35;141601.5625
31073.36;141601.5625
31073.37;141601.5625
31073.38;141601.5625
31073.39;141601.5625
31073.4;141601.5625
31073.41;141601.5625
31073.42;141601.5625
31073.43;141601.5625
31073.44;141601.5625
31073.45;141601.5625
31073.46;141601.5625
31073.47;141601.5625
31073.48;141601.5625
31073.49;141601.5625
31073.5;141601.5625
31073.51;141601.5625
31073.52;141601.5625
31073.53;141601.5625
31073.54;141601.5625
31073.55;141601.5625
31073.56;141601.5625
31073.57;141601.5625
31073.58;141601.5625
31073.59;141601.5625
31073.6;141601.5625
31073.61;141601.5625
31073.62;141601.5625
31073.63;141601.5625
31073.64;141601.5625
31073.65;141601.5625
31073.66;141601.5625
31073.67;141601.5625
31073.68;141845.703125
31073.69;141601.5625
31073.7;141601.5625
31073.71;141601.5625
31073.72;141601.5625
31073.73;141601.5625
31073.74;141601.5625
31073.75;141601.5625
31073.76;141601.5625
31073.77;141601.5625
31073.78;141601.5625
31073.79;141601.5625
31073.8;141601.5625
31073.81;141601.5625
31073.82;141601.5625
31073.83;141601.5625
31073.84;141601.5625
31073.85;141601.5625
31073.86;141601.5625
31073.87;141601.5625
31073.88;141601.5625
31073.89;141601.5625
31073.9;141845.703125
31073.91;141601.5625
31073.92;141601.5625
31073.93;141601.5625
31073.94;141357.421875
31073.95;141845.703125
31073.96;141601.5625
31073.97;141601.5625
31073.98;141601.5625
31073.99;141601.5625
31074.0;141601.5625
31074.01;141601.5625
31074.02;141601.5625
31074.03;141601.5625
31074.04;141601.5625
31074.05;141601.5625
31074.06;141601.5625
31074.07;141601.5625
31074.08;141601.5625
31074.09;141601.5625
31074.1;141601.5625
31074.11;141601.5625
31074.12;141845.703125
31074.13;141601.5625
31074.14;141601.5625
31074.15;141601.5625
31074.16;141601.5625
31074.17;141601.5625
31074.18;141601.5625
31074.19;141601.5625
31074.2;141601.5625
31074.21;141601.5625
31074.22;141601.5625
31074.23;141845.703125
31074.24;141601.5625
31074.25;141601.5625
31074.26;141601.5625
31074.27;141601.5625
31074.28;141601.5625
31074.29;141601.5625
31074.3;141601.5625
31074.31;141601.5625
31074.32;141601.5625
31074.33;141601.5625
31074.34;141601.5625
31074.35;141601.5625
31074.36;141601.5625
31074.37;141601.5625
31074.38;141601.5625
31074.39;141601.5625
31074.4;141601.5625
31074.41;141601.5625
31074.42;141601.5625
31074.43;141601.5625
31074.44;141601.5625
31074.45;141601.5625
31074.46;141601.5625
31074.47;141601.5625
31074.48;141601.5625
31074.49;141601.5625
31074.5;141601.5625
31074.51;141601.5625
31074.52;141601.5625
31074.53;141601.5625
31074.54;141601.5625
31074.55;141601.5625
31074.56;141601.5625
31074.57;141601.5625
31074.58;141601.5625
31074.59;141601.5625
31074.6;141601.5625
31074.61;141601.5625
31074.62;210449.21875
31074.63;173339.84375
31074.64;137695.3125
31074.65;144042.96875
31074.66;142333.984375
31074.67;142333.984375
31074.68;161865.234375
31074.69;225097.65625
31074.7;135498.046875
31074.71;145019.53125
31074.72;142578.125
31074.73;142578.125
31074.74;142333.984375
31074.75;211914.0625
31074.76;173583.984375
31074.77;138183.59375
31074.78;144287.109375
31074.79;142578.125
31074.8;142578.125
31074.81;142333.984375
31074.82;142089.84375
31074.83;142089.84375
31074.84;142089.84375
31074.85;141845.703125
31074.86;141845.703125
31074.87;141845.703125
31074.88;211425.78125
31074.89;173339.84375
31074.9;137939.453125
31074.91;144042.96875
31074.92;142333.984375
31074.93;142333.984375
31074.94;142333.984375
31074.95;142089.84375
31074.96;142089.84375
31074.97;141845.703125
31074.98;141845.703125
31074.99;141845.703125
31075.0;141845.703125
31075.01;211425.78125
31075.02;173339.84375
31075.03;137939.453125
31075.04;144042.96875
31075.05;142333.984375
31075.06;142578.125
31075.07;142333.984375
31075.08;142089.84375
31075.09;142089.84375
31075.1;141845.703125
31075.11;141845.703125
31075.12;141845.703125
31075.13;141845.703125
31075.14;211425.78125
31075.15;173339.84375
31075.16;137695.3125
31075.17;144287.109375
31075.18;142333.984375
31075.19;142578.125
31075.2;142333.984375
31075.21;142089.84375
31075.22;141845.703125
31075.23;142089.84375
31075.24;141601.5625
31075.25;141845.703125
31075.26;141845.703125
31075.27;211425.78125
31075.28;173339.84375
31075.29;137695.3125
31075.3;144287.109375
31075.31;142333.984375
31075.32;142333.984375
31075.33;162109.375
31075.34;225097.65625
31075.35;135742.1875
31075.36;145019.53125
31075.37;142578.125
31075.38;142578.125
31075.39;142578.125
31075.4;211914.0625
31075.41;173583.984375
31075.42;138183.59375
31075.43;144531.25
31075.44;142578.125
31075.45;142578.125
31075.46;162109.375
31075.47;225097.65625
31075.48;135742.1875
31075.49;145019.53125
31075.5;142822.265625
31075.51;142822.265625
31075.52;142578.125
31075.53;211914.0625
31075.54;173583.984375
31075.55;138183.59375
31075.56;144531.25
31075.57;142578.125
31075.58;142822.265625
31075.59;162109.375
31075.6;225341.796875
31075.61;135742.1875
31075.62;145019.53125
31075.63;142822.265625
31075.64;142822.265625
31075.65;142578.125
31075.66;212158.203125
31075.67;173583.984375
31075.68;138183.59375
31075.69;144531.25
31075.7;142578.125
31075.71;142578.125
31075.72;162353.515625
31075.73;225097.65625
31075.74;135742.1875
31075.75;145019.53125
31075.76;142822.265625
31075.77;142578.125
31075.78;142578.125
31075.79;212158.203125
31075.8;173583.984375
31075.81;138183.59375
31075.82;144531.25
31075.83;142578.125
31075.84;142578.125
31075.85;142333.984375
31075.86;142089.84375
31075.87;142089.84375
31075.88;141845.703125
31075.89;142089.84375
31075.9;141845.703125
31075.91;141845.703125
31075.92;211669.921875
31075.93;173339.84375
31075.94;137939.453125
31075.95;144042.96875
31075.96;142333.984375
31075.97;142333.984375
31075.98;142333.984375
31075.99;142089.84375
31076.0;142089.84375
31076.01;141845.703125
31076.02;141845.703125
31076.03;141845.703125
31076.04;141845.703125
31076.05;211425.78125
31076.06;173339.84375
31076.07;137939.453125
31076.08;144042.96875
31076.09;142333.984375
31076.1;142578.125
31076.11;142089.84375
31076.12;142089.84375
31076.13;142089.84375
31076.14;141845.703125
31076.15;141845.703125
31076.16;141845.703125
31076.17;141845.703125
31076.18;211425.78125
31076.19;173095.703125
31076.2;137939.453125
31076.21;144042.96875
31076.22;142333.984375
31076.23;142578.125
31076.24;142333.984375
31076.25;142333.984375
31076.26;142089.84375
31076.27;141845.703125
31076.28;141845.703125
31076.29;141845.703125
31076.3;141845.703125
31076.31;211425.78125
31076.32;173339.84375
31076.33;137939.453125
31076.34;144042.96875
31076.35;142333.984375
31076.36;142578.125
31076.37;142089.84375
31076.38;142089.84375
31076.39;142089.84375
31076.4;141845.703125
31076.41;141845.703125
31076.42;141601.5625
31076.43;141845.703125
31076.44;211425.78125
31076.45;173095.703125
31076.46;137939.453125
31076.47;144042.96875
31076.48;142333.984375
31076.49;142333.984375
31076.5;142089.84375
31076.51;142089.84375
31076.52;141845.703125
31076.53;141845.703125
31076.54;141601.5625
31076.55;141601.5625
31076.56;141845.703125
31076.57;211425.78125
31076.58;173095.703125
31076.59;137695.3125
31076.6;144042.96875
31076.61;142333.984375
31076.62;142333.984375
31076.63;142089.84375
31076.64;142089.84375
31076.65;141845.703125
31076.66;141845.703125
31076.67;141601.5625
31076.68;141845.703125
31076.69;141601.5625
31076.7;211425.78125
31076.71;173095.703125
31076.72;137695.3125
31076.73;144042.96875
31076.74;142333.984375
31076.75;142333.984375
31076.76;142089.84375
31076.77;142089.84375
31076.78;141845.703125
31076.79;141845.703125
31076.8;141601.5625
31076.81;141845.703125
31076.82;141601.5625
31076.83;141601.5625
31076.84;141601.5625
31076.85;141601.5625
31076.86;141601.5625
31076.87;141601.5625
31076.88;141601.5625
31076.89;141601.5625
31076.9;141601.5625
31076.91;141601.5625
31076.92;141601.5625
31076.93;141357.421875
31076.94;141601.5625
31076.95;141601.5625
31076.96;141357.421875
31076.97;141601.5625
31076.98;141601.5625
31076.99;141601.5625
31077.0;141601.5625
31077.01;141357.421875
31077.02;141601.5625
31077.03;141357.421875
31077.04;141357.421875
31077.05;141601.5625
31077.06;141601.5625
31077.07;141601.5625
31077.08;141601.5625
31077.09;141601.5625
31077.1;141601.5625
31077.11;141601.5625
31077.12;141601.5625
31077.13;141357.421875
31077.14;141601.5625
31077.15;141601.5625
31077.16;141601.5625
31077.17;141601.5625
31077.18;141357.421875
31077.19;141601.5625
31077.2;141357.421875
31077.21;141601.5625
31077.22;141601.5625
31077.23;141601.5625
31077.24;141601.5625
31077.25;141601.5625
31077.26;141601.5625
31077.27;141357.421875
31077.28;141601.5625
31077.29;141601.5625
31077.3;141357.421875
31077.31;141601.5625
31077.32;141601.5625
31077.33;141601.5625
31077.34;141601.5625
31077.35;141357.421875
31077.36;141601.5625
31077.37;141357.421875
31077.38;141601.5625
31077.39;141601.5625
31077.4;141357.421875
31077.41;141601.5625
31077.42;141601.5625
31077.43;141601.5625
31077.44;141601.5625
31077.45;141601.5625
31077.46;141357.421875
31077.47;141357.421875
31077.48;141601.5625
31077.49;141601.5625
31077.5;141601.5625
31077.51;141357.421875
31077.52;141601.5625
31077.53;141357.421875
31077.54;141601.5625
31077.55;141601.5625
31077.56;141357.421875
31077.57;141601.5625
31077.58;141601.5625
31077.59;141357.421875
31077.6;141357.421875
31077.61;141601.5625
31077.62;141601.5625
31077.63;141357.421875
31077.64;141357.421875
31077.65;141357.421875
31077.66;141357.421875
31077.67;141357.421875
31077.68;141357.421875
31077.69;141357.421875
31077.7;141357.421875
31077.71;141357.421875
31077.72;141357.421875
31077.73;141601.5625
31077.74;141357.421875
31077.75;141601.5625
31077.76;141357.421875
31077.77;141357.421875
31077.78;141357.421875
31077.79;141357.421875
31077.8;141357.421875
31077.81;141357.421875
31077.82;141357.421875
31077.83;141357.421875
31077.84;141357.421875
31077.85;141357.421875
31077.86;141357.421875
31077.87;141357.421875
31077.88;141357.421875
31077.89;141357.421875
31077.9;141357.421875
31077.91;141357.421875
31077.92;141357.421875
31077.93;141357.421875
31077.94;141357.421875
31077.95;141357.421875
31077.96;141357.421875
31077.97;141357.421875
31077.98;141357.421875
31077.99;141357.421875
31078.0;141357.421875
31078.01;141357.421875
31078.02;141357.421875
31078.03;141357.421875
31078.04;141357.421875
31078.05;141357.421875
31078.06;141357.421875
31078.07;141357.421875
31078.08;141357.421875
31078.09;141357.421875
31078.1;141357.421875
31078.11;141357.421875
31078.12;141357.421875
31078.13;141357.421875
31078.14;141357.421875
31078.15;141357.421875
31078.16;141357.421875
31078.17;141357.421875
31078.18;141357.421875
31078.19;141357.421875
31078.2;141357.421875
31078.21;141357.421875
31078.22;141357.421875
31078.23;141357.421875
31078.24;141357.421875
31078.25;141357.421875
31078.26;141357.421875
31078.27;141357.421875
31078.28;141357.421875
31078.29;141357.421875
31078.3;141357.421875
31078.31;141357.421875
31078.32;141357.421875
31078.33;141357.421875
31078.34;141357.421875
31078.35;141113.28125
31078.36;141357.421875
31078.37;141357.421875
31078.38;141357.421875
31078.39;141357.421875
31078.4;141357.421875
31078.41;141357.421875
31078.42;141357.421875
31078.43;141357.421875
31078.44;141357.421875
31078.45;141357.421875
31078.46;141113.28125
31078.47;141357.421875
31078.48;141357.421875
31078.49;141357.421875
31078.5;141113.28125
31078.51;141357.421875
31078.52;141357.421875
31078.53;141357.421875
31078.54;141357.421875
31078.55;141357.421875
31078.56;141357.421875
31078.57;141357.421875
31078.58;141357.421875
31078.59;141357.421875
31078.6;141357.421875
31078.61;141357.421875
31078.62;141357.421875
31078.63;141357.421875
31078.64;141113.28125
31078.65;141357.421875
31078.66;141357.421875
31078.67;141113.28125
31078.68;141357.421875
31078.69;141357.421875
31078.7;141357.421875
31078.71;141357.421875
31078.72;141357.421875
31078.73;141357.421875
31078.74;141357.421875
31078.75;141357.421875
31078.76;141357.421875
31078.77;141357.421875
31078.78;141357.421875
31078.79;141357.421875
31078.8;141357.421875
31078.81;141113.28125
31078.82;141357.421875
31078.83;141357.421875
31078.84;141357.421875
31078.85;141113.28125
31078.86;141357.421875
31078.87;141357.421875
31078.88;141357.421875
31078.89;141113.28125
31078.9;141113.28125
31078.91;141357.421875
31078.92;141357.421875
31078.93;141357.421875
31078.94;141357.421875
31078.95;141357.421875
31078.96;141357.421875
31078.97;141113.28125
31078.98;141113.28125
31078.99;141113.28125
31079.0;141357.421875
31079.01;141113.28125
31079.02;141113.28125
31079.03;141357.421875
31079.04;141357.421875
31079.05;141113.28125
31079.06;141357.421875
31079.07;141357.421875
31079.08;141357.421875
31079.09;141113.28125
31079.1;141357.421875
31079.11;141113.28125
31079.12;141357.421875
31079.13;141113.28125
31079.14;141357.421875
31079.15;141113.28125
31079.16;141357.421875
31079.17;141357.421875
31079.18;141113.28125
31079.19;141357.421875
31079.2;141113.28125
31079.21;141113.28125
31079.22;141113.28125
31079.23;141113.28125
31079.24;141357.421875
31079.25;141357.421875
31079.26;141357.421875
31079.27;141357.421875
31079.28;141357.421875
31079.29;141113.28125
31079.3;141357.421875
31079.31;141113.28125
31079.32;141357.421875
31079.33;141357.421875
31079.34;141113.28125
31079.35;141357.421875
31079.36;141357.421875
31079.37;141113.28125
31079.38;141357.421875
31079.39;141113.28125
31079.4;141357.421875
31079.41;141357.421875
31079.42;141113.28125
31079.43;141357.421875
31079.44;141357.421875
31079.45;141357.421875
31079.46;141357.421875
31079.47;141113.28125
31079.48;141357.421875
31079.49;141113.28125
31079.5;141113.28125
31079.51;141357.421875
31079.52;141357.421875
31079.53;141357.421875
31079.54;141113.28125
31079.55;141357.421875
31079.56;141113.28125
31079.57;141357.421875
31079.58;141357.421875
31079.59;141113.28125
31079.6;141357.421875
31079.61;141113.28125
31079.62;141113.28125
31079.63;141357.421875
31079.64;141113.28125
31079.65;141357.421875
31079.66;141357.421875
31079.67;141357.421875
31079.68;141357.421875
31079.69;141357.421875
31079.7;141113.28125
31079.71;141357.421875
31079.72;141113.28125
31079.73;141357.421875
31079.74;141113.28125
31079.75;141357.421875
31079.76;141357.421875
31079.77;141357.421875
31079.78;141357.421875
31079.79;141357.421875
31079.8;141357.421875
31079.81;141113.28125
31079.82;141357.421875
31079.83;141357.421875
31079.84;141113.28125
31079.85;141113.28125
31079.86;141357.421875
31079.87;141113.28125
31079.88;141357.421875
31079.89;141113.28125
31079.9;141113.28125
31079.91;141357.421875
31079.92;141113.28125
31079.93;141357.421875
31079.94;141113.28125
31079.95;141113.28125
31079.96;141357.421875
31079.97;141113.28125
31079.98;141357.421875
31079.99;141357.421875
31080.0;141113.28125
31080.01;141113.28125
31080.02;141113.28125
31080.03;141357.421875
31080.04;141113.28125
31080.05;141357.421875
31080.06;141357.421875
31080.07;141113.28125
31080.08;141357.421875
31080.09;141357.421875
31080.1;141113.28125
31080.11;141357.421875
31080.12;141357.421875
31080.13;141357.421875
31080.14;141113.28125
31080.15;141113.28125
31080.16;141357.421875
31080.17;141113.28125
31080.18;141357.421875
31080.19;141113.28125
31080.2;141113.28125
31080.21;141113.28125
31080.22;141357.421875
31080.23;141113.28125
31080.24;141113.28125
31080.25;141357.421875
31080.26;141113.28125
31080.27;141113.28125
31080.28;141113.28125
31080.29;141357.421875
31080.3;141113.28125
31080.31;141113.28125
31080.32;141357.421875
31080.33;141357.421875
31080.34;141113.28125
31080.35;141357.421875
31080.36;141357.421875
31080.37;141113.28125
31080.38;141113.28125
31080.39;141357.421875
31080.4;141113.28125
31080.41;141113.28125
31080.42;141113.28125
31080.43;141113.28125
31080.44;141357.421875
31080.45;141113.28125
31080.46;141113.28125
31080.47;141113.28125
31080.48;141113.28125
31080.49;141113.28125
31080.5;141113.28125
31080.51;141113.28125
31080.52;141113.28125
31080.53;141113.28125
31080.54;141113.28125
31080.55;141357.421875
31080.56;141113.28125
31080.57;141113.28125
31080.58;141113.28125
31080.59;141113.28125
31080.6;141113.28125
31080.61;141113.28125
31080.62;141113.28125
31080.63;141113.28125
31080.64;141113.28125
31080.65;141357.421875
31080.66;141113.28125
31080.67;141113.28125
31080.68;141113.28125
31080.69;141113.28125
31080.7;141113.28125
31080.71;141113.28125
31080.72;141113.28125
31080.73;141113.28125
31080.74;141113.28125
31080.75;141113.28125
31080.76;141113.28125
31080.77;141113.28125
31080.78;141113.28125
31080.79;141113.28125
31080.8;141113.28125
31080.81;141113.28125
31080.82;141113.28125
31080.83;141113.28125
31080.84;141113.28125
31080.85;141113.28125
31080.86;141113.28125
31080.87;141113.28125
31080.88;141113.28125
31080.89;141357.421875
31080.9;141113.28125
31080.91;141113.28125
31080.92;141113.28125
31080.93;141113.28125
31080.94;141113.28125
31080.95;141113.28125
31080.96;141357.421875
31080.97;141113.28125
31080.98;141113.28125
31080.99;141113.28125
31081.0;141113.28125
31081.01;141113.28125
31081.02;141113.28125
31081.03;141113.28125
31081.04;141113.28125
31081.05;141113.28125
31081.06;141113.28125
31081.07;141113.28125
31081.08;141113.28125
31081.09;141113.28125
31081.1;141113.28125
31081.11;141357.421875
31081.12;141113.28125
31081.13;141113.28125
31081.14;141113.28125
31081.15;141113.28125
31081.16;141113.28125
31081.17;141113.28125
31081.18;141113.28125
31081.19;141357.421875
31081.2;141113.28125
31081.21;141357.421875
31081.22;141113.28125
31081.23;141113.28125
31081.24;141113.28125
31081.25;141113.28125
31081.26;141113.28125
31081.27;141113.28125
31081.28;141113.28125
31081.29;141357.421875
31081.3;141113.28125
31081.31;141113.28125
31081.32;141113.28125
31081.33;141357.421875
31081.34;141113.28125
31081.35;141113.28125
31081.36;141113.28125
31081.37;141113.28125
31081.38;141113.28125
31081.39;141113.28125
31081.4;141113.28125
31081.41;141357.421875
31081.42;141357.421875
31081.43;141113.28125
31081.44;141113.28125
31081.45;141113.28125
31081.46;141357.421875
31081.47;141357.421875
31081.48;141113.28125
31081.49;141113.28125
31081.5;141357.421875
31081.51;141113.28125
31081.52;141357.421875
31081.53;141113.28125
31081.54;141357.421875
31081.55;141113.28125
31081.56;141113.28125
31081.57;141357.421875
31081.58;141113.28125
31081.59;141113.28125
31081.6;141113.28125
31081.61;141357.421875
31081.62;141113.28125
31081.63;141357.421875
31081.64;141357.421875
31081.65;141113.28125
31081.66;141113.28125
31081.67;141357.421875
31081.68;141113.28125
31081.69;141113.28125
31081.7;141357.421875
31081.71;141357.421875
31081.72;141357.421875
31081.73;141357.421875
31081.74;141113.28125
31081.75;141113.28125
31081.76;141113.28125
31081.77;141113.28125
31081.78;141113.28125
31081.79;141113.28125
31081.8;141113.28125
31081.81;141113.28125
31081.82;141357.421875
31081.83;141113.28125
31081.84;141113.28125
31081.85;141113.28125
31081.86;141113.28125
31081.87;141113.28125
31081.88;141113.28125
31081.89;141357.421875
31081.9;141113.28125
31081.91;141113.28125
31081.92;141113.28125
31081.93;141357.421875
31081.94;141113.28125
31081.95;141357.421875
31081.96;141113.28125
31081.97;141357.421875
31081.98;141113.28125
31081.99;141113.28125
31082.0;141113.28125
31082.01;141357.421875
31082.02;141113.28125
31082.03;141113.28125
31082.04;141113.28125
31082.05;141357.421875
31082.06;141113.28125
31082.07;141357.421875
31082.08;141113.28125
31082.09;141113.28125
31082.1;141357.421875
31082.11;141357.421875
31082.12;141113.28125
31082.13;141113.28125
31082.14;141357.421875
31082.15;141113.28125
31082.16;141357.421875
31082.17;141113.28125
31082.18;141113.28125
31082.19;141113.28125
31082.2;141357.421875
31082.21;141113.28125
31082.22;141357.421875
31082.23;141357.421875
31082.24;141113.28125
31082.25;141113.28125
31082.26;141113.28125
31082.27;141357.421875
31082.28;141357.421875
31082.29;141113.28125
31082.3;141357.421875
31082.31;141113.28125
31082.32;141113.28125
31082.33;141113.28125
31082.34;141113.28125
31082.35;141113.28125
31082.36;141357.421875
31082.37;141113.28125
31082.38;141357.421875
31082.39;141113.28125
31082.4;141357.421875
31082.41;141113.28125
31082.42;141113.28125
31082.43;141113.28125
31082.44;141357.421875
31082.45;141113.28125
31082.46;141113.28125
31082.47;141357.421875
31082.48;141357.421875
31082.49;141113.28125
31082.5;141113.28125
31082.51;141113.28125
31082.52;141113.28125
31082.53;141357.421875
31082.54;141357.421875
31082.55;141113.28125
31082.56;141113.28125
31082.57;141113.28125
31082.58;141357.421875
31082.59;141113.28125
31082.6;141357.421875
31082.61;141113.28125
31082.62;141113.28125
31082.63;141357.421875
31082.64;141113.28125
31082.65;141113.28125
31082.66;141113.28125
31082.67;141357.421875
31082.68;141113.28125
31082.69;141113.28125
31082.7;141113.28125
31082.71;141113.28125
31082.72;141113.28125
31082.73;141113.28125
31082.74;141357.421875
31082.75;141113.28125
31082.76;141113.28125
31082.77;141113.28125
31082.78;141113.28125
31082.79;141113.28125
31082.8;141357.421875
31082.81;141357.421875
31082.82;141113.28125
31082.83;141113.28125
31082.84;141113.28125
31082.85;141113.28125
31082.86;141113.28125
31082.87;141113.28125
31082.88;141357.421875
31082.89;141113.28125
31082.9;141113.28125
31082.91;141113.28125
31082.92;141357.421875
31082.93;141113.28125
31082.94;141113.28125
31082.95;141113.28125
31082.96;141113.28125
31082.97;141357.421875
31082.98;141113.28125
31082.99;141113.28125
31083.0;141113.28125
31083.01;141113.28125
31083.02;141113.28125
31083.03;141113.28125
31083.04;141113.28125
31083.05;141113.28125
31083.06;141113.28125
31083.07;141113.28125
31083.08;141113.28125
31083.09;141357.421875
31083.1;141357.421875
31083.11;141357.421875
31083.12;141113.28125
31083.13;141113.28125
31083.14;141357.421875
31083.15;141113.28125
31083.16;141113.28125
31083.17;141113.28125
31083.18;141113.28125
31083.19;141113.28125
31083.2;141113.28125
31083.21;141113.28125
31083.22;141357.421875
31083.23;141113.28125
31083.24;141357.421875
31083.25;141113.28125
31083.26;141113.28125
31083.27;141357.421875
31083.28;141113.28125
31083.29;141113.28125
31083.3;141113.28125
31083.31;141113.28125
31083.32;141113.28125
31083.33;141113.28125
31083.34;141357.421875
31083.35;141113.28125
31083.36;141357.421875
31083.37;141113.28125
31083.38;141113.28125
31083.39;141113.28125
31083.4;141113.28125
31083.41;141113.28125
31083.42;141113.28125
31083.43;141113.28125
31083.44;141357.421875
31083.45;141357.421875
31083.46;141357.421875
31083.47;141357.421875
31083.48;141357.421875
31083.49;141357.421875
31083.5;141357.421875
31083.51;141113.28125
31083.52;141357.421875
31083.53;141357.421875
31083.54;141113.28125
31083.55;141113.28125
31083.56;141357.421875
31083.57;141357.421875
31083.58;141113.28125
31083.59;141357.421875
31083.6;141357.421875
31083.61;141113.28125
31083.62;141113.28125
31083.63;141357.421875
31083.64;141357.421875
31083.65;141357.421875
31083.66;141113.28125
31083.67;141357.421875
31083.68;141113.28125
31083.69;141113.28125
31083.7;141357.421875
31083.71;141357.421875
31083.72;141113.28125
31083.73;141357.421875
31083.74;141357.421875
31083.75;141113.28125
31083.76;141113.28125
31083.77;141357.421875
31083.78;141113.28125
31083.79;141113.28125
31083.8;141113.28125
31083.81;141357.421875
31083.82;141113.28125
31083.83;141357.421875
31083.84;141113.28125
31083.85;141113.28125
31083.86;141113.28125
31083.87;141113.28125
31083.88;141357.421875
31083.89;141113.28125
31083.9;141113.28125
31083.91;141113.28125
31083.92;141113.28125
31083.93;141113.28125
31083.94;141113.28125
31083.95;141357.421875
31083.96;141357.421875
31083.97;141113.28125
31083.98;141357.421875
31083.99;141113.28125
31084.0;141113.28125
31084.01;141357.421875
31084.02;141113.28125
31084.03;141357.421875
31084.04;141113.28125
31084.05;141357.421875
31084.06;141113.28125
31084.07;141113.28125
31084.08;141113.28125
31084.09;141113.28125
31084.1;141357.421875
31084.11;141113.28125
31084.12;141113.28125
31084.13;141113.28125
31084.14;141113.28125
31084.15;141113.28125
31084.16;141113.28125
31084.17;141113.28125
31084.18;141357.421875
31084.19;141113.28125
31084.2;141113.28125
31084.21;141113.28125
31084.22;141113.28125
31084.23;141113.28125
31084.24;141357.421875
31084.25;141113.28125
31084.26;141113.28125
31084.27;141113.28125
31084.28;141113.28125
31084.29;141113.28125
31084.3;141357.421875
31084.31;141357.421875
31084.32;141113.28125
31084.33;141113.28125
31084.34;141113.28125
31084.35;141113.28125
31084.36;141113.28125
31084.37;141113.28125
31084.38;141113.28125
31084.39;141357.421875
31084.4;141357.421875
31084.41;141113.28125
31084.42;141113.28125
31084.43;141113.28125
31084.44;141113.28125
31084.45;141113.28125
31084.46;141113.28125
31084.47;141113.28125
31084.48;141113.28125
31084.49;141113.28125
31084.5;141113.28125
31084.51;141113.28125
31084.52;141113.28125
31084.53;141113.28125
31084.54;141113.28125
31084.55;141113.28125
31084.56;141113.28125
31084.57;141113.28125
31084.58;141113.28125
31084.59;141113.28125
31084.6;141113.28125
31084.61;141113.28125
31084.62;141113.28125
31084.63;141113.28125
31084.64;141113.28125
31084.65;141113.28125
31084.66;141113.28125
31084.67;141113.28125
31084.68;141113.28125
31084.69;141113.28125
31084.7;141113.28125
31084.71;141113.28125
31084.72;141113.28125
31084.73;141113.28125
31084.74;141113.28125
31084.75;141113.28125
31084.76;141113.28125
31084.77;141113.28125
31084.78;141113.28125
31084.79;141113.28125
31084.8;141113.28125
31084.81;141113.28125
31084.82;141113.28125
31084.83;141113.28125
31084.84;141113.28125
31084.85;141113.28125
31084.86;141113.28125
31084.87;141113.28125
31084.88;141113.28125
31084.89;141113.28125
31084.9;141113.28125
31084.91;141113.28125
31084.92;141113.28125
31084.93;141113.28125
31084.94;141113.28125
31084.95;141113.28125
31084.96;141113.28125
31084.97;141113.28125
31084.98;141113.28125
31084.99;141113.28125
31085.0;141113.28125
31085.01;141113.28125
31085.02;141113.28125
31085.03;141113.28125
31085.04;141113.28125
31085.05;141113.28125
31085.06;141113.28125
31085.07;141113.28125
31085.08;141357.421875
31085.09;141113.28125
31085.1;141113.28125
31085.11;141113.28125
31085.12;141113.28125
31085.13;141113.28125
31085.14;141113.28125
31085.15;141113.28125
31085.16;141113.28125
31085.17;141113.28125
31085.18;141113.28125
31085.19;141113.28125
31085.2;141113.28125
31085.21;141113.28125
31085.22;141113.28125
31085.23;141113.28125
31085.24;141113.28125
31085.25;141113.28125
31085.26;141113.28125
31085.27;141113.28125
31085.28;141113.28125
31085.29;141113.28125
31085.3;141113.28125
31085.31;141113.28125
31085.32;141113.28125
31085.33;141113.28125
31085.34;141113.28125
31085.35;141113.28125
31085.36;141113.28125
31085.37;141113.28125
31085.38;141113.28125
31085.39;141113.28125
31085.4;141113.28125
31085.41;141113.28125
31085.42;141113.28125
31085.43;141113.28125
31085.44;141113.28125
31085.45;141357.421875
31085.46;141113.28125
31085.47;141113.28125
31085.48;141113.28125
31085.49;141113.28125
31085.5;141113.28125
31085.51;141113.28125
31085.52;141113.28125
31085.53;141113.28125
31085.54;141113.28125
31085.55;141357.421875
31085.56;141113.28125
31085.57;141113.28125
31085.58;141113.28125
31085.59;141357.421875
31085.6;141113.28125
31085.61;141113.28125
31085.62;141113.28125
31085.63;141113.28125
31085.64;141113.28125
31085.65;141113.28125
31085.66;141113.28125
31085.67;141113.28125
31085.68;141113.28125
31085.69;141113.28125
31085.7;141113.28125
31085.71;141357.421875
31085.72;141357.421875
31085.73;141113.28125
31085.74;141113.28125
31085.75;141113.28125
31085.76;141113.28125
31085.77;141357.421875
31085.78;141113.28125
31085.79;141113.28125
31085.8;141113.28125
31085.81;141113.28125
31085.82;141357.421875
31085.83;141113.28125
31085.84;141113.28125
31085.85;141113.28125
31085.86;141113.28125
31085.87;141113.28125
31085.88;141113.28125
31085.89;141113.28125
31085.9;141113.28125
31085.91;141357.421875
31085.92;141113.28125
31085.93;141113.28125
31085.94;141113.28125
31085.95;141113.28125
31085.96;141113.28125
31085.97;141113.28125
31085.98;141113.28125
31085.99;141113.28125
31086.0;141113.28125
31086.01;141113.28125
31086.02;141113.28125
31086.03;141357.421875
31086.04;141113.28125
31086.05;141357.421875
31086.06;141113.28125
31086.07;141113.28125
31086.08;141113.28125
31086.09;141113.28125
31086.1;141357.421875
31086.11;141113.28125
31086.12;141113.28125
31086.13;141113.28125
31086.14;141113.28125
31086.15;141113.28125
31086.16;141113.28125
31086.17;141113.28125
31086.18;141113.28125
31086.19;141113.28125
31086.2;141113.28125
31086.21;141113.28125
31086.22;141113.28125
31086.23;141357.421875
31086.24;141113.28125
31086.25;141113.28125
31086.26;141113.28125
31086.27;141113.28125
31086.28;141113.28125
31086.29;141113.28125
31086.3;141113.28125
31086.31;141357.421875
31086.32;141113.28125
31086.33;141113.28125
31086.34;141113.28125
31086.35;141113.28125
31086.36;141113.28125
31086.37;141113.28125
31086.38;141113.28125
31086.39;141113.28125
31086.4;141357.421875
31086.41;141113.28125
31086.42;141113.28125
31086.43;141113.28125
31086.44;141113.28125
31086.45;141113.28125
31086.46;141113.28125
31086.47;141113.28125
31086.48;141357.421875
31086.49;141113.28125
31086.5;141113.28125
31086.51;141113.28125
31086.52;141113.28125
31086.53;141113.28125
31086.54;141113.28125
31086.55;141113.28125
31086.56;141113.28125
31086.57;141113.28125
31086.58;141357.421875
31086.59;141113.28125
31086.6;141113.28125
31086.61;141113.28125
31086.62;141113.28125
31086.63;141113.28125
31086.64;141113.28125
31086.65;141113.28125
31086.66;141113.28125
31086.67;141113.28125
31086.68;141357.421875
31086.69;141113.28125
31086.7;141113.28125
31086.71;141113.28125
31086.72;141113.28125
31086.73;141113.28125
31086.74;141113.28125
31086.75;141113.28125
31086.76;141113.28125
31086.77;141357.421875
31086.78;141113.28125
31086.79;141113.28125
31086.8;141113.28125
31086.81;141113.28125
31086.82;141113.28125
31086.83;141357.421875
31086.84;141113.28125
31086.85;141113.28125
31086.86;141113.28125
31086.87;141113.28125
31086.88;141113.28125
31086.89;141357.421875
31086.9;141113.28125
31086.91;141113.28125
31086.92;141357.421875
31086.93;141113.28125
31086.94;141113.28125
31086.95;141113.28125
31086.96;141113.28125
31086.97;141357.421875
31086.98;141113.28125
31086.99;141113.28125
31087.0;141113.28125
31087.01;141113.28125
31087.02;141113.28125
31087.03;141113.28125
31087.04;141113.28125
31087.05;141113.28125
31087.06;141357.421875
31087.07;141113.28125
31087.08;141113.28125
31087.09;141113.28125
31087.1;141113.28125
31087.11;141357.421875
31087.12;141113.28125
31087.13;141113.28125
31087.14;141113.28125
31087.15;141113.28125
31087.16;141113.28125
31087.17;141113.28125
31087.18;141113.28125
31087.19;141113.28125
31087.2;141113.28125
31087.21;141113.28125
31087.22;141113.28125
31087.23;141113.28125
31087.24;141113.28125
31087.25;141113.28125
31087.26;141113.28125
31087.27;141113.28125
31087.28;141113.28125
31087.29;141113.28125
31087.3;141113.28125
31087.31;141113.28125
31087.32;141113.28125
31087.33;141113.28125
31087.34;141113.28125
31087.35;141113.28125
31087.36;141113.28125
31087.37;141113.28125
31087.38;141113.28125
31087.39;141113.28125
31087.4;141113.28125
31087.41;141113.28125
31087.42;141113.28125
31087.43;141113.28125
31087.44;141357.421875
31087.45;141113.28125
31087.46;141357.421875
31087.47;141357.421875
31087.48;141113.28125
31087.49;141357.421875
31087.5;141357.421875
31087.51;141357.421875
31087.52;141113.28125
31087.53;141357.421875
31087.54;141357.421875
31087.55;141113.28125
31087.56;141357.421875
31087.57;141113.28125
31087.58;141357.421875
31087.59;141113.28125
31087.6;141113.28125
31087.61;141357.421875
31087.62;141357.421875
31087.63;141357.421875
31087.64;141113.28125
31087.65;141357.421875
31087.66;141113.28125
31087.67;141113.28125
31087.68;141113.28125
31087.69;141113.28125
31087.7;141113.28125
31087.71;141113.28125
31087.72;141113.28125
31087.73;141357.421875
31087.74;141357.421875
31087.75;141357.421875
31087.76;141113.28125
31087.77;141113.28125
31087.78;141113.28125
31087.79;141113.28125
31087.8;141113.28125
31087.81;141113.28125
31087.82;141113.28125
31087.83;141113.28125
31087.84;141113.28125
31087.85;141357.421875
31087.86;141113.28125
31087.87;141357.421875
31087.88;141113.28125
31087.89;141113.28125
31087.9;141357.421875
31087.91;141357.421875
31087.92;141113.28125
31087.93;141357.421875
31087.94;141357.421875
31087.95;141357.421875
31087.96;141113.28125
31087.97;141113.28125
31087.98;141357.421875
31087.99;141113.28125
31088.0;141113.28125
31088.01;141113.28125
31088.02;141357.421875
31088.03;141357.421875
31088.04;141357.421875
31088.05;141357.421875
31088.06;141113.28125
31088.07;141357.421875
31088.08;141113.28125
31088.09;141357.421875
31088.1;141113.28125
31088.11;141357.421875
31088.12;141357.421875
31088.13;141357.421875
31088.14;141113.28125
31088.15;141357.421875
31088.16;141357.421875
31088.17;141357.421875
31088.18;141113.28125
31088.19;141357.421875
31088.2;141357.421875
31088.21;141357.421875
31088.22;141357.421875
31088.23;141113.28125
31088.24;141357.421875
31088.25;141357.421875
31088.26;141113.28125
31088.27;141357.421875
31088.28;141357.421875
31088.29;141357.421875
31088.3;141357.421875
31088.31;141357.421875
31088.32;141357.421875
31088.33;141357.421875
31088.34;141113.28125
31088.35;141357.421875
31088.36;141357.421875
31088.37;141357.421875
31088.38;141113.28125
31088.39;141357.421875
31088.4;141357.421875
31088.41;141113.28125
31088.42;141113.28125
31088.43;141357.421875
31088.44;141113.28125
31088.45;141113.28125
31088.46;141113.28125
31088.47;141113.28125
31088.48;141357.421875
31088.49;141357.421875
31088.5;141357.421875
31088.51;141113.28125
31088.52;141357.421875
31088.53;141113.28125
31088.54;141113.28125
31088.55;141113.28125
31088.56;141357.421875
31088.57;141113.28125
31088.58;141113.28125
31088.59;141113.28125
31088.6;141357.421875
31088.61;141357.421875
31088.62;141357.421875
31088.63;141113.28125
31088.64;141113.28125
31088.65;141357.421875
31088.66;141113.28125
31088.67;141113.28125
31088.68;141113.28125
31088.69;141357.421875
31088.7;141357.421875
31088.71;141113.28125
31088.72;141357.421875
31088.73;141357.421875
31088.74;141113.28125
31088.75;141357.421875
31088.76;141357.421875
31088.77;141357.421875
31088.78;141113.28125
31088.79;141357.421875
31088.8;141357.421875
31088.81;141113.28125
31088.82;141357.421875
31088.83;141357.421875
31088.84;141357.421875
31088.85;141357.421875
31088.86;141357.421875
31088.87;141357.421875
31088.88;141113.28125
31088.89;141357.421875
31088.9;141357.421875
31088.91;141357.421875
31088.92;141357.421875
31088.93;141357.421875
31088.94;141357.421875
31088.95;141357.421875
31088.96;141357.421875
31088.97;141113.28125
31088.98;141357.421875
31088.99;141357.421875
31089.0;141357.421875
31089.01;141357.421875
31089.02;141357.421875
31089.03;141357.421875
31089.04;141357.421875
31089.05;141357.421875
31089.06;141357.421875
31089.07;141357.421875
31089.08;141357.421875
31089.09;141357.421875
31089.1;141357.421875
31089.11;141357.421875
31089.12;141357.421875
31089.13;141357.421875
31089.14;141357.421875
31089.15;141357.421875
31089.16;141357.421875
31089.17;141357.421875
31089.18;141357.421875
31089.19;141357.421875
31089.2;141357.421875
31089.21;141357.421875
31089.22;141357.421875
31089.23;141357.421875
31089.24;141357.421875
31089.25;141357.421875
31089.26;141357.421875
31089.27;141357.421875
31089.28;141357.421875
31089.29;141357.421875
31089.3;141357.421875
31089.31;141357.421875
31089.32;141357.421875
31089.33;141357.421875
31089.34;141357.421875
31089.35;141357.421875
31089.36;141357.421875
31089.37;141357.421875
31089.38;141357.421875
31089.39;141357.421875
31089.4;141113.28125
31089.41;141357.421875
31089.42;141357.421875
31089.43;141357.421875
31089.44;141357.421875
31089.45;141357.421875
31089.46;141357.421875
31089.47;141357.421875
31089.48;141357.421875
31089.49;141357.421875
31089.5;141357.421875
31089.51;141357.421875
31089.52;141357.421875
31089.53;141357.421875
31089.54;141357.421875
31089.55;141357.421875
31089.56;141357.421875
31089.57;141357.421875
31089.58;141357.421875
31089.59;141357.421875
31089.6;141357.421875
31089.61;141357.421875
31089.62;141357.421875
31089.63;141357.421875
31089.64;141357.421875
31089.65;141357.421875
31089.66;141357.421875
31089.67;141357.421875
31089.68;141357.421875
31089.69;141357.421875
31089.7;141357.421875
31089.71;141357.421875
31089.72;141357.421875
31089.73;141357.421875
31089.74;141357.421875
31089.75;141357.421875
31089.76;141357.421875
31089.77;141357.421875
31089.78;141357.421875
31089.79;141357.421875
31089.8;141357.421875
31089.81;141357.421875
31089.82;141357.421875
31089.83;141357.421875
31089.84;141357.421875
31089.85;141357.421875
31089.86;141357.421875
31089.87;141357.421875
31089.88;141357.421875
31089.89;141357.421875
31089.9;141357.421875
31089.91;141357.421875
31089.92;141357.421875
31089.93;141357.421875
31089.94;141601.5625
31089.95;141357.421875
31089.96;141357.421875
31089.97;141357.421875
31089.98;141601.5625
31089.99;141357.421875
31090.0;141357.421875
31090.01;141357.421875
31090.02;141357.421875
31090.03;141357.421875
31090.04;141357.421875
31090.05;141357.421875
31090.06;141357.421875
31090.07;141357.421875
31090.08;141601.5625
31090.09;141357.421875
31090.1;141601.5625
31090.11;141357.421875
31090.12;141357.421875
31090.13;141357.421875
31090.14;141601.5625
31090.15;141357.421875
31090.16;141357.421875
31090.17;141357.421875
31090.18;141601.5625
31090.19;141357.421875
31090.2;141601.5625
31090.21;141357.421875
31090.22;141357.421875
31090.23;141357.421875
31090.24;141601.5625
31090.25;141357.421875
31090.26;141357.421875
31090.27;141357.421875
31090.28;141601.5625
31090.29;141357.421875
31090.3;141601.5625
31090.31;141601.5625
31090.32;141357.421875
31090.33;141357.421875
31090.34;141601.5625
31090.35;141357.421875
31090.36;141357.421875
31090.37;141357.421875
31090.38;141357.421875
31090.39;141357.421875
31090.4;141357.421875
31090.41;141601.5625
31090.42;141357.421875
31090.43;141601.5625
31090.44;141601.5625
31090.45;141601.5625
31090.46;141601.5625
31090.47;141601.5625
31090.48;141357.421875
31090.49;141601.5625
31090.5;141601.5625
31090.51;141357.421875
31090.52;141601.5625
31090.53;141601.5625
31090.54;141601.5625
31090.55;141601.5625
31090.56;141601.5625
31090.57;141357.421875
31090.58;141357.421875
31090.59;141601.5625
31090.6;141357.421875
31090.61;141357.421875
31090.62;141601.5625
31090.63;141601.5625
31090.64;141357.421875
31090.65;141601.5625
31090.66;141601.5625
31090.67;141601.5625
31090.68;141601.5625
31090.69;141601.5625
31090.7;141601.5625
31090.71;141601.5625
31090.72;141357.421875
31090.73;141601.5625
31090.74;141601.5625
31090.75;141601.5625
31090.76;141601.5625
31090.77;141601.5625
31090.78;141357.421875
31090.79;141357.421875
31090.8;141601.5625
31090.81;141601.5625
31090.82;141601.5625
31090.83;141601.5625
31090.84;141601.5625
31090.85;141601.5625
31090.86;141601.5625
31090.87;141601.5625
31090.88;141601.5625
31090.89;141357.421875
31090.9;141601.5625
31090.91;141601.5625
31090.92;141601.5625
31090.93;141601.5625
31090.94;141601.5625
31090.95;141357.421875
31090.96;141601.5625
31090.97;141601.5625
31090.98;141601.5625
31090.99;141601.5625
31091.0;141601.5625
31091.01;141601.5625
31091.02;141601.5625
31091.03;141601.5625
31091.04;141601.5625
31091.05;141601.5625
31091.06;141601.5625
31091.07;141601.5625
31091.08;141601.5625
31091.09;141601.5625
31091.1;141601.5625
31091.11;141601.5625
31091.12;141601.5625
31091.13;141601.5625
31091.14;141601.5625
31091.15;141601.5625
31091.16;141601.5625
31091.17;141601.5625
31091.18;141601.5625
31091.19;141601.5625
31091.2;141601.5625
31091.21;141601.5625
31091.22;141601.5625
31091.23;141601.5625
31091.24;141601.5625
31091.25;141601.5625
31091.26;141601.5625
31091.27;141601.5625
31091.28;141601.5625
31091.29;141601.5625
31091.3;141601.5625
31091.31;141601.5625
31091.32;141601.5625
31091.33;141601.5625
31091.34;141601.5625
31091.35;141601.5625
31091.36;141601.5625
31091.37;141601.5625
31091.38;141601.5625
31091.39;141601.5625
31091.4;141601.5625
31091.41;141601.5625
31091.42;141601.5625
31091.43;141601.5625
31091.44;141601.5625
31091.45;141601.5625
31091.46;141601.5625
31091.47;141601.5625
31091.48;141601.5625
31091.49;141601.5625
31091.5;141601.5625
31091.51;141601.5625
31091.52;141601.5625
31091.53;141601.5625
31091.54;141601.5625
31091.55;141601.5625
31091.56;141601.5625
31091.57;141601.5625
31091.58;141601.5625
31091.59;141601.5625
31091.6;141601.5625
31091.61;141601.5625
31091.62;141601.5625
31091.63;141845.703125
31091.64;141601.5625
31091.65;141601.5625
31091.66;141601.5625
31091.67;141601.5625
31091.68;141601.5625
31091.69;141601.5625
31091.7;141601.5625
31091.71;141601.5625
31091.72;141601.5625
31091.73;141601.5625
31091.74;141845.703125
31091.75;141601.5625
31091.76;141601.5625
31091.77;141601.5625
31091.78;141601.5625
31091.79;141601.5625
31091.8;141601.5625
31091.81;141601.5625
31091.82;141601.5625
31091.83;141601.5625
31091.84;141601.5625
31091.85;141601.5625
31091.86;141601.5625
31091.87;141601.5625
31091.88;141601.5625
31091.89;141601.5625
31091.9;141601.5625
31091.91;141601.5625
31091.92;141601.5625
31091.93;141601.5625
31091.94;141601.5625
31091.95;141601.5625
31091.96;141601.5625
31091.97;141601.5625
31091.98;141601.5625
31091.99;141601.5625
31092.0;141601.5625
31092.01;141601.5625
31092.02;141601.5625
31092.03;141601.5625
31092.04;141845.703125
31092.05;141601.5625
31092.06;141601.5625
31092.07;141601.5625
31092.08;141601.5625
31092.09;141601.5625
31092.1;141601.5625
31092.11;141601.5625
31092.12;141601.5625
31092.13;141601.5625
31092.14;141601.5625
31092.15;141601.5625
31092.16;141601.5625
31092.17;141601.5625
31092.18;141601.5625
31092.19;141601.5625
31092.2;141601.5625
31092.21;141601.5625
31092.22;141601.5625
31092.23;141601.5625
31092.24;141601.5625
31092.25;141601.5625
31092.26;141601.5625
31092.27;141601.5625
31092.28;141601.5625
31092.29;141601.5625
31092.3;141601.5625
31092.31;141601.5625
31092.32;141601.5625
31092.33;141601.5625
31092.34;141601.5625
31092.35;141601.5625
31092.36;141601.5625
31092.37;141601.5625
31092.38;141601.5625
31092.39;141601.5625
31092.4;141601.5625
31092.41;141601.5625
31092.42;141601.5625
31092.43;141601.5625
31092.44;141601.5625
31092.45;141601.5625
31092.46;141601.5625
31092.47;141601.5625
31092.48;141601.5625
31092.49;141601.5625
31092.5;141601.5625
31092.51;141601.5625
31092.52;141601.5625
31092.53;141601.5625
31092.54;141601.5625
31092.55;141601.5625
31092.56;141601.5625
31092.57;141601.5625
31092.58;141601.5625
31092.59;141601.5625
31092.6;141601.5625
31092.61;141601.5625
31092.62;212158.203125
31092.63;171386.71875
31092.64;137939.453125
31092.65;144042.96875
31092.66;142333.984375
31092.67;142333.984375
31092.68;163330.078125
31092.69;224121.09375
31092.7;135253.90625
31092.71;145019.53125
31092.72;142578.125
31092.73;142578.125
31092.74;142333.984375
31092.75;213623.046875
31092.76;171630.859375
31092.77;138427.734375
31092.78;144287.109375
31092.79;142578.125
31092.8;142578.125
31092.81;142333.984375
31092.82;142333.984375
31092.83;141845.703125
31092.84;141845.703125
31092.85;141845.703125
31092.86;141845.703125
31092.87;141845.703125
31092.88;213134.765625
31092.89;171386.71875
31092.9;138183.59375
31092.91;144042.96875
31092.92;142333.984375
31092.93;142333.984375
31092.94;142089.84375
31092.95;142089.84375
31092.96;141845.703125
31092.97;141845.703125
31092.98;141845.703125
31092.99;141845.703125
31093.0;141845.703125
31093.01;213134.765625
31093.02;171386.71875
31093.03;138183.59375
31093.04;144042.96875
31093.05;142333.984375
31093.06;142333.984375
31093.07;142333.984375
31093.08;142089.84375
31093.09;142089.84375
31093.1;141845.703125
31093.11;141845.703125
31093.12;141845.703125
31093.13;141845.703125
31093.14;213134.765625
31093.15;171386.71875
31093.16;138183.59375
31093.17;144042.96875
31093.18;142333.984375
31093.19;142578.125
31093.2;142333.984375
31093.21;142089.84375
31093.22;141845.703125
31093.23;141845.703125
31093.24;141845.703125
31093.25;141845.703125
31093.26;141845.703125
31093.27;213134.765625
31093.28;171386.71875
31093.29;138183.59375
31093.3;144042.96875
31093.31;142333.984375
31093.32;142333.984375
31093.33;163330.078125
31093.34;224121.09375
31093.35;135253.90625
31093.36;145019.53125
31093.37;142578.125
31093.38;142578.125
31093.39;142333.984375
31093.4;213623.046875
31093.41;171630.859375
31093.42;138427.734375
31093.43;144287.109375
31093.44;142578.125
31093.45;142578.125
31093.46;163574.21875
31093.47;224121.09375
31093.48;135253.90625
31093.49;145263.671875
31093.5;142578.125
31093.51;142822.265625
31093.52;142578.125
31093.53;213867.1875
31093.54;171630.859375
31093.55;138671.875
31093.56;144287.109375
31093.57;142578.125
31093.58;142578.125
31093.59;163574.21875
31093.6;224121.09375
31093.61;135253.90625
31093.62;145019.53125
31093.63;142578.125
31093.64;142822.265625
31093.65;142578.125
31093.66;213623.046875
31093.67;171630.859375
31093.68;138671.875
31093.69;144287.109375
31093.7;142578.125
31093.71;142578.125
31093.72;163574.21875
31093.73;224121.09375
31093.74;135253.90625
31093.75;145019.53125
31093.76;142578.125
31093.77;142822.265625
31093.78;142578.125
31093.79;213623.046875
31093.8;171630.859375
31093.81;138427.734375
31093.82;144287.109375
31093.83;142578.125
31093.84;142578.125
31093.85;142333.984375
31093.86;142089.84375
31093.87;142089.84375
31093.88;142089.84375
31093.89;141845.703125
31093.9;141845.703125
31093.91;141845.703125
31093.92;213134.765625
31093.93;171142.578125
31093.94;138183.59375
31093.95;144042.96875
31093.96;142333.984375
31093.97;142333.984375
31093.98;142089.84375
31093.99;142089.84375
31094.0;141845.703125
31094.01;141845.703125
31094.02;141845.703125
31094.03;141845.703125
31094.04;141845.703125
31094.05;213134.765625
31094.06;171142.578125
31094.07;138183.59375
31094.08;144042.96875
31094.09;142333.984375
31094.1;142578.125
31094.11;142333.984375
31094.12;142089.84375
31094.13;141845.703125
31094.14;141845.703125
31094.15;141845.703125
31094.16;141845.703125
31094.17;141845.703125
31094.18;213134.765625
31094.19;171142.578125
31094.2;138183.59375
31094.21;144042.96875
31094.22;142333.984375
31094.23;142333.984375
31094.24;142089.84375
31094.25;142089.84375
31094.26;141845.703125
31094.27;141845.703125
31094.28;141845.703125
31094.29;141845.703125
31094.3;141845.703125
31094.31;213134.765625
31094.32;171142.578125
31094.33;138183.59375
31094.34;144042.96875
31094.35;142333.984375
31094.36;142333.984375
31094.37;142089.84375
31094.38;142089.84375
31094.39;141845.703125
31094.4;141845.703125
31094.41;141845.703125
31094.42;141845.703125
31094.43;141845.703125
31094.44;213134.765625
31094.45;171142.578125
31094.46;138183.59375
31094.47;144042.96875
31094.48;142333.984375
31094.49;142333.984375
31094.5;142333.984375
31094.51;142089.84375
31094.52;142089.84375
31094.53;141845.703125
31094.54;141845.703125
31094.55;141845.703125
31094.56;141845.703125
31094.57;213378.90625
31094.58;171142.578125
31094.59;138183.59375
31094.6;144042.96875
31094.61;142333.984375
31094.62;142333.984375
31094.63;142333.984375
31094.64;142089.84375
31094.65;141845.703125
31094.66;141845.703125
31094.67;141845.703125
31094.68;141601.5625
31094.69;141845.703125
31094.7;213378.90625
31094.71;170898.4375
31094.72;138183.59375
31094.73;144042.96875
31094.74;142333.984375
31094.75;142333.984375
31094.76;142333.984375
31094.77;142089.84375
31094.78;142089.84375
31094.79;141845.703125
31094.8;141845.703125
31094.81;141601.5625
31094.82;141601.5625
31094.83;141601.5625
31094.84;141845.703125
31094.85;141601.5625
31094.86;141601.5625
31094.87;141601.5625
31094.88;141601.5625
31094.89;141601.5625
31094.9;141601.5625
31094.91;141601.5625
31094.92;141601.5625
31094.93;141601.5625
31094.94;141601.5625
31094.95;141601.5625
31094.96;141601.5625
31094.97;141601.5625
31094.98;141601.5625
31094.99;141601.5625
31095.0;141601.5625
31095.01;141601.5625
31095.02;141601.5625
31095.03;141601.5625
31095.04;141601.5625
31095.05;141601.5625
31095.06;141601.5625
31095.07;141601.5625
31095.08;141601.5625
31095.09;141601.5625
31095.1;141601.5625
31095.11;141601.5625
31095.12;141601.5625
31095.13;141601.5625
31095.14;141601.5625
31095.15;141601.5625
31095.16;141601.5625
31095.17;141601.5625
31095.18;141601.5625
31095.19;141601.5625
31095.2;141601.5625
31095.21;141601.5625
31095.22;141601.5625
31095.23;141601.5625
31095.24;141601.5625
31095.25;141601.5625
31095.26;141601.5625
31095.27;141601.5625
31095.28;141601.5625
31095.29;141601.5625
31095.3;141601.5625
31095.31;141601.5625
31095.32;141601.5625
31095.33;141601.5625
31095.34;141601.5625
31095.35;141601.5625
31095.36;141601.5625
31095.37;141601.5625
31095.38;141601.5625
31095.39;141601.5625
31095.4;141601.5625
31095.41;141601.5625
31095.42;141601.5625
31095.43;141601.5625
31095.44;141601.5625
31095.45;141601.5625
31095.46;141601.5625
31095.47;141601.5625
31095.48;141601.5625
31095.49;141601.5625
31095.5;141601.5625
31095.51;141601.5625
31095.52;141601.5625
31095.53;141601.5625
31095.54;141601.5625
31095.55;141601.5625
31095.56;141845.703125
31095.57;141601.5625
31095.58;141601.5625
31095.59;141601.5625
31095.6;141601.5625
31095.61;141601.5625
31095.62;141601.5625
31095.63;141601.5625
31095.64;141601.5625
31095.65;141601.5625
31095.66;141601.5625
31095.67;141601.5625
31095.68;141601.5625
31095.69;141601.5625
31095.7;141601.5625
31095.71;141601.5625
31095.72;141601.5625
31095.73;141601.5625
31095.74;141601.5625
31095.75;141601.5625
31095.76;141601.5625
31095.77;141601.5625
31095.78;141601.5625
31095.79;141601.5625
31095.8;141601.5625
31095.81;141601.5625
31095.82;141601.5625
31095.83;141601.5625
31095.84;141601.5625
31095.85;141601.5625
31095.86;141601.5625
31095.87;141601.5625
31095.88;141601.5625
31095.89;141601.5625
31095.9;141601.5625
31095.91;141601.5625
31095.92;141601.5625
31095.93;141601.5625
31095.94;141601.5625
31095.95;141601.5625
31095.96;141601.5625
31095.97;141601.5625
31095.98;141601.5625
31095.99;141601.5625
31096.0;141601.5625
31096.01;141601.5625
31096.02;141601.5625
31096.03;141601.5625
31096.04;141601.5625
31096.05;141601.5625
31096.06;141601.5625
31096.07;141601.5625
31096.08;141601.5625
31096.09;141601.5625
31096.1;141601.5625
31096.11;141601.5625
31096.12;141601.5625
31096.13;141601.5625
31096.14;141601.5625
31096.15;141601.5625
31096.16;141601.5625
31096.17;141601.5625
31096.18;141601.5625
31096.19;141601.5625
31096.2;141601.5625
31096.21;141601.5625
31096.22;141601.5625
31096.23;141601.5625
31096.24;141601.5625
31096.25;141601.5625
31096.26;141601.5625
31096.27;141601.5625
31096.28;141601.5625
31096.29;141601.5625
31096.3;141601.5625
31096.31;141601.5625
31096.32;141601.5625
31096.33;141601.5625
31096.34;141601.5625
31096.35;141601.5625
31096.36;141601.5625
31096.37;141601.5625
31096.38;141601.5625
31096.39;141601.5625
31096.4;141601.5625
31096.41;141601.5625
31096.42;141601.5625
31096.43;141601.5625
31096.44;141601.5625
31096.45;141601.5625
31096.46;141601.5625
31096.47;141601.5625
31096.48;141601.5625
31096.49;141601.5625
31096.5;141601.5625
31096.51;141601.5625
31096.52;141601.5625
31096.53;141601.5625
31096.54;141601.5625
31096.55;141601.5625
31096.56;141601.5625
31096.57;141601.5625
31096.58;141601.5625
31096.59;141601.5625
31096.6;141601.5625
31096.61;141601.5625
31096.62;141601.5625
31096.63;141601.5625
31096.64;141601.5625
31096.65;141601.5625
31096.66;141601.5625
31096.67;141601.5625
31096.68;141601.5625
31096.69;141601.5625
31096.7;141601.5625
31096.71;141357.421875
31096.72;141601.5625
31096.73;141601.5625
31096.74;141601.5625
31096.75;141601.5625
31096.76;141601.5625
31096.77;141601.5625
31096.78;141601.5625
31096.79;141601.5625
31096.8;141601.5625
31096.81;141601.5625
31096.82;141601.5625
31096.83;141601.5625
31096.84;141601.5625
31096.85;141601.5625
31096.86;141601.5625
31096.87;141601.5625
31096.88;141601.5625
31096.89;141601.5625
31096.9;141601.5625
31096.91;141601.5625
31096.92;141601.5625
31096.93;141601.5625
31096.94;141601.5625
31096.95;141601.5625
31096.96;141601.5625
31096.97;141601.5625
31096.98;141357.421875
31096.99;141601.5625
31097.0;141601.5625
31097.01;141601.5625
31097.02;141601.5625
31097.03;141601.5625
31097.04;141601.5625
31097.05;141601.5625
31097.06;141601.5625
31097.07;141601.5625
31097.08;141601.5625
31097.09;141601.5625
31097.1;141601.5625
31097.11;141601.5625
31097.12;141601.5625
31097.13;141601.5625
31097.14;141601.5625
31097.15;141601.5625
31097.16;141601.5625
31097.17;141601.5625
31097.18;141601.5625
31097.19;141601.5625
31097.2;141601.5625
31097.21;141601.5625
31097.22;141601.5625
31097.23;141601.5625
31097.24;141601.5625
31097.25;141601.5625
31097.26;141601.5625
31097.27;141601.5625
31097.28;141601.5625
31097.29;141601.5625
31097.3;141601.5625
31097.31;141601.5625
31097.32;141601.5625
31097.33;141601.5625
31097.34;141601.5625
31097.35;141601.5625
31097.36;141601.5625
31097.37;141601.5625
31097.38;141601.5625
31097.39;141601.5625
31097.4;141601.5625
31097.41;141601.5625
31097.42;141601.5625
31097.43;141601.5625
31097.44;141601.5625
31097.45;141601.5625
31097.46;141601.5625
31097.47;141601.5625
31097.48;141601.5625
31097.49;141601.5625
31097.5;141601.5625
31097.51;141601.5625
31097.52;141601.5625
31097.53;141357.421875
31097.54;141601.5625
31097.55;141601.5625
31097.56;141601.5625
31097.57;141357.421875
31097.58;141601.5625
31097.59;141357.421875
31097.6;141601.5625
31097.61;141601.5625
31097.62;141601.5625
31097.63;141601.5625
31097.64;141601.5625
31097.65;141357.421875
31097.66;141357.421875
31097.67;141601.5625
31097.68;141601.5625
31097.69;141601.5625
31097.7;141357.421875
31097.71;141357.421875
31097.72;141601.5625
31097.73;141601.5625
31097.74;141601.5625
31097.75;141601.5625
31097.76;141601.5625
31097.77;141357.421875
31097.78;141601.5625
31097.79;141601.5625
31097.8;141357.421875
31097.81;141357.421875
31097.82;141357.421875
31097.83;141601.5625
31097.84;141357.421875
31097.85;141601.5625
31097.86;141601.5625
31097.87;141357.421875
31097.88;141357.421875
31097.89;141357.421875
31097.9;141357.421875
31097.91;141357.421875
31097.92;141357.421875
31097.93;141601.5625
31097.94;141601.5625
31097.95;141357.421875
31097.96;141357.421875
31097.97;141601.5625
31097.98;141601.5625
31097.99;141357.421875
31098.0;141601.5625
31098.01;141357.421875
31098.02;141357.421875
31098.03;141357.421875
31098.04;141357.421875
31098.05;141357.421875
31098.06;141357.421875
31098.07;141357.421875
31098.08;141357.421875
31098.09;141357.421875
31098.1;141357.421875
31098.11;141357.421875
31098.12;141357.421875
31098.13;141357.421875
31098.14;141357.421875
31098.15;141357.421875
31098.16;141357.421875
31098.17;141357.421875
31098.18;141601.5625
31098.19;141357.421875
31098.2;141357.421875
31098.21;141357.421875
31098.22;141357.421875
31098.23;141357.421875
31098.24;141357.421875
31098.25;141357.421875
31098.26;141357.421875
31098.27;141357.421875
31098.28;141357.421875
31098.29;141357.421875
31098.3;141357.421875
31098.31;141357.421875
31098.32;141357.421875
31098.33;141357.421875
31098.34;141357.421875
31098.35;141357.421875
31098.36;141357.421875
31098.37;141357.421875
31098.38;141357.421875
31098.39;141357.421875
31098.4;141357.421875
31098.41;141357.421875
31098.42;141357.421875
31098.43;141357.421875
31098.44;141357.421875
31098.45;141357.421875
31098.46;141357.421875
31098.47;141357.421875
31098.48;141357.421875
31098.49;141357.421875
31098.5;141357.421875
31098.51;141357.421875
31098.52;141357.421875
31098.53;141357.421875
31098.54;141357.421875
31098.55;141357.421875
31098.56;141357.421875
31098.57;141357.421875
31098.58;141357.421875
31098.59;141357.421875
31098.6;141357.421875
31098.61;141357.421875
31098.62;141357.421875
31098.63;141357.421875
31098.64;141357.421875
31098.65;141357.421875
31098.66;141357.421875
31098.67;141357.421875
31098.68;141357.421875
31098.69;141357.421875
31098.7;141357.421875
31098.71;141357.421875
31098.72;141357.421875
31098.73;141357.421875
31098.74;141357.421875
31098.75;141357.421875
31098.76;141357.421875
31098.77;141357.421875
31098.78;141357.421875
31098.79;141357.421875
31098.8;141357.421875
31098.81;141357.421875
31098.82;141357.421875
31098.83;141357.421875
31098.84;141357.421875
31098.85;141113.28125
31098.86;141357.421875
31098.87;141357.421875
31098.88;141357.421875
31098.89;141113.28125
31098.9;141357.421875
31098.91;141113.28125
31098.92;141357.421875
31098.93;141357.421875
31098.94;141357.421875
31098.95;141357.421875
31098.96;141357.421875
31098.97;141357.421875
31098.98;141357.421875
31098.99;141357.421875
31099.0;141357.421875
31099.01;141113.28125
31099.02;141357.421875
31099.03;141357.421875
31099.04;141357.421875
31099.05;141357.421875
31099.06;141113.28125
31099.07;141357.421875
31099.08;141357.421875
31099.09;141357.421875
31099.1;141357.421875
31099.11;141357.421875
31099.12;141357.421875
31099.13;141357.421875
31099.14;141113.28125
31099.15;141357.421875
31099.16;141357.421875
31099.17;141357.421875
31099.18;141113.28125
31099.19;141357.421875
31099.2;141357.421875
31099.21;141357.421875
31099.22;141357.421875
31099.23;141357.421875
31099.24;141357.421875
31099.25;141357.421875
31099.26;141357.421875
31099.27;141357.421875
31099.28;141357.421875
31099.29;141113.28125
31099.3;141357.421875
31099.31;141357.421875
31099.32;141113.28125
31099.33;141357.421875
31099.34;141357.421875
31099.35;141357.421875
31099.36;141357.421875
31099.37;141357.421875
31099.38;141113.28125
31099.39;141357.421875
31099.4;141113.28125
31099.41;141113.28125
31099.42;141357.421875
31099.43;141357.421875
31099.44;141357.421875
31099.45;141357.421875
31099.46;141357.421875
31099.47;141357.421875
31099.48;141357.421875
31099.49;141357.421875
31099.5;141357.421875
31099.51;141357.421875
31099.52;141113.28125
31099.53;141357.421875
31099.54;141357.421875
31099.55;141357.421875
31099.56;141357.421875
31099.57;141357.421875
31099.58;141357.421875
31099.59;141357.421875
31099.6;141357.421875
31099.61;141357.421875
31099.62;141357.421875
31099.63;141357.421875
31099.64;141357.421875
31099.65;141357.421875
31099.66;141357.421875
31099.67;141357.421875
31099.68;141357.421875
31099.69;141357.421875
31099.7;141357.421875
31099.71;141357.421875
31099.72;141357.421875
31099.73;141357.421875
31099.74;141357.421875
31099.75;141357.421875
31099.76;141357.421875
31099.77;141113.28125
31099.78;141357.421875
31099.79;141357.421875
31099.8;141357.421875
31099.81;141357.421875
31099.82;141113.28125
31099.83;141357.421875
31099.84;141357.421875
31099.85;141113.28125
31099.86;141357.421875
31099.87;141113.28125
31099.88;141357.421875
31099.89;141113.28125
31099.9;141357.421875
31099.91;141357.421875
31099.92;141113.28125
31099.93;141357.421875
31099.94;141357.421875
31099.95;141113.28125
31099.96;141357.421875
31099.97;141357.421875
31099.98;141357.421875
31099.99;141357.421875
31100.0;141113.28125
31100.01;141357.421875
31100.02;141113.28125
31100.03;141357.421875
31100.04;141357.421875
31100.05;141113.28125
31100.06;141357.421875
31100.07;141113.28125
31100.08;141113.28125
31100.09;141357.421875
31100.1;141113.28125
31100.11;141357.421875
31100.12;141113.28125
31100.13;141113.28125
31100.14;141357.421875
31100.15;141113.28125
31100.16;141357.421875
31100.17;141357.421875
31100.18;141113.28125
31100.19;141113.28125
31100.2;141357.421875
31100.21;141113.28125
31100.22;141357.421875
31100.23;141113.28125
31100.24;141113.28125
31100.25;141113.28125
31100.26;141357.421875
31100.27;141113.28125
31100.28;141113.28125
31100.29;141357.421875
31100.3;141113.28125
31100.31;141113.28125
31100.32;141357.421875
31100.33;141357.421875
31100.34;141357.421875
31100.35;141113.28125
31100.36;141113.28125
31100.37;141357.421875
31100.38;141113.28125
31100.39;141113.28125
31100.4;141113.28125
31100.41;141357.421875
31100.42;141113.28125
31100.43;141113.28125
31100.44;141113.28125
31100.45;141113.28125
31100.46;141113.28125
31100.47;141113.28125
31100.48;141113.28125
31100.49;141113.28125
31100.5;141113.28125
31100.51;141113.28125
31100.52;141357.421875
31100.53;141113.28125
31100.54;141113.28125
31100.55;141113.28125
31100.56;141113.28125
31100.57;141113.28125
31100.58;141113.28125
31100.59;141113.28125
31100.6;141113.28125
31100.61;141113.28125
31100.62;141113.28125
31100.63;141113.28125
31100.64;141113.28125
31100.65;141357.421875
31100.66;141113.28125
31100.67;141113.28125
31100.68;141113.28125
31100.69;141113.28125
31100.7;141113.28125
31100.71;141113.28125
31100.72;141113.28125
31100.73;141113.28125
31100.74;141113.28125
31100.75;141113.28125
31100.76;141113.28125
31100.77;141113.28125
31100.78;141113.28125
31100.79;141113.28125
31100.8;141113.28125
31100.81;141113.28125
31100.82;141113.28125
31100.83;141113.28125
31100.84;141113.28125
31100.85;141113.28125
31100.86;141113.28125
31100.87;141113.28125
31100.88;141113.28125
31100.89;141113.28125
31100.9;141113.28125
31100.91;141113.28125
31100.92;141357.421875
31100.93;141113.28125
31100.94;141113.28125
31100.95;141113.28125
31100.96;141113.28125
31100.97;141113.28125
31100.98;141113.28125
31100.99;141357.421875
31101.0;141113.28125
31101.01;141113.28125
31101.02;141113.28125
31101.03;141113.28125
31101.04;141113.28125
31101.05;141357.421875
31101.06;141113.28125
31101.07;141357.421875
31101.08;141357.421875
31101.09;141113.28125
31101.1;141113.28125
31101.11;141113.28125
31101.12;141113.28125
31101.13;141113.28125
31101.14;141357.421875
31101.15;141113.28125
31101.16;141113.28125
31101.17;141113.28125
31101.18;141113.28125
31101.19;141113.28125
31101.2;141113.28125
31101.21;141113.28125
31101.22;141113.28125
31101.23;141113.28125
31101.24;141113.28125
31101.25;141113.28125
31101.26;141113.28125
31101.27;141113.28125
31101.28;141113.28125
31101.29;141113.28125
31101.3;141113.28125
31101.31;141113.28125
31101.32;141113.28125
31101.33;141113.28125
31101.34;141113.28125
31101.35;141113.28125
31101.36;141357.421875
31101.37;141113.28125
31101.38;141113.28125
31101.39;141113.28125
31101.4;141113.28125
31101.41;141113.28125
31101.42;141357.421875
31101.43;141113.28125
31101.44;141113.28125
31101.45;141113.28125
31101.46;141113.28125
31101.47;141113.28125
31101.48;141113.28125
31101.49;141357.421875
31101.5;141113.28125
31101.51;141113.28125
31101.52;141357.421875
31101.53;141113.28125
31101.54;141113.28125
31101.55;141113.28125
31101.56;141113.28125
31101.57;141113.28125
31101.58;141113.28125
31101.59;141113.28125
31101.6;141113.28125
31101.61;141113.28125
31101.62;141357.421875
31101.63;141113.28125
31101.64;141113.28125
31101.65;141113.28125
31101.66;141113.28125
31101.67;141113.28125
31101.68;141357.421875
31101.69;141113.28125
31101.7;141113.28125
31101.71;141357.421875
31101.72;141113.28125
31101.73;141357.421875
31101.74;141113.28125
31101.75;141113.28125
31101.76;141357.421875
31101.77;141113.28125
31101.78;141357.421875
31101.79;141113.28125
31101.8;141113.28125
31101.81;141357.421875
31101.82;141113.28125
31101.83;141357.421875
31101.84;141113.28125
31101.85;141357.421875
31101.86;141113.28125
31101.87;141113.28125
31101.88;141357.421875
31101.89;141113.28125
31101.9;141113.28125
31101.91;141113.28125
31101.92;141113.28125
31101.93;141357.421875
31101.94;141113.28125
31101.95;141357.421875
31101.96;141357.421875
31101.97;141113.28125
31101.98;141113.28125
31101.99;141113.28125
31102.0;141113.28125
31102.01;141113.28125
31102.02;141357.421875
31102.03;141113.28125
31102.04;141113.28125
31102.05;141113.28125
31102.06;141113.28125
31102.07;141113.28125
31102.08;141113.28125
31102.09;141113.28125
31102.1;141113.28125
31102.11;141113.28125
31102.12;141113.28125
31102.13;141113.28125
31102.14;141357.421875
31102.15;141113.28125
31102.16;141113.28125
31102.17;141113.28125
31102.18;141113.28125
31102.19;141113.28125
31102.2;141113.28125
31102.21;141113.28125
31102.22;141113.28125
31102.23;141113.28125
31102.24;141113.28125
31102.25;141113.28125
31102.26;141357.421875
31102.27;141113.28125
31102.28;141113.28125
31102.29;141113.28125
31102.3;141113.28125
31102.31;141113.28125
31102.32;141113.28125
31102.33;141113.28125
31102.34;141113.28125
31102.35;141113.28125
31102.36;141113.28125
31102.37;141113.28125
31102.38;141113.28125
31102.39;141113.28125
31102.4;141113.28125
31102.41;141113.28125
31102.42;141113.28125
31102.43;141113.28125
31102.44;141113.28125
31102.45;141113.28125
31102.46;141113.28125
31102.47;141113.28125
31102.48;141357.421875
31102.49;141113.28125
31102.5;141113.28125
31102.51;141113.28125
31102.52;141113.28125
31102.53;141113.28125
31102.54;141113.28125
31102.55;141357.421875
31102.56;141113.28125
31102.57;141357.421875
31102.58;141113.28125
31102.59;141113.28125
31102.6;141357.421875
31102.61;141357.421875
31102.62;141113.28125
31102.63;141113.28125
31102.64;141113.28125
31102.65;141113.28125
31102.66;141113.28125
31102.67;141113.28125
31102.68;141113.28125
31102.69;141113.28125
31102.7;141357.421875
31102.71;141113.28125
31102.72;141113.28125
31102.73;141113.28125
31102.74;141113.28125
31102.75;141113.28125
31102.76;141113.28125
31102.77;141113.28125
31102.78;141113.28125
31102.79;141357.421875
31102.8;141113.28125
31102.81;141357.421875
31102.82;141113.28125
31102.83;141113.28125
31102.84;141357.421875
31102.85;141113.28125
31102.86;141113.28125
31102.87;141113.28125
31102.88;141113.28125
31102.89;141113.28125
31102.9;141113.28125
31102.91;141113.28125
31102.92;141357.421875
31102.93;141113.28125
31102.94;141113.28125
31102.95;141113.28125
31102.96;141113.28125
31102.97;141113.28125
31102.98;141113.28125
31102.99;141113.28125
31103.0;141113.28125
31103.01;141113.28125
31103.02;141357.421875
31103.03;141113.28125
31103.04;141357.421875
31103.05;141113.28125
31103.06;141357.421875
31103.07;141113.28125
31103.08;141357.421875
31103.09;141113.28125
31103.1;141113.28125
31103.11;141113.28125
31103.12;141113.28125
31103.13;141357.421875
31103.14;141113.28125
31103.15;141357.421875
31103.16;141113.28125
31103.17;141113.28125
31103.18;141113.28125
31103.19;141357.421875
31103.2;141113.28125
31103.21;141113.28125
31103.22;141113.28125
31103.23;141357.421875
31103.24;141113.28125
31103.25;141357.421875
31103.26;141113.28125
31103.27;141113.28125
31103.28;141113.28125
31103.29;141113.28125
31103.3;141357.421875
31103.31;141113.28125
31103.32;141113.28125
31103.33;141113.28125
31103.34;141113.28125
31103.35;141113.28125
31103.36;141113.28125
31103.37;141113.28125
31103.38;141113.28125
31103.39;141357.421875
31103.4;141113.28125
31103.41;141113.28125
31103.42;141357.421875
31103.43;141113.28125
31103.44;141113.28125
31103.45;141357.421875
31103.46;141113.28125
31103.47;141357.421875
31103.48;141357.421875
31103.49;141357.421875
31103.5;141113.28125
31103.51;141113.28125
31103.52;141357.421875
31103.53;141113.28125
31103.54;141357.421875
31103.55;141357.421875
31103.56;141357.421875
31103.57;141113.28125
31103.58;141113.28125
31103.59;141113.28125
31103.6;141357.421875
31103.61;141357.421875
31103.62;141113.28125
31103.63;141357.421875
31103.64;141113.28125
31103.65;141357.421875
31103.66;141357.421875
31103.67;141357.421875
31103.68;141113.28125
31103.69;141357.421875
31103.7;141357.421875
31103.71;141113.28125
31103.72;141113.28125
31103.73;141357.421875
31103.74;141113.28125
31103.75;141113.28125
31103.76;141113.28125
31103.77;141357.421875
31103.78;141357.421875
31103.79;141113.28125
31103.8;141113.28125
31103.81;141357.421875
31103.82;141357.421875
31103.83;141357.421875
31103.84;141113.28125
31103.85;141357.421875
31103.86;141113.28125
31103.87;141113.28125
31103.88;141357.421875
31103.89;141113.28125
31103.9;141113.28125
31103.91;141113.28125
31103.92;141357.421875
31103.93;141357.421875
31103.94;141113.28125
31103.95;141357.421875
31103.96;141357.421875
31103.97;141357.421875
31103.98;141357.421875
31103.99;141113.28125
31104.0;141357.421875
31104.01;141113.28125
31104.02;141113.28125
31104.03;141113.28125
31104.04;141113.28125
31104.05;141113.28125
31104.06;141357.421875
31104.07;141357.421875
31104.08;141113.28125
31104.09;141113.28125
31104.1;141357.421875
31104.11;141113.28125
31104.12;141113.28125
31104.13;141357.421875
31104.14;141113.28125
31104.15;141113.28125
31104.16;141113.28125
31104.17;141113.28125
31104.18;141357.421875
31104.19;141113.28125
31104.2;141357.421875
31104.21;141357.421875
31104.22;141357.421875
31104.23;141113.28125
31104.24;141113.28125
31104.25;141113.28125
31104.26;141113.28125
31104.27;141357.421875
31104.28;141113.28125
31104.29;141113.28125
31104.3;141357.421875
31104.31;141113.28125
31104.32;141113.28125
31104.33;141357.421875
31104.34;141113.28125
31104.35;141113.28125
31104.36;141113.28125
31104.37;141357.421875
31104.38;141113.28125
31104.39;141113.28125
31104.4;141113.28125
31104.41;141113.28125
31104.42;141113.28125
31104.43;141113.28125
31104.44;141113.28125
31104.45;141113.28125
31104.46;141113.28125
31104.47;141357.421875
31104.48;141113.28125
31104.49;141113.28125
31104.5;141357.421875
31104.51;141113.28125
31104.52;141357.421875
31104.53;141113.28125
31104.54;141113.28125
31104.55;141113.28125
31104.56;141113.28125
31104.57;141113.28125
31104.58;141357.421875
31104.59;141113.28125
31104.6;141113.28125
31104.61;141113.28125
31104.62;141357.421875
31104.63;141113.28125
31104.64;141113.28125
31104.65;141113.28125
31104.66;141113.28125
31104.67;141357.421875
31104.68;141357.421875
31104.69;141113.28125
31104.7;141113.28125
31104.71;141113.28125
31104.72;141113.28125
31104.73;141113.28125
31104.74;141357.421875
31104.75;141113.28125
31104.76;141113.28125
31104.77;141357.421875
31104.78;141113.28125
31104.79;141113.28125
31104.8;141113.28125
31104.81;141113.28125
31104.82;141113.28125
31104.83;141113.28125
31104.84;141113.28125
31104.85;141357.421875
31104.86;141113.28125
31104.87;141113.28125
31104.88;141113.28125
31104.89;141113.28125
31104.9;141357.421875
31104.91;141113.28125
31104.92;141357.421875
31104.93;141113.28125
31104.94;141113.28125
31104.95;141357.421875
31104.96;141113.28125
31104.97;141113.28125
31104.98;141113.28125
31104.99;141113.28125
31105.0;141113.28125
31105.01;141113.28125
31105.02;141113.28125
31105.03;141113.28125
31105.04;141113.28125
31105.05;141113.28125
31105.06;141113.28125
31105.07;141357.421875
31105.08;141113.28125
31105.09;141113.28125
31105.1;141113.28125
31105.11;141113.28125
31105.12;141113.28125
31105.13;141357.421875
31105.14;141113.28125
31105.15;141113.28125
31105.16;141113.28125
31105.17;141113.28125
31105.18;141113.28125
31105.19;141357.421875
31105.2;141113.28125
31105.21;141357.421875
31105.22;141113.28125
31105.23;141357.421875
31105.24;141113.28125
31105.25;141113.28125
31105.26;141113.28125
31105.27;141357.421875
31105.28;141113.28125
31105.29;141357.421875
31105.3;141113.28125
31105.31;141113.28125
31105.32;141357.421875
31105.33;141357.421875
31105.34;141113.28125
31105.35;141113.28125
31105.36;141113.28125
31105.37;141113.28125
31105.38;141357.421875
31105.39;141113.28125
31105.4;141357.421875
31105.41;141113.28125
31105.42;141357.421875
31105.43;141113.28125
31105.44;141113.28125
31105.45;141357.421875
31105.46;141113.28125
31105.47;141113.28125
31105.48;141113.28125
31105.49;141113.28125
31105.5;141357.421875
31105.51;141113.28125
31105.52;141113.28125
31105.53;141357.421875
31105.54;141113.28125
31105.55;141357.421875
31105.56;141113.28125
31105.57;141357.421875
31105.58;141113.28125
31105.59;141357.421875
31105.6;141357.421875
31105.61;141113.28125
31105.62;141113.28125
31105.63;141113.28125
31105.64;141113.28125
31105.65;141113.28125
31105.66;141113.28125
31105.67;141357.421875
31105.68;141113.28125
31105.69;141113.28125
31105.7;141357.421875
31105.71;141113.28125
31105.72;141113.28125
31105.73;141357.421875
31105.74;141113.28125
31105.75;141113.28125
31105.76;141357.421875
31105.77;141113.28125
31105.78;141113.28125
31105.79;141113.28125
31105.8;141113.28125
31105.81;141357.421875
31105.82;141357.421875
31105.83;141113.28125
31105.84;141113.28125
31105.85;141357.421875
31105.86;141357.421875
31105.87;141113.28125
31105.88;141357.421875
31105.89;141113.28125
31105.9;141113.28125
31105.91;141113.28125
31105.92;141357.421875
31105.93;141113.28125
31105.94;141113.28125
31105.95;141113.28125
31105.96;141357.421875
31105.97;141113.28125
31105.98;141357.421875
31105.99;141357.421875
31106.0;141113.28125
31106.01;141357.421875
31106.02;141357.421875
31106.03;141113.28125
31106.04;141113.28125
31106.05;141357.421875
31106.06;141357.421875
31106.07;141113.28125
31106.08;141113.28125
31106.09;141357.421875
31106.1;141113.28125
31106.11;141113.28125
31106.12;141113.28125
31106.13;141357.421875
31106.14;141113.28125
31106.15;141357.421875
31106.16;141113.28125
31106.17;141113.28125
31106.18;141113.28125
31106.19;141113.28125
31106.2;141357.421875
31106.21;141113.28125
31106.22;141357.421875
31106.23;141357.421875
31106.24;141113.28125
31106.25;141357.421875
31106.26;141113.28125
31106.27;141357.421875
31106.28;141113.28125
31106.29;141357.421875
31106.3;141113.28125
31106.31;141357.421875
31106.32;141357.421875
31106.33;141113.28125
31106.34;141113.28125
31106.35;141357.421875
31106.36;141113.28125
31106.37;141357.421875
31106.38;141113.28125
31106.39;141113.28125
31106.4;141357.421875
31106.41;141113.28125
31106.42;141113.28125
31106.43;141357.421875
31106.44;141357.421875
31106.45;141113.28125
31106.46;141113.28125
31106.47;141357.421875
31106.48;141113.28125
31106.49;141357.421875
31106.5;141113.28125
31106.51;141357.421875
31106.52;141113.28125
31106.53;141357.421875
31106.54;141113.28125
31106.55;141113.28125
31106.56;141357.421875
31106.57;141357.421875
31106.58;141113.28125
31106.59;141113.28125
31106.6;141357.421875
31106.61;141113.28125
31106.62;141113.28125
31106.63;141113.28125
31106.64;141113.28125
31106.65;141113.28125
31106.66;141113.28125
31106.67;141357.421875
31106.68;141113.28125
31106.69;141357.421875
31106.7;141357.421875
31106.71;141113.28125
31106.72;141113.28125
31106.73;141113.28125
31106.74;141357.421875
31106.75;141113.28125
31106.76;141113.28125
31106.77;141113.28125
31106.78;141357.421875
31106.79;141113.28125
31106.8;141357.421875
31106.81;141357.421875
31106.82;141113.28125
31106.83;141357.421875
31106.84;141113.28125
31106.85;141113.28125
31106.86;141113.28125
31106.87;141357.421875
31106.88;141113.28125
31106.89;141113.28125
31106.9;141113.28125
31106.91;141357.421875
31106.92;141113.28125
31106.93;141113.28125
31106.94;141113.28125
31106.95;141357.421875
31106.96;141357.421875
31106.97;141113.28125
31106.98;141113.28125
31106.99;141357.421875
31107.0;141113.28125
31107.01;141357.421875
31107.02;141113.28125
31107.03;141113.28125
31107.04;141357.421875
31107.05;141113.28125
31107.06;141113.28125
31107.07;141113.28125
31107.08;141357.421875
31107.09;141113.28125
31107.1;141113.28125
31107.11;141113.28125
31107.12;141357.421875
31107.13;141357.421875
31107.14;141113.28125
31107.15;141357.421875
31107.16;141113.28125
31107.17;141357.421875
31107.18;141113.28125
31107.19;141357.421875
31107.2;141357.421875
31107.21;141357.421875
31107.22;141113.28125
31107.23;141357.421875
31107.24;141113.28125
31107.25;141113.28125
31107.26;141357.421875
31107.27;141357.421875
31107.28;141357.421875
31107.29;141113.28125
31107.3;141357.421875
31107.31;141357.421875
31107.32;141113.28125
31107.33;141113.28125
31107.34;141113.28125
31107.35;141357.421875
31107.36;141113.28125
31107.37;141113.28125
31107.38;141357.421875
31107.39;141113.28125
31107.4;141113.28125
31107.41;141113.28125
31107.42;141357.421875
31107.43;141357.421875
31107.44;141357.421875
31107.45;141113.28125
31107.46;141357.421875
31107.47;141357.421875
31107.48;141357.421875
31107.49;141357.421875
31107.5;141357.421875
31107.51;141357.421875
31107.52;141357.421875
31107.53;141357.421875
31107.54;141357.421875
31107.55;141357.421875
31107.56;141113.28125
31107.57;141357.421875
31107.58;141113.28125
31107.59;141357.421875
31107.6;141357.421875
31107.61;141357.421875
31107.62;141357.421875
31107.63;141113.28125
31107.64;141357.421875
31107.65;141357.421875
31107.66;141357.421875
31107.67;141357.421875
31107.68;141113.28125
31107.69;141113.28125
31107.7;141357.421875
31107.71;141357.421875
31107.72;141113.28125
31107.73;141357.421875
31107.74;141357.421875
31107.75;141357.421875
31107.76;141113.28125
31107.77;141113.28125
31107.78;141357.421875
31107.79;141113.28125
31107.8;141357.421875
31107.81;141357.421875
31107.82;141357.421875
31107.83;141357.421875
31107.84;141357.421875
31107.85;141357.421875
31107.86;141357.421875
31107.87;141357.421875
31107.88;141357.421875
31107.89;141113.28125
31107.9;141357.421875
31107.91;141357.421875
31107.92;141357.421875
31107.93;141357.421875
31107.94;141357.421875
31107.95;141357.421875
31107.96;141113.28125
31107.97;141357.421875
31107.98;141357.421875
31107.99;141357.421875
31108.0;141357.421875
31108.01;141357.421875
31108.02;141357.421875
31108.03;141357.421875
31108.04;141113.28125
31108.05;141357.421875
31108.06;141357.421875
31108.07;141357.421875
31108.08;141357.421875
31108.09;141357.421875
31108.1;141357.421875
31108.11;141357.421875
31108.12;141113.28125
31108.13;141357.421875
31108.14;141357.421875
31108.15;141357.421875
31108.16;141357.421875
31108.17;141357.421875
31108.18;141357.421875
31108.19;141357.421875
31108.2;141357.421875
31108.21;141357.421875
31108.22;141113.28125
31108.23;141357.421875
31108.24;141357.421875
31108.25;141357.421875
31108.26;141357.421875
31108.27;141357.421875
31108.28;141357.421875
31108.29;141357.421875
31108.3;141357.421875
31108.31;141357.421875
31108.32;141357.421875
31108.33;141357.421875
31108.34;141357.421875
31108.35;141357.421875
31108.36;141357.421875
31108.37;141357.421875
31108.38;141357.421875
31108.39;141357.421875
31108.4;141357.421875
31108.41;141113.28125
31108.42;141113.28125
31108.43;141113.28125
31108.44;141113.28125
31108.45;141113.28125
31108.46;141113.28125
31108.47;141113.28125
31108.48;141113.28125
31108.49;141113.28125
31108.5;141113.28125
31108.51;141113.28125
31108.52;141113.28125
31108.53;141113.28125
31108.54;141113.28125
31108.55;141113.28125
31108.56;141113.28125
31108.57;141113.28125
31108.58;141113.28125
31108.59;141113.28125
31108.6;141113.28125
31108.61;141357.421875
31108.62;141113.28125
31108.63;141113.28125
31108.64;141113.28125
31108.65;141113.28125
31108.66;141113.28125
31108.67;141357.421875
31108.68;141113.28125
31108.69;141113.28125
31108.7;141113.28125
31108.71;141113.28125
31108.72;141113.28125
31108.73;141113.28125
31108.74;141113.28125
31108.75;141357.421875
31108.76;141113.28125
31108.77;141113.28125
31108.78;141113.28125
31108.79;141113.28125
31108.8;141113.28125
31108.81;141113.28125
31108.82;141357.421875
31108.83;141113.28125
31108.84;141357.421875
31108.85;141113.28125
31108.86;141113.28125
31108.87;141357.421875
31108.88;141113.28125
31108.89;141113.28125
31108.9;141113.28125
31108.91;141357.421875
31108.92;141357.421875
31108.93;141357.421875
31108.94;141113.28125
31108.95;141357.421875
31108.96;141113.28125
31108.97;141113.28125
31108.98;141357.421875
31108.99;141113.28125
31109.0;141113.28125
31109.01;141113.28125
31109.02;141357.421875
31109.03;141357.421875
31109.04;141357.421875
31109.05;141357.421875
31109.06;141357.421875
31109.07;141113.28125
31109.08;141357.421875
31109.09;141357.421875
31109.1;141357.421875
31109.11;141113.28125
31109.12;141357.421875
31109.13;141357.421875
31109.14;141357.421875
31109.15;141357.421875
31109.16;141357.421875
31109.17;141357.421875
31109.18;141113.28125
31109.19;141113.28125
31109.2;141357.421875
31109.21;141113.28125
31109.22;141357.421875
31109.23;141113.28125
31109.24;141357.421875
31109.25;141357.421875
31109.26;141357.421875
31109.27;141357.421875
31109.28;141357.421875
31109.29;141357.421875
31109.3;141357.421875
31109.31;141113.28125
31109.32;141357.421875
31109.33;141357.421875
31109.34;141357.421875
31109.35;141357.421875
31109.36;141113.28125
31109.37;141357.421875
31109.38;141113.28125
31109.39;141113.28125
31109.4;141357.421875
31109.41;141357.421875
31109.42;141357.421875
31109.43;141357.421875
31109.44;141357.421875
31109.45;141357.421875
31109.46;141357.421875
31109.47;141357.421875
31109.48;141357.421875
31109.49;141357.421875
31109.5;141357.421875
31109.51;141113.28125
31109.52;141357.421875
31109.53;141357.421875
31109.54;141357.421875
31109.55;141357.421875
31109.56;141357.421875
31109.57;141357.421875
31109.58;141357.421875
31109.59;141357.421875
31109.6;141357.421875
31109.61;141357.421875
31109.62;141357.421875
31109.63;141357.421875
31109.64;141357.421875
31109.65;141357.421875
31109.66;141357.421875
31109.67;141357.421875
31109.68;141357.421875
31109.69;141357.421875
31109.7;141357.421875
31109.71;141357.421875
31109.72;141357.421875
31109.73;141357.421875
31109.74;141357.421875
31109.75;141357.421875
31109.76;141357.421875
31109.77;141357.421875
31109.78;141357.421875
31109.79;141357.421875
31109.8;141357.421875
31109.81;141357.421875
31109.82;141357.421875
31109.83;141357.421875
31109.84;141357.421875
31109.85;141357.421875
31109.86;141357.421875
31109.87;141113.28125
31109.88;141357.421875
31109.89;141357.421875
31109.9;141357.421875
31109.91;141357.421875
31109.92;141357.421875
31109.93;141357.421875
31109.94;141357.421875
31109.95;141357.421875
31109.96;141357.421875
31109.97;141357.421875
31109.98;141357.421875
31109.99;141357.421875
31110.0;141357.421875
31110.01;141357.421875
31110.02;141357.421875
31110.03;141357.421875
31110.04;141357.421875
31110.05;141357.421875
31110.06;141357.421875
31110.07;141357.421875
31110.08;141357.421875
31110.09;141357.421875
31110.1;141357.421875
31110.11;141357.421875
31110.12;141357.421875
31110.13;141357.421875
31110.14;141357.421875
31110.15;141357.421875
31110.16;141357.421875
31110.17;141357.421875
31110.18;141357.421875
31110.19;141357.421875
31110.2;141357.421875
31110.21;141357.421875
31110.22;141357.421875
31110.23;141357.421875
31110.24;141357.421875
31110.25;141357.421875
31110.26;141357.421875
31110.27;141357.421875
31110.28;141357.421875
31110.29;141601.5625
31110.3;141357.421875
31110.31;141601.5625
31110.32;141357.421875
31110.33;141357.421875
31110.34;141357.421875
31110.35;141357.421875
31110.36;141357.421875
31110.37;141357.421875
31110.38;141357.421875
31110.39;141357.421875
31110.4;141357.421875
31110.41;141357.421875
31110.42;141357.421875
31110.43;141357.421875
31110.44;141357.421875
31110.45;141357.421875
31110.46;141357.421875
31110.47;141357.421875
31110.48;141357.421875
31110.49;141357.421875
31110.5;141357.421875
31110.51;141357.421875
31110.52;141601.5625
31110.53;141357.421875
31110.54;141601.5625
31110.55;141357.421875
31110.56;141357.421875
31110.57;141357.421875
31110.58;141357.421875
31110.59;141357.421875
31110.6;141601.5625
31110.61;141357.421875
31110.62;213623.046875
31110.63;169189.453125
31110.64;138183.59375
31110.65;143798.828125
31110.66;142333.984375
31110.67;142333.984375
31110.68;164550.78125
31110.69;222900.390625
31110.7;134765.625
31110.71;145019.53125
31110.72;142578.125
31110.73;142578.125
31110.74;142333.984375
31110.75;215332.03125
31110.76;169677.734375
31110.77;138671.875
31110.78;144042.96875
31110.79;142333.984375
31110.8;142333.984375
31110.81;142089.84375
31110.82;142089.84375
31110.83;141845.703125
31110.84;141845.703125
31110.85;141845.703125
31110.86;141601.5625
31110.87;141845.703125
31110.88;214599.609375
31110.89;169189.453125
31110.9;138427.734375
31110.91;143798.828125
31110.92;142333.984375
31110.93;142333.984375
31110.94;142089.84375
31110.95;141845.703125
31110.96;142089.84375
31110.97;141845.703125
31110.98;141845.703125
31110.99;141601.5625
31111.0;141845.703125
31111.01;214599.609375
31111.02;169189.453125
31111.03;138427.734375
31111.04;144042.96875
31111.05;142333.984375
31111.06;142333.984375
31111.07;142089.84375
31111.08;142089.84375
31111.09;141845.703125
31111.1;141845.703125
31111.11;141845.703125
31111.12;141601.5625
31111.13;141845.703125
31111.14;214843.75
31111.15;169189.453125
31111.16;138427.734375
31111.17;144042.96875
31111.18;142333.984375
31111.19;142333.984375
31111.2;142089.84375
31111.21;142089.84375
31111.22;141845.703125
31111.23;141845.703125
31111.24;141845.703125
31111.25;141601.5625
31111.26;141845.703125
31111.27;214843.75
31111.28;169189.453125
31111.29;138427.734375
31111.3;144042.96875
31111.31;142333.984375
31111.32;142333.984375
31111.33;164550.78125
31111.34;223144.53125
31111.35;134765.625
31111.36;145019.53125
31111.37;142578.125
31111.38;142578.125
31111.39;142578.125
31111.4;215332.03125
31111.41;169677.734375
31111.42;138671.875
31111.43;144042.96875
31111.44;142578.125
31111.45;142578.125
31111.46;164794.921875
31111.47;223144.53125
31111.48;135009.765625
31111.49;145263.671875
31111.5;142578.125
31111.51;142822.265625
31111.52;142578.125
31111.53;215332.03125
31111.54;169677.734375
31111.55;138916.015625
31111.56;144287.109375
31111.57;142578.125
31111.58;142578.125
31111.59;164794.921875
31111.6;223144.53125
31111.61;135009.765625
31111.62;145263.671875
31111.63;142578.125
31111.64;142822.265625
31111.65;142578.125
31111.66;215332.03125
31111.67;169677.734375
31111.68;138916.015625
31111.69;144287.109375
31111.7;142578.125
31111.71;142578.125
31111.72;164794.921875
31111.73;223144.53125
31111.74;135009.765625
31111.75;145019.53125
31111.76;142578.125
31111.77;142822.265625
31111.78;142578.125
31111.79;215332.03125
31111.8;169677.734375
31111.81;138916.015625
31111.82;144287.109375
31111.83;142578.125
31111.84;142578.125
31111.85;142333.984375
31111.86;142089.84375
31111.87;142089.84375
31111.88;141845.703125
31111.89;141845.703125
31111.9;141845.703125
31111.91;142089.84375
31111.92;214843.75
31111.93;169189.453125
31111.94;138671.875
31111.95;144042.96875
31111.96;142333.984375
31111.97;142578.125
31111.98;142089.84375
31111.99;142089.84375
31112.0;142089.84375
31112.01;141845.703125
31112.02;141845.703125
31112.03;141845.703125
31112.04;141845.703125
31112.05;214843.75
31112.06;169189.453125
31112.07;138671.875
31112.08;144042.96875
31112.09;142333.984375
31112.1;142578.125
31112.11;142089.84375
31112.12;142089.84375
31112.13;142089.84375
31112.14;141845.703125
31112.15;141845.703125
31112.16;141845.703125
31112.17;142089.84375
31112.18;214843.75
31112.19;168945.3125
31112.2;138671.875
31112.21;144042.96875
31112.22;142333.984375
31112.23;142333.984375
31112.24;142089.84375
31112.25;142089.84375
31112.26;142089.84375
31112.27;141845.703125
31112.28;141845.703125
31112.29;141845.703125
31112.3;142089.84375
31112.31;214843.75
31112.32;169189.453125
31112.33;138671.875
31112.34;144042.96875
31112.35;142333.984375
31112.36;142333.984375
31112.37;142333.984375
31112.38;142089.84375
31112.39;142089.84375
31112.4;141845.703125
31112.41;141845.703125
31112.42;141601.5625
31112.43;141845.703125
31112.44;214843.75
31112.45;169189.453125
31112.46;138427.734375
31112.47;144042.96875
31112.48;142333.984375
31112.49;142333.984375
31112.5;142089.84375
31112.51;142089.84375
31112.52;141845.703125
31112.53;141845.703125
31112.54;141845.703125
31112.55;141845.703125
31112.56;141845.703125
31112.57;214843.75
31112.58;169189.453125
31112.59;138671.875
31112.6;143798.828125
31112.61;142333.984375
31112.62;142333.984375
31112.63;142089.84375
31112.64;142089.84375
31112.65;141845.703125
31112.66;141845.703125
31112.67;141845.703125
31112.68;141845.703125
31112.69;141845.703125
31112.7;214843.75
31112.71;168945.3125
31112.72;138671.875
31112.73;144042.96875
31112.74;142333.984375
31112.75;142333.984375
31112.76;142089.84375
31112.77;142089.84375
31112.78;142089.84375
31112.79;141845.703125
31112.8;141845.703125
31112.81;141845.703125
31112.82;141601.5625
31112.83;141601.5625
31112.84;141601.5625
31112.85;141601.5625
31112.86;141601.5625
31112.87;141601.5625
31112.88;141601.5625
31112.89;141601.5625
31112.9;141601.5625
31112.91;141601.5625
31112.92;141601.5625
31112.93;141601.5625
31112.94;141357.421875
31112.95;141601.5625
31112.96;141601.5625
31112.97;141601.5625
31112.98;141601.5625
31112.99;141601.5625
31113.0;141601.5625
31113.01;141601.5625
31113.02;141601.5625
31113.03;141601.5625
31113.04;141601.5625
31113.05;141601.5625
31113.06;141601.5625
31113.07;141601.5625
31113.08;141601.5625
31113.09;141601.5625
31113.1;141601.5625
31113.11;141601.5625
31113.12;141601.5625
31113.13;141601.5625
31113.14;141601.5625
31113.15;141601.5625
31113.16;141601.5625
31113.17;141601.5625
31113.18;141601.5625
31113.19;141601.5625
31113.2;141601.5625
31113.21;141601.5625
31113.22;141601.5625
31113.23;141601.5625
31113.24;141601.5625
31113.25;141601.5625
31113.26;141601.5625
31113.27;141601.5625
31113.28;141601.5625
31113.29;141601.5625
31113.3;141601.5625
31113.31;141601.5625
31113.32;141601.5625
31113.33;141601.5625
31113.34;141601.5625
31113.35;141601.5625
31113.36;141601.5625
31113.37;141601.5625
31113.38;141601.5625
31113.39;141601.5625
31113.4;141601.5625
31113.41;141601.5625
31113.42;141601.5625
31113.43;141601.5625
31113.44;141601.5625
31113.45;141601.5625
31113.46;141601.5625
31113.47;141601.5625
31113.48;141601.5625
31113.49;141601.5625
31113.5;141601.5625
31113.51;141601.5625
31113.52;141601.5625
31113.53;141601.5625
31113.54;141601.5625
31113.55;141601.5625
31113.56;141601.5625
31113.57;141601.5625
31113.58;141601.5625
31113.59;141601.5625
31113.6;141601.5625
31113.61;141601.5625
31113.62;141601.5625
31113.63;141601.5625
31113.64;141601.5625
31113.65;141601.5625
31113.66;141601.5625
31113.67;141601.5625
31113.68;141601.5625
31113.69;141601.5625
31113.7;141601.5625
31113.71;141601.5625
31113.72;141601.5625
31113.73;141601.5625
31113.74;141601.5625
31113.75;141601.5625
31113.76;141601.5625
31113.77;141601.5625
31113.78;141601.5625
31113.79;141601.5625
31113.8;141601.5625
31113.81;141601.5625
31113.82;141601.5625
31113.83;141601.5625
31113.84;141601.5625
31113.85;141601.5625
31113.86;141601.5625
31113.87;141601.5625
31113.88;141601.5625
31113.89;141601.5625
31113.9;141601.5625
31113.91;141601.5625
31113.92;141601.5625
31113.93;141601.5625
31113.94;141601.5625
31113.95;141601.5625
31113.96;141601.5625
31113.97;141601.5625
31113.98;141601.5625
31113.99;141601.5625
31114.0;141601.5625
31114.01;141601.5625
31114.02;141601.5625
31114.03;141601.5625
31114.04;141601.5625
31114.05;141601.5625
31114.06;141601.5625
31114.07;141601.5625
31114.08;141601.5625
31114.09;141601.5625
31114.1;141601.5625
31114.11;141601.5625
31114.12;141601.5625
31114.13;141601.5625
31114.14;141601.5625
31114.15;141601.5625
31114.16;141601.5625
31114.17;141601.5625
31114.18;141601.5625
31114.19;141601.5625
31114.2;141601.5625
31114.21;141601.5625
31114.22;141601.5625
31114.23;141601.5625
31114.24;141601.5625
31114.25;141601.5625
31114.26;141601.5625
31114.27;141601.5625
31114.28;141601.5625
31114.29;141601.5625
31114.3;141601.5625
31114.31;141601.5625
31114.32;141601.5625
31114.33;141601.5625
31114.34;141601.5625
31114.35;141601.5625
31114.36;141601.5625
31114.37;141601.5625
31114.38;141601.5625
31114.39;141601.5625
31114.4;141601.5625
31114.41;141601.5625
31114.42;141601.5625
31114.43;141601.5625
31114.44;141601.5625
31114.45;141601.5625
31114.46;141601.5625
31114.47;141601.5625
31114.48;141601.5625
31114.49;141601.5625
31114.5;141601.5625
31114.51;141601.5625
31114.52;141601.5625
31114.53;141601.5625
31114.54;141601.5625
31114.55;141601.5625
31114.56;141601.5625
31114.57;141601.5625
31114.58;141601.5625
31114.59;141601.5625
31114.6;141601.5625
31114.61;141601.5625
31114.62;141601.5625
31114.63;141601.5625
31114.64;141601.5625
31114.65;141601.5625
31114.66;141601.5625
31114.67;141601.5625
31114.68;141601.5625
31114.69;141601.5625
31114.7;141601.5625
31114.71;141601.5625
31114.72;141601.5625
31114.73;141601.5625
31114.74;141601.5625
31114.75;141601.5625
31114.76;141601.5625
31114.77;141601.5625
31114.78;141601.5625
31114.79;141601.5625
31114.8;141601.5625
31114.81;141601.5625
31114.82;141601.5625
31114.83;141601.5625
31114.84;141601.5625
31114.85;141601.5625
31114.86;141601.5625
31114.87;141601.5625
31114.88;141601.5625
31114.89;141601.5625
31114.9;141601.5625
31114.91;141601.5625
31114.92;141601.5625
31114.93;141601.5625
31114.94;141601.5625
31114.95;141601.5625
31114.96;141601.5625
31114.97;141601.5625
31114.98;141601.5625
31114.99;141601.5625
31115.0;141601.5625
31115.01;141601.5625
31115.02;141601.5625
31115.03;141601.5625
31115.04;141601.5625
31115.05;141601.5625
31115.06;141601.5625
31115.07;141601.5625
31115.08;141601.5625
31115.09;141601.5625
31115.1;141601.5625
31115.11;141601.5625
31115.12;141601.5625
31115.13;141601.5625
31115.14;141601.5625
31115.15;141601.5625
31115.16;141601.5625
31115.17;141357.421875
31115.18;141601.5625
31115.19;141601.5625
31115.2;141601.5625
31115.21;141601.5625
31115.22;141601.5625
31115.23;141601.5625
31115.24;141601.5625
31115.25;141601.5625
31115.26;141601.5625
31115.27;141601.5625
31115.28;141601.5625
31115.29;141601.5625
31115.3;141845.703125
31115.31;141357.421875
31115.32;141601.5625
31115.33;141601.5625
31115.34;141601.5625
31115.35;141601.5625
31115.36;141601.5625
31115.37;141601.5625
31115.38;141601.5625
31115.39;141601.5625
31115.4;141601.5625
31115.41;141601.5625
31115.42;141601.5625
31115.43;141601.5625
31115.44;141601.5625
31115.45;141601.5625
31115.46;141601.5625
31115.47;141601.5625
31115.48;141601.5625
31115.49;141601.5625
31115.5;141601.5625
31115.51;141601.5625
31115.52;141601.5625
31115.53;141601.5625
31115.54;141601.5625
31115.55;141601.5625
31115.56;141601.5625
31115.57;141601.5625
31115.58;141601.5625
31115.59;141601.5625
31115.6;141601.5625
31115.61;141601.5625
31115.62;141601.5625
31115.63;141601.5625
31115.64;141601.5625
31115.65;141601.5625
31115.66;141601.5625
31115.67;141601.5625
31115.68;141601.5625
31115.69;141601.5625
31115.7;141601.5625
31115.71;141601.5625
31115.72;141601.5625
31115.73;141601.5625
31115.74;141601.5625
31115.75;141601.5625
31115.76;141601.5625
31115.77;141601.5625
31115.78;141601.5625
31115.79;141601.5625
31115.8;141601.5625
31115.81;141601.5625
31115.82;141601.5625
31115.83;141601.5625
31115.84;141601.5625
31115.85;141601.5625
31115.86;141601.5625
31115.87;141601.5625
31115.88;141601.5625
31115.89;141601.5625
31115.9;141601.5625
31115.91;141601.5625
31115.92;141601.5625
31115.93;141601.5625
31115.94;141601.5625
31115.95;141601.5625
31115.96;141601.5625
31115.97;141601.5625
31115.98;141601.5625
31115.99;141601.5625
31116.0;141601.5625
31116.01;141601.5625
31116.02;141601.5625
31116.03;141601.5625
31116.04;141601.5625
31116.05;141601.5625
31116.06;141601.5625
31116.07;141845.703125
31116.08;141601.5625
31116.09;141601.5625
31116.1;141601.5625
31116.11;141601.5625
31116.12;141601.5625
31116.13;141601.5625
31116.14;141601.5625
31116.15;141601.5625
31116.16;141601.5625
31116.17;141601.5625
31116.18;141601.5625
31116.19;141601.5625
31116.2;141601.5625
31116.21;141601.5625
31116.22;141601.5625
31116.23;141601.5625
31116.24;141601.5625
31116.25;141601.5625
31116.26;141601.5625
31116.27;141601.5625
31116.28;141601.5625
31116.29;141601.5625
31116.3;141601.5625
31116.31;141601.5625
31116.32;141601.5625
31116.33;141601.5625
31116.34;141601.5625
31116.35;141601.5625
31116.36;141601.5625
31116.37;141601.5625
31116.38;141601.5625
31116.39;141601.5625
31116.4;141601.5625
31116.41;141601.5625
31116.42;141601.5625
31116.43;141601.5625
31116.44;141357.421875
31116.45;141601.5625
31116.46;141357.421875
31116.47;141601.5625
31116.48;141357.421875
31116.49;141357.421875
31116.5;141357.421875
31116.51;141601.5625
31116.52;141357.421875
31116.53;141601.5625
31116.54;141601.5625
31116.55;141601.5625
31116.56;141601.5625
31116.57;141357.421875
31116.58;141601.5625
31116.59;141357.421875
31116.6;141601.5625
31116.61;141601.5625
31116.62;141601.5625
31116.63;141357.421875
31116.64;141601.5625
31116.65;141601.5625
31116.66;141357.421875
31116.67;141601.5625
31116.68;141601.5625
31116.69;141357.421875
31116.7;141601.5625
31116.71;141357.421875
31116.72;141357.421875
31116.73;141601.5625
31116.74;141357.421875
31116.75;141357.421875
31116.76;141357.421875
31116.77;141601.5625
31116.78;141357.421875
31116.79;141357.421875
31116.8;141601.5625
31116.81;141601.5625
31116.82;141357.421875
31116.83;141357.421875
31116.84;141357.421875
31116.85;141357.421875
31116.86;141357.421875
31116.87;141601.5625
31116.88;141601.5625
31116.89;141601.5625
31116.9;141601.5625
31116.91;141601.5625
31116.92;141357.421875
31116.93;141601.5625
31116.94;141357.421875
31116.95;141357.421875
31116.96;141601.5625
31116.97;141601.5625
31116.98;141601.5625
31116.99;141357.421875
31117.0;141601.5625
31117.01;141601.5625
31117.02;141357.421875
31117.03;141357.421875
31117.04;141357.421875
31117.05;141357.421875
31117.06;141601.5625
31117.07;141601.5625
31117.08;141601.5625
31117.09;141601.5625
31117.1;141601.5625
31117.11;141601.5625
31117.12;141601.5625
31117.13;141357.421875
31117.14;141357.421875
31117.15;141601.5625
31117.16;141357.421875
31117.17;141601.5625
31117.18;141601.5625
31117.19;141601.5625
31117.2;141601.5625
31117.21;141601.5625
31117.22;141601.5625
31117.23;141357.421875
31117.24;141601.5625
31117.25;141601.5625
31117.26;141601.5625
31117.27;141357.421875
31117.28;141357.421875
31117.29;141601.5625
31117.3;141601.5625
31117.31;141601.5625
31117.32;141601.5625
31117.33;141357.421875
31117.34;141357.421875
31117.35;141357.421875
31117.36;141601.5625
31117.37;141357.421875
31117.38;141601.5625
31117.39;141357.421875
31117.4;141357.421875
31117.41;141601.5625
31117.42;141357.421875
31117.43;141601.5625
31117.44;141601.5625
31117.45;141601.5625
31117.46;141357.421875
31117.47;141601.5625
31117.48;141357.421875
31117.49;141357.421875
31117.5;141601.5625
31117.51;141601.5625
31117.52;141601.5625
31117.53;141601.5625
31117.54;141357.421875
31117.55;141601.5625
31117.56;141601.5625
31117.57;141357.421875
31117.58;141357.421875
31117.59;141357.421875
31117.6;141601.5625
31117.61;141357.421875
31117.62;141601.5625
31117.63;141601.5625
31117.64;141357.421875
31117.65;141357.421875
31117.66;141601.5625
31117.67;141357.421875
31117.68;141357.421875
31117.69;141357.421875
31117.7;141357.421875
31117.71;141357.421875
31117.72;141357.421875
31117.73;141601.5625
31117.74;141357.421875
31117.75;141601.5625
31117.76;141357.421875
31117.77;141357.421875
31117.78;141357.421875
31117.79;141601.5625
31117.8;141357.421875
31117.81;141357.421875
31117.82;141357.421875
31117.83;141357.421875
31117.84;141357.421875
31117.85;141357.421875
31117.86;141357.421875
31117.87;141357.421875
31117.88;141357.421875
31117.89;141357.421875
31117.9;141357.421875
31117.91;141357.421875
31117.92;141357.421875
31117.93;141357.421875
31117.94;141357.421875
31117.95;141357.421875
31117.96;141357.421875
31117.97;141357.421875
31117.98;141357.421875
31117.99;141357.421875
31118.0;141357.421875
31118.01;141357.421875
31118.02;141357.421875
31118.03;141357.421875
31118.04;141113.28125
31118.05;141357.421875
31118.06;141357.421875
31118.07;141357.421875
31118.08;141357.421875
31118.09;141357.421875
31118.1;141357.421875
31118.11;141357.421875
31118.12;141357.421875
31118.13;141357.421875
31118.14;141357.421875
31118.15;141357.421875
31118.16;141357.421875
31118.17;141357.421875
31118.18;141357.421875
31118.19;141357.421875
31118.2;141357.421875
31118.21;141357.421875
31118.22;141357.421875
31118.23;141357.421875
31118.24;141357.421875
31118.25;141357.421875
31118.26;141357.421875
31118.27;141357.421875
31118.28;141357.421875
31118.29;141357.421875
31118.3;141357.421875
31118.31;141357.421875
31118.32;141357.421875
31118.33;141357.421875
31118.34;141357.421875
31118.35;141357.421875
31118.36;141357.421875
31118.37;141357.421875
31118.38;141357.421875
31118.39;141357.421875
31118.4;141113.28125
31118.41;141357.421875
31118.42;141357.421875
31118.43;141357.421875
31118.44;141357.421875
31118.45;141357.421875
31118.46;141357.421875
31118.47;141357.421875
31118.48;141357.421875
31118.49;141357.421875
31118.5;141357.421875
31118.51;141357.421875
31118.52;141357.421875
31118.53;141357.421875
31118.54;141113.28125
31118.55;141357.421875
31118.56;141357.421875
31118.57;141357.421875
31118.58;141357.421875
31118.59;141357.421875
31118.6;141357.421875
31118.61;141113.28125
31118.62;141357.421875
31118.63;141357.421875
31118.64;141357.421875
31118.65;141357.421875
31118.66;141113.28125
31118.67;141357.421875
31118.68;141357.421875
31118.69;141113.28125
31118.7;141113.28125
31118.71;141357.421875
31118.72;141113.28125
31118.73;141113.28125
31118.74;141357.421875
31118.75;141113.28125
31118.76;141357.421875
31118.77;141113.28125
31118.78;141357.421875
31118.79;141357.421875
31118.8;141357.421875
31118.81;141357.421875
31118.82;141113.28125
31118.83;141357.421875
31118.84;141113.28125
31118.85;141357.421875
31118.86;141113.28125
31118.87;141113.28125
31118.88;141357.421875
31118.89;141357.421875
31118.9;141357.421875
31118.91;141113.28125
31118.92;141357.421875
31118.93;141113.28125
31118.94;141357.421875
31118.95;141113.28125
31118.96;141357.421875
31118.97;141113.28125
31118.98;141113.28125
31118.99;141357.421875
31119.0;141113.28125
31119.01;141357.421875
31119.02;141357.421875
31119.03;141357.421875
31119.04;141113.28125
31119.05;141357.421875
31119.06;141357.421875
31119.07;141357.421875
31119.08;141357.421875
31119.09;141113.28125
31119.1;141357.421875
31119.11;141357.421875
31119.12;141113.28125
31119.13;141357.421875
31119.14;141357.421875
31119.15;141357.421875
31119.16;141357.421875
31119.17;141113.28125
31119.18;141113.28125
31119.19;141357.421875
31119.2;141357.421875
31119.21;141113.28125
31119.22;141357.421875
31119.23;141113.28125
31119.24;141357.421875
31119.25;141357.421875
31119.26;141357.421875
31119.27;141113.28125
31119.28;141113.28125
31119.29;141113.28125
31119.3;141113.28125
31119.31;141357.421875
31119.32;141357.421875
31119.33;141113.28125
31119.34;141357.421875
31119.35;141113.28125
31119.36;141113.28125
31119.37;141113.28125
31119.38;141113.28125
31119.39;141113.28125
31119.4;141113.28125
31119.41;141357.421875
31119.42;141357.421875
31119.43;141113.28125
31119.44;141357.421875
31119.45;141113.28125
31119.46;141357.421875
31119.47;141113.28125
31119.48;141113.28125
31119.49;141113.28125
31119.5;141113.28125
31119.51;141357.421875
31119.52;141113.28125
31119.53;141357.421875
31119.54;141357.421875
31119.55;141113.28125
31119.56;141357.421875
31119.57;141113.28125
31119.58;141113.28125
31119.59;141357.421875
31119.6;141357.421875
31119.61;141113.28125
31119.62;141113.28125
31119.63;141113.28125
31119.64;141113.28125
31119.65;141113.28125
31119.66;141113.28125
31119.67;141113.28125
31119.68;141113.28125
31119.69;141113.28125
31119.7;141113.28125
31119.71;141113.28125
31119.72;141357.421875
31119.73;141113.28125
31119.74;141357.421875
31119.75;141113.28125
31119.76;141113.28125
31119.77;141357.421875
31119.78;141357.421875
31119.79;141357.421875
31119.8;141113.28125
31119.81;141357.421875
31119.82;141113.28125
31119.83;141113.28125
31119.84;141357.421875
31119.85;141113.28125
31119.86;141113.28125
31119.87;141357.421875
31119.88;141113.28125
31119.89;141113.28125
31119.9;141357.421875
31119.91;141113.28125
31119.92;141113.28125
31119.93;141113.28125
31119.94;141113.28125
31119.95;141357.421875
31119.96;141113.28125
31119.97;141113.28125
31119.98;141113.28125
31119.99;141113.28125
31120.0;141357.421875
31120.01;141357.421875
31120.02;141113.28125
31120.03;141113.28125
31120.04;141113.28125
31120.05;141357.421875
31120.06;141113.28125
31120.07;141357.421875
31120.08;141113.28125
31120.09;141113.28125
31120.1;141113.28125
31120.11;141113.28125
31120.12;141113.28125
31120.13;141113.28125
31120.14;141113.28125
31120.15;141113.28125
31120.16;141113.28125
31120.17;141113.28125
31120.18;141113.28125
31120.19;141113.28125
31120.2;141113.28125
31120.21;141113.28125
31120.22;141113.28125
31120.23;141113.28125
31120.24;141113.28125
31120.25;141113.28125
31120.26;141113.28125
31120.27;141357.421875
31120.28;141113.28125
31120.29;141113.28125
31120.3;141113.28125
31120.31;141113.28125
31120.32;141113.28125
31120.33;141113.28125
31120.34;141113.28125
31120.35;141113.28125
31120.36;141113.28125
31120.37;141113.28125
31120.38;141113.28125
31120.39;141113.28125
31120.4;141113.28125
31120.41;141113.28125
31120.42;141113.28125
31120.43;141113.28125
31120.44;141113.28125
31120.45;141113.28125
31120.46;141113.28125
31120.47;141113.28125
31120.48;141113.28125
31120.49;141113.28125
31120.5;141113.28125
31120.51;141113.28125
31120.52;141113.28125
31120.53;141113.28125
31120.54;141113.28125
31120.55;141113.28125
31120.56;141113.28125
31120.57;141113.28125
31120.58;141113.28125
31120.59;141357.421875
31120.6;141113.28125
31120.61;141113.28125
31120.62;141113.28125
31120.63;141113.28125
31120.64;141113.28125
31120.65;141113.28125
31120.66;141113.28125
31120.67;141113.28125
31120.68;141113.28125
31120.69;141113.28125
31120.7;141113.28125
31120.71;141113.28125
31120.72;141113.28125
31120.73;141113.28125
31120.74;141113.28125
31120.75;141113.28125
31120.76;141113.28125
31120.77;141113.28125
31120.78;141113.28125
31120.79;141113.28125
31120.8;141113.28125
31120.81;141113.28125
31120.82;141113.28125
31120.83;141113.28125
31120.84;141113.28125
31120.85;141113.28125
31120.86;141113.28125
31120.87;141113.28125
31120.88;141113.28125
31120.89;141113.28125
31120.9;141113.28125
31120.91;141113.28125
31120.92;141113.28125
31120.93;141113.28125
31120.94;141113.28125
31120.95;141113.28125
31120.96;141113.28125
31120.97;141113.28125
31120.98;141113.28125
31120.99;141113.28125
31121.0;141113.28125
31121.01;141113.28125
31121.02;141113.28125
31121.03;141113.28125
31121.04;141113.28125
31121.05;141113.28125
31121.06;141113.28125
31121.07;141113.28125
31121.08;141113.28125
31121.09;141113.28125
31121.1;141113.28125
31121.11;141113.28125
31121.12;141113.28125
31121.13;141113.28125
31121.14;141113.28125
31121.15;141113.28125
31121.16;141113.28125
31121.17;141113.28125
31121.18;141113.28125
31121.19;141113.28125
31121.2;141113.28125
31121.21;141113.28125
31121.22;141113.28125
31121.23;141113.28125
31121.24;141113.28125
31121.25;141113.28125
31121.26;141113.28125
31121.27;141113.28125
31121.28;141113.28125
31121.29;141113.28125
31121.3;141113.28125
31121.31;141113.28125
31121.32;141113.28125
31121.33;141113.28125
31121.34;141113.28125
31121.35;141113.28125
31121.36;141113.28125
31121.37;141113.28125
31121.38;141113.28125
31121.39;141113.28125
31121.4;141113.28125
31121.41;141113.28125
31121.42;141113.28125
31121.43;141113.28125
31121.44;141113.28125
31121.45;141113.28125
31121.46;141113.28125
31121.47;141357.421875
31121.48;141113.28125
31121.49;141113.28125
31121.5;141113.28125
31121.51;141113.28125
31121.52;141113.28125
31121.53;141113.28125
31121.54;141113.28125
31121.55;141113.28125
31121.56;141113.28125
31121.57;141113.28125
31121.58;141113.28125
31121.59;141113.28125
31121.6;141113.28125
31121.61;141113.28125
31121.62;141113.28125
31121.63;141113.28125
31121.64;141113.28125
31121.65;141113.28125
31121.66;141113.28125
31121.67;141113.28125
31121.68;141113.28125
31121.69;141113.28125
31121.7;141357.421875
31121.71;141113.28125
31121.72;141113.28125
31121.73;141113.28125
31121.74;141113.28125
31121.75;141113.28125
31121.76;141113.28125
31121.77;141113.28125
31121.78;141113.28125
31121.79;141113.28125
31121.8;141113.28125
31121.81;141113.28125
31121.82;141113.28125
31121.83;141113.28125
31121.84;141113.28125
31121.85;141113.28125
31121.86;141113.28125
31121.87;141113.28125
31121.88;141113.28125
31121.89;141113.28125
31121.9;141113.28125
31121.91;141113.28125
31121.92;141113.28125
31121.93;141113.28125
31121.94;141113.28125
31121.95;141113.28125
31121.96;141113.28125
31121.97;141113.28125
31121.98;141113.28125
31121.99;141113.28125
31122.0;141357.421875
31122.01;141113.28125
31122.02;141113.28125
31122.03;141113.28125
31122.04;141113.28125
31122.05;141113.28125
31122.06;141113.28125
31122.07;141113.28125
31122.08;141113.28125
31122.09;141113.28125
31122.1;141113.28125
31122.11;141113.28125
31122.12;141113.28125
31122.13;141113.28125
31122.14;141113.28125
31122.15;141357.421875
31122.16;141113.28125
31122.17;141113.28125
31122.18;141113.28125
31122.19;141113.28125
31122.2;141113.28125
31122.21;141113.28125
31122.22;141113.28125
31122.23;141113.28125
31122.24;141113.28125
31122.25;141113.28125
31122.26;141113.28125
31122.27;141113.28125
31122.28;141113.28125
31122.29;141113.28125
31122.3;141113.28125
31122.31;141113.28125
31122.32;141113.28125
31122.33;141113.28125
31122.34;141113.28125
31122.35;141113.28125
31122.36;141113.28125
31122.37;141113.28125
31122.38;141113.28125
31122.39;141113.28125
31122.4;141113.28125
31122.41;141113.28125
31122.42;141113.28125
31122.43;141113.28125
31122.44;141357.421875
31122.45;141113.28125
31122.46;141113.28125
31122.47;141113.28125
31122.48;141113.28125
31122.49;141113.28125
31122.5;141113.28125
31122.51;141113.28125
31122.52;141113.28125
31122.53;141113.28125
31122.54;141113.28125
31122.55;141113.28125
31122.56;141113.28125
31122.57;141113.28125
31122.58;141113.28125
31122.59;141113.28125
31122.6;141113.28125
31122.61;141113.28125
31122.62;141113.28125
31122.63;141113.28125
31122.64;141113.28125
31122.65;141113.28125
31122.66;141113.28125
31122.67;141113.28125
31122.68;141113.28125
31122.69;141113.28125
31122.7;141113.28125
31122.71;141113.28125
31122.72;141113.28125
31122.73;141113.28125
31122.74;141113.28125
31122.75;141113.28125
31122.76;141113.28125
31122.77;141113.28125
31122.78;141113.28125
31122.79;141113.28125
31122.8;141113.28125
31122.81;141113.28125
31122.82;141113.28125
31122.83;141113.28125
31122.84;141113.28125
31122.85;141113.28125
31122.86;141113.28125
31122.87;141113.28125
31122.88;141113.28125
31122.89;141113.28125
31122.9;141113.28125
31122.91;141113.28125
31122.92;141357.421875
31122.93;141113.28125
31122.94;141113.28125
31122.95;141113.28125
31122.96;141113.28125
31122.97;141113.28125
31122.98;141113.28125
31122.99;141113.28125
31123.0;141113.28125
31123.01;141113.28125
31123.02;141113.28125
31123.03;141113.28125
31123.04;141113.28125
31123.05;141113.28125
31123.06;141113.28125
31123.07;141113.28125
31123.08;141113.28125
31123.09;141113.28125
31123.1;141113.28125
31123.11;141357.421875
31123.12;141113.28125
31123.13;141113.28125
31123.14;141113.28125
31123.15;141113.28125
31123.16;141113.28125
31123.17;141113.28125
31123.18;141113.28125
31123.19;141113.28125
31123.2;141113.28125
31123.21;141113.28125
31123.22;141113.28125
31123.23;141113.28125
31123.24;141113.28125
31123.25;141113.28125
31123.26;141113.28125
31123.27;141113.28125
31123.28;141113.28125
31123.29;141113.28125
31123.3;141113.28125
31123.31;141113.28125
31123.32;141113.28125
31123.33;141113.28125
31123.34;141113.28125
31123.35;141113.28125
31123.36;141113.28125
31123.37;141113.28125
31123.38;141113.28125
31123.39;141113.28125
31123.4;141113.28125
31123.41;141113.28125
31123.42;141113.28125
31123.43;141113.28125
31123.44;141357.421875
31123.45;141357.421875
31123.46;141357.421875
31123.47;141113.28125
31123.48;141357.421875
31123.49;141357.421875
31123.5;141113.28125
31123.51;141113.28125
31123.52;141113.28125
31123.53;141357.421875
31123.54;141113.28125
31123.55;141357.421875
31123.56;141113.28125
31123.57;141113.28125
31123.58;141113.28125
31123.59;141113.28125
31123.6;141113.28125
31123.61;141113.28125
31123.62;141113.28125
31123.63;141113.28125
31123.64;141113.28125
31123.65;141113.28125
31123.66;141113.28125
31123.67;141113.28125
31123.68;141113.28125
31123.69;141357.421875
31123.7;141113.28125
31123.71;141357.421875
31123.72;141113.28125
31123.73;141357.421875
31123.74;141113.28125
31123.75;141113.28125
31123.76;141113.28125
31123.77;141113.28125
31123.78;141113.28125
31123.79;141113.28125
31123.8;141113.28125
31123.81;141113.28125
31123.82;141357.421875
31123.83;141113.28125
31123.84;141113.28125
31123.85;141113.28125
31123.86;141113.28125
31123.87;141113.28125
31123.88;141357.421875
31123.89;141113.28125
31123.9;141113.28125
31123.91;141113.28125
31123.92;141113.28125
31123.93;141113.28125
31123.94;141357.421875
31123.95;141113.28125
31123.96;141357.421875
31123.97;141113.28125
31123.98;141113.28125
31123.99;141357.421875
31124.0;141357.421875
31124.01;141113.28125
31124.02;141113.28125
31124.03;141113.28125
31124.04;141113.28125
31124.05;141113.28125
31124.06;141113.28125
31124.07;141357.421875
31124.08;141113.28125
31124.09;141357.421875
31124.1;141113.28125
31124.11;141113.28125
31124.12;141113.28125
31124.13;141113.28125
31124.14;141113.28125
31124.15;141113.28125
31124.16;141113.28125
31124.17;141113.28125
31124.18;141113.28125
31124.19;141113.28125
31124.2;141357.421875
31124.21;141113.28125
31124.22;141113.28125
31124.23;141113.28125
31124.24;141113.28125
31124.25;141113.28125
31124.26;141113.28125
31124.27;141113.28125
31124.28;141113.28125
31124.29;141113.28125
31124.3;141357.421875
31124.31;141113.28125
31124.32;141113.28125
31124.33;141113.28125
31124.34;141357.421875
31124.35;141113.28125
31124.36;141113.28125
31124.37;141113.28125
31124.38;141113.28125
31124.39;141113.28125
31124.4;141113.28125
31124.41;141113.28125
31124.42;141113.28125
31124.43;141113.28125
31124.44;141113.28125
31124.45;141113.28125
31124.46;141113.28125
31124.47;141113.28125
31124.48;141113.28125
31124.49;141113.28125
31124.5;141113.28125
31124.51;141113.28125
31124.52;141113.28125
31124.53;141113.28125
31124.54;141357.421875
31124.55;141113.28125
31124.56;141113.28125
31124.57;141113.28125
31124.58;141113.28125
31124.59;141113.28125
31124.6;141113.28125
31124.61;141113.28125
31124.62;141113.28125
31124.63;141113.28125
31124.64;141113.28125
31124.65;141113.28125
31124.66;141113.28125
31124.67;141113.28125
31124.68;141113.28125
31124.69;141113.28125
31124.7;141113.28125
31124.71;141113.28125
31124.72;141113.28125
31124.73;141113.28125
31124.74;141113.28125
31124.75;141113.28125
31124.76;141113.28125
31124.77;141113.28125
31124.78;141113.28125
31124.79;141113.28125
31124.8;141113.28125
31124.81;141113.28125
31124.82;141113.28125
31124.83;141113.28125
31124.84;141113.28125
31124.85;141113.28125
31124.86;141113.28125
31124.87;141113.28125
31124.88;141113.28125
31124.89;140869.140625
31124.9;141113.28125
31124.91;141113.28125
31124.92;141113.28125
31124.93;141113.28125
31124.94;141113.28125
31124.95;141113.28125
31124.96;141113.28125
31124.97;141113.28125
31124.98;141113.28125
31124.99;141113.28125
31125.0;141113.28125
31125.01;141113.28125
31125.02;141113.28125
31125.03;141113.28125
31125.04;141113.28125
31125.05;141113.28125
31125.06;141113.28125
31125.07;141113.28125
31125.08;141113.28125
31125.09;141113.28125
31125.1;141113.28125
31125.11;141113.28125
31125.12;141113.28125
31125.13;141113.28125
31125.14;141113.28125
31125.15;141113.28125
31125.16;141113.28125
31125.17;141113.28125
31125.18;141113.28125
31125.19;141113.28125
31125.2;141113.28125
31125.21;141113.28125
31125.22;141113.28125
31125.23;141113.28125
31125.24;141113.28125
31125.25;141113.28125
31125.26;141113.28125
31125.27;141113.28125
31125.28;141113.28125
31125.29;141113.28125
31125.3;141113.28125
31125.31;141113.28125
31125.32;141113.28125
31125.33;141113.28125
31125.34;141113.28125
31125.35;141113.28125
31125.36;141113.28125
31125.37;141113.28125
31125.38;141113.28125
31125.39;141113.28125
31125.4;141113.28125
31125.41;141113.28125
31125.42;141113.28125
31125.43;141113.28125
31125.44;141113.28125
31125.45;141113.28125
31125.46;141113.28125
31125.47;141113.28125
31125.48;141113.28125
31125.49;141113.28125
31125.5;141113.28125
31125.51;141113.28125
31125.52;141113.28125
31125.53;141113.28125
31125.54;141113.28125
31125.55;141113.28125
31125.56;141113.28125
31125.57;141113.28125
31125.58;141113.28125
31125.59;141113.28125
31125.6;141113.28125
31125.61;141113.28125
31125.62;141113.28125
31125.63;141357.421875
31125.64;141113.28125
31125.65;141113.28125
31125.66;141113.28125
31125.67;141113.28125
31125.68;141113.28125
31125.69;141113.28125
31125.7;141113.28125
31125.71;141113.28125
31125.72;141113.28125
31125.73;141113.28125
31125.74;141113.28125
31125.75;141113.28125
31125.76;141113.28125
31125.77;141113.28125
31125.78;141113.28125
31125.79;141357.421875
31125.8;141113.28125
31125.81;141113.28125
31125.82;141113.28125
31125.83;141113.28125
31125.84;141113.28125
31125.85;141113.28125
31125.86;141357.421875
31125.87;141113.28125
31125.88;141113.28125
31125.89;141113.28125
31125.9;141113.28125
31125.91;141113.28125
31125.92;141113.28125
31125.93;141113.28125
31125.94;141113.28125
31125.95;141113.28125
31125.96;141113.28125
31125.97;141113.28125
31125.98;141113.28125
31125.99;141113.28125
31126.0;141113.28125
31126.01;141357.421875
31126.02;141113.28125
31126.03;141113.28125
31126.04;141113.28125
31126.05;141113.28125
31126.06;141357.421875
31126.07;141113.28125
31126.08;141113.28125
31126.09;141113.28125
31126.1;141113.28125
31126.11;141113.28125
31126.12;141113.28125
31126.13;141113.28125
31126.14;141113.28125
31126.15;141113.28125
31126.16;141113.28125
31126.17;141113.28125
31126.18;141113.28125
31126.19;141113.28125
31126.2;141113.28125
31126.21;141113.28125
31126.22;141113.28125
31126.23;141113.28125
31126.24;141113.28125
31126.25;141113.28125
31126.26;141113.28125
31126.27;141113.28125
31126.28;141113.28125
31126.29;141113.28125
31126.3;141113.28125
31126.31;141113.28125
31126.32;141113.28125
31126.33;141113.28125
31126.34;141113.28125
31126.35;141113.28125
31126.36;141113.28125
31126.37;141113.28125
31126.38;141113.28125
31126.39;141113.28125
31126.4;141113.28125
31126.41;141113.28125
31126.42;141113.28125
31126.43;141113.28125
31126.44;141113.28125
31126.45;141113.28125
31126.46;141113.28125
31126.47;141113.28125
31126.48;141113.28125
31126.49;141113.28125
31126.5;141113.28125
31126.51;141113.28125
31126.52;141113.28125
31126.53;141113.28125
31126.54;141113.28125
31126.55;141113.28125
31126.56;141113.28125
31126.57;141113.28125
31126.58;141113.28125
31126.59;141113.28125
31126.6;141113.28125
31126.61;141113.28125
31126.62;141113.28125
31126.63;141113.28125
31126.64;141113.28125
31126.65;141113.28125
31126.66;141113.28125
31126.67;141113.28125
31126.68;141113.28125
31126.69;141113.28125
31126.7;141113.28125
31126.71;141113.28125
31126.72;141113.28125
31126.73;141113.28125
31126.74;141357.421875
31126.75;141113.28125
31126.76;141113.28125
31126.77;141357.421875
31126.78;141113.28125
31126.79;141113.28125
31126.8;141113.28125
31126.81;141113.28125
31126.82;141113.28125
31126.83;141113.28125
31126.84;141113.28125
31126.85;141113.28125
31126.86;141113.28125
31126.87;141113.28125
31126.88;141113.28125
31126.89;141113.28125
31126.9;141113.28125
31126.91;141113.28125
31126.92;141113.28125
31126.93;141113.28125
31126.94;141113.28125
31126.95;141113.28125
31126.96;141113.28125
31126.97;141113.28125
31126.98;141357.421875
31126.99;141113.28125
31127.0;141113.28125
31127.01;141113.28125
31127.02;141113.28125
31127.03;141113.28125
31127.04;141113.28125
31127.05;141113.28125
31127.06;141113.28125
31127.07;141113.28125
31127.08;141113.28125
31127.09;141113.28125
31127.1;141113.28125
31127.11;141113.28125
31127.12;141113.28125
31127.13;141113.28125
31127.14;141113.28125
31127.15;141113.28125
31127.16;141113.28125
31127.17;141113.28125
31127.18;141113.28125
31127.19;141113.28125
31127.2;141357.421875
31127.21;141113.28125
31127.22;141113.28125
31127.23;141113.28125
31127.24;141113.28125
31127.25;141113.28125
31127.26;141113.28125
31127.27;141113.28125
31127.28;141113.28125
31127.29;141113.28125
31127.3;141113.28125
31127.31;141113.28125
31127.32;141113.28125
31127.33;141357.421875
31127.34;141113.28125
31127.35;141113.28125
31127.36;141113.28125
31127.37;141113.28125
31127.38;141113.28125
31127.39;141113.28125
31127.4;141113.28125
31127.41;141357.421875
31127.42;141357.421875
31127.43;141113.28125
31127.44;141113.28125
31127.45;141113.28125
31127.46;141113.28125
31127.47;141113.28125
31127.48;141113.28125
31127.49;141113.28125
31127.5;141113.28125
31127.51;141113.28125
31127.52;141113.28125
31127.53;141357.421875
31127.54;141113.28125
31127.55;141357.421875
31127.56;141113.28125
31127.57;141113.28125
31127.58;141113.28125
31127.59;141357.421875
31127.6;141113.28125
31127.61;141113.28125
31127.62;141113.28125
31127.63;141113.28125
31127.64;141113.28125
31127.65;141357.421875
31127.66;141357.421875
31127.67;141113.28125
31127.68;141113.28125
31127.69;141113.28125
31127.7;141113.28125
31127.71;141113.28125
31127.72;141113.28125
31127.73;141113.28125
31127.74;141357.421875
31127.75;141113.28125
31127.76;141113.28125
31127.77;141113.28125
31127.78;141357.421875
31127.79;141357.421875
31127.8;141113.28125
31127.81;141113.28125
31127.82;141113.28125
31127.83;141113.28125
31127.84;141113.28125
31127.85;141357.421875
31127.86;141357.421875
31127.87;141113.28125
31127.88;141357.421875
31127.89;141113.28125
31127.9;141357.421875
31127.91;141357.421875
31127.92;141113.28125
31127.93;141113.28125
31127.94;141357.421875
31127.95;141113.28125
31127.96;141357.421875
31127.97;141113.28125
31127.98;141113.28125
31127.99;141113.28125
31128.0;141357.421875
31128.01;141113.28125
31128.02;141113.28125
31128.03;141357.421875
31128.04;141357.421875
31128.05;141113.28125
31128.06;141357.421875
31128.07;141357.421875
31128.08;141113.28125
31128.09;141113.28125
31128.1;141113.28125
31128.11;141357.421875
31128.12;141357.421875
31128.13;141357.421875
31128.14;141357.421875
31128.15;141113.28125
31128.16;141357.421875
31128.17;141357.421875
31128.18;141113.28125
31128.19;141357.421875
31128.2;141113.28125
31128.21;141357.421875
31128.22;141357.421875
31128.23;141357.421875
31128.24;141113.28125
31128.25;141357.421875
31128.26;141113.28125
31128.27;141357.421875
31128.28;141113.28125
31128.29;141357.421875
31128.3;141113.28125
31128.31;141357.421875
31128.32;141357.421875
31128.33;141357.421875
31128.34;141357.421875
31128.35;141357.421875
31128.36;141113.28125
31128.37;141357.421875
31128.38;141113.28125
31128.39;141357.421875
31128.4;141357.421875
31128.41;141113.28125
31128.42;141113.28125
31128.43;141113.28125
31128.44;141113.28125
31128.45;141113.28125
31128.46;141113.28125
31128.47;141357.421875
31128.48;141113.28125
31128.49;141113.28125
31128.5;141113.28125
31128.51;141113.28125
31128.52;141113.28125
31128.53;141113.28125
31128.54;141113.28125
31128.55;141113.28125
31128.56;141357.421875
31128.57;141113.28125
31128.58;141357.421875
31128.59;141113.28125
31128.6;141113.28125
31128.61;141357.421875
31128.62;214843.75
31128.63;166992.1875
31128.64;138427.734375
31128.65;143554.6875
31128.66;141845.703125
31128.67;142089.84375
31128.68;165527.34375
31128.69;221679.6875
31128.7;134277.34375
31128.71;144775.390625
31128.72;142089.84375
31128.73;142333.984375
31128.74;142333.984375
31128.75;216552.734375
31128.76;167236.328125
31128.77;138671.875
31128.78;143798.828125
31128.79;142333.984375
31128.8;142333.984375
31128.81;141845.703125
31128.82;141845.703125
31128.83;141601.5625
31128.84;141601.5625
31128.85;141357.421875
31128.86;141357.421875
31128.87;141601.5625
31128.88;216064.453125
31128.89;166992.1875
31128.9;138427.734375
31128.91;143554.6875
31128.92;142089.84375
31128.93;142089.84375
31128.94;141845.703125
31128.95;141601.5625
31128.96;141601.5625
31128.97;141601.5625
31128.98;141357.421875
31128.99;141357.421875
31129.0;141601.5625
31129.01;216064.453125
31129.02;166992.1875
31129.03;138427.734375
31129.04;143554.6875
31129.05;142089.84375
31129.06;142089.84375
31129.07;141845.703125
31129.08;141601.5625
31129.09;141601.5625
31129.1;141601.5625
31129.11;141357.421875
31129.12;141357.421875
31129.13;141601.5625
31129.14;216064.453125
31129.15;166992.1875
31129.16;138427.734375
31129.17;143554.6875
31129.18;142089.84375
31129.19;142089.84375
31129.2;141845.703125
31129.21;141845.703125
31129.22;141601.5625
31129.23;141601.5625
31129.24;141601.5625
31129.25;141357.421875
31129.26;141601.5625
31129.27;216064.453125
31129.28;166992.1875
31129.29;138427.734375
31129.3;143554.6875
31129.31;142089.84375
31129.32;142089.84375
31129.33;165771.484375
31129.34;221679.6875
31129.35;134277.34375
31129.36;144775.390625
31129.37;142333.984375
31129.38;142333.984375
31129.39;142333.984375
31129.4;216552.734375
31129.41;167480.46875
31129.42;138916.015625
31129.43;143798.828125
31129.44;142333.984375
31129.45;142333.984375
31129.46;166015.625
31129.47;221679.6875
31129.48;134277.34375
31129.49;145019.53125
31129.5;142333.984375
31129.51;142333.984375
31129.52;142333.984375
31129.53;216796.875
31129.54;167480.46875
31129.55;138916.015625
31129.56;144042.96875
31129.57;142333.984375
31129.58;142333.984375
31129.59;166015.625
31129.6;221679.6875
31129.61;134277.34375
31129.62;145019.53125
31129.63;142333.984375
31129.64;142333.984375
31129.65;142333.984375
31129.66;216796.875
31129.67;167480.46875
31129.68;138916.015625
31129.69;144042.96875
31129.7;142333.984375
31129.71;142333.984375
31129.72;166015.625
31129.73;221679.6875
31129.74;134277.34375
31129.75;145019.53125
31129.76;142333.984375
31129.77;142333.984375
31129.78;142333.984375
31129.79;216796.875
31129.8;167480.46875
31129.81;138916.015625
31129.82;144042.96875
31129.83;142333.984375
31129.84;142333.984375
31129.85;142089.84375
31129.86;141845.703125
31129.87;141845.703125
31129.88;141601.5625
31129.89;141601.5625
31129.9;141601.5625
31129.91;141845.703125
31129.92;216308.59375
31129.93;166992.1875
31129.94;138671.875
31129.95;143798.828125
31129.96;142089.84375
31129.97;142089.84375
31129.98;142089.84375
31129.99;141845.703125
31130.0;141845.703125
31130.01;141601.5625
31130.02;141601.5625
31130.03;141601.5625
31130.04;141845.703125
31130.05;216308.59375
31130.06;166992.1875
31130.07;138671.875
31130.08;143798.828125
31130.09;142333.984375
31130.1;142333.984375
31130.11;142089.84375
31130.12;141845.703125
31130.13;141845.703125
31130.14;141845.703125
31130.15;141601.5625
31130.16;141601.5625
31130.17;141845.703125
31130.18;216308.59375
31130.19;166992.1875
31130.2;138671.875
31130.21;143798.828125
31130.22;142089.84375
31130.23;142333.984375
31130.24;141845.703125
31130.25;141845.703125
31130.26;141845.703125
31130.27;141601.5625
31130.28;141601.5625
31130.29;141601.5625
31130.3;141845.703125
31130.31;216308.59375
31130.32;166992.1875
31130.33;138671.875
31130.34;143798.828125
31130.35;142333.984375
31130.36;142333.984375
31130.37;142089.84375
31130.38;141845.703125
31130.39;141845.703125
31130.4;141845.703125
31130.41;141601.5625
31130.42;141601.5625
31130.43;141845.703125
31130.44;216308.59375
31130.45;166992.1875
31130.46;138671.875
31130.47;143798.828125
31130.48;142089.84375
31130.49;142333.984375
31130.5;142089.84375
31130.51;141845.703125
31130.52;141845.703125
31130.53;141845.703125
31130.54;141845.703125
31130.55;141601.5625
31130.56;142089.84375
31130.57;216308.59375
31130.58;166992.1875
31130.59;138671.875
31130.6;143798.828125
31130.61;142333.984375
31130.62;142333.984375
31130.63;142089.84375
31130.64;142089.84375
31130.65;141845.703125
31130.66;141845.703125
31130.67;141845.703125
31130.68;141601.5625
31130.69;141845.703125
31130.7;216308.59375
31130.71;166992.1875
31130.72;138671.875
31130.73;143798.828125
31130.74;142333.984375
31130.75;142333.984375
31130.76;142089.84375
31130.77;141845.703125
31130.78;141845.703125
31130.79;141845.703125
31130.8;141601.5625
31130.81;141601.5625
31130.82;141601.5625
31130.83;141601.5625
31130.84;141601.5625
31130.85;141601.5625
31130.86;141601.5625
31130.87;141601.5625
31130.88;141601.5625
31130.89;141601.5625
31130.9;141601.5625
31130.91;141357.421875
31130.92;141601.5625
31130.93;141601.5625
31130.94;141601.5625
31130.95;141601.5625
31130.96;141357.421875
31130.97;141601.5625
31130.98;141601.5625
31130.99;141601.5625
31131.0;141601.5625
31131.01;141601.5625
31131.02;141601.5625
31131.03;141601.5625
31131.04;141601.5625
31131.05;141601.5625
31131.06;141601.5625
31131.07;141601.5625
31131.08;141601.5625
31131.09;141601.5625
31131.1;141601.5625
31131.11;141601.5625
31131.12;141601.5625
31131.13;141601.5625
31131.14;141601.5625
31131.15;141601.5625
31131.16;141357.421875
31131.17;141601.5625
31131.18;141601.5625
31131.19;141601.5625
31131.2;141601.5625
31131.21;141601.5625
31131.22;141601.5625
31131.23;141601.5625
31131.24;141601.5625
31131.25;141601.5625
31131.26;141601.5625
31131.27;141601.5625
31131.28;141601.5625
31131.29;141601.5625
31131.3;141601.5625
31131.31;141601.5625
31131.32;141601.5625
31131.33;141601.5625
31131.34;141601.5625
31131.35;141601.5625
31131.36;141601.5625
31131.37;141601.5625
31131.38;141601.5625
31131.39;141601.5625
31131.4;141601.5625
31131.41;141601.5625
31131.42;141601.5625
31131.43;141601.5625
31131.44;141601.5625
31131.45;141601.5625
31131.46;141601.5625
31131.47;141601.5625
31131.48;141601.5625
31131.49;141601.5625
31131.5;141601.5625
31131.51;141601.5625
31131.52;141601.5625
31131.53;141601.5625
31131.54;141601.5625
31131.55;141601.5625
31131.56;141601.5625
31131.57;141601.5625
31131.58;141601.5625
31131.59;141601.5625
31131.6;141601.5625
31131.61;141601.5625
31131.62;141601.5625
31131.63;141601.5625
31131.64;141601.5625
31131.65;141601.5625
31131.66;141601.5625
31131.67;141601.5625
31131.68;141601.5625
31131.69;141601.5625
31131.7;141601.5625
31131.71;141845.703125
31131.72;141601.5625
31131.73;141601.5625
31131.74;141601.5625
31131.75;141601.5625
31131.76;141601.5625
31131.77;141601.5625
31131.78;141601.5625
31131.79;141601.5625
31131.8;141601.5625
31131.81;141601.5625
31131.82;141601.5625
31131.83;141601.5625
31131.84;141601.5625
31131.85;141601.5625
31131.86;141601.5625
31131.87;141601.5625
31131.88;141601.5625
31131.89;141601.5625
31131.9;141601.5625
31131.91;141601.5625
31131.92;141601.5625
31131.93;141601.5625
31131.94;141601.5625
31131.95;141601.5625
31131.96;141601.5625
31131.97;141601.5625
31131.98;141845.703125
31131.99;141601.5625
31132.0;141601.5625
31132.01;141601.5625
31132.02;141601.5625
31132.03;141601.5625
31132.04;141601.5625
31132.05;141601.5625
31132.06;141601.5625
31132.07;141601.5625
31132.08;141845.703125
31132.09;141601.5625
31132.1;141601.5625
31132.11;141601.5625
31132.12;141601.5625
31132.13;141601.5625
31132.14;141601.5625
31132.15;141845.703125
31132.16;141601.5625
31132.17;141601.5625
31132.18;141601.5625
31132.19;141601.5625
31132.2;141601.5625
31132.21;141601.5625
31132.22;141601.5625
31132.23;141601.5625
31132.24;141601.5625
31132.25;141601.5625
31132.26;141601.5625
31132.27;141601.5625
31132.28;141601.5625
31132.29;141601.5625
31132.3;141601.5625
31132.31;141601.5625
31132.32;141601.5625
31132.33;141601.5625
31132.34;141601.5625
31132.35;141601.5625
31132.36;141601.5625
31132.37;141601.5625
31132.38;141601.5625
31132.39;141601.5625
31132.4;141845.703125
31132.41;141601.5625
31132.42;141601.5625
31132.43;141601.5625
31132.44;141601.5625
31132.45;141601.5625
31132.46;141601.5625
31132.47;141601.5625
31132.48;141601.5625
31132.49;141601.5625
31132.5;141601.5625
31132.51;141601.5625
31132.52;141601.5625
31132.53;141601.5625
31132.54;141601.5625
31132.55;141601.5625
31132.56;141601.5625
31132.57;141601.5625
31132.58;141601.5625
31132.59;141601.5625
31132.6;141601.5625
31132.61;141601.5625
31132.62;141601.5625
31132.63;141601.5625
31132.64;141601.5625
31132.65;141601.5625
31132.66;141601.5625
31132.67;141601.5625
31132.68;141601.5625
31132.69;141601.5625
31132.7;141601.5625
31132.71;141601.5625
31132.72;141601.5625
31132.73;141601.5625
31132.74;141601.5625
31132.75;141601.5625
31132.76;141601.5625
31132.77;141601.5625
31132.78;141601.5625
31132.79;141601.5625
31132.8;141601.5625
31132.81;141601.5625
31132.82;141601.5625
31132.83;141601.5625
31132.84;141601.5625
31132.85;141601.5625
31132.86;141601.5625
31132.87;141601.5625
31132.88;141601.5625
31132.89;141601.5625
31132.9;141601.5625
31132.91;141601.5625
31132.92;141601.5625
31132.93;141601.5625
31132.94;141601.5625
31132.95;141601.5625
31132.96;141601.5625
31132.97;141601.5625
31132.98;141601.5625
31132.99;141601.5625
31133.0;141601.5625
31133.01;141601.5625
31133.02;141601.5625
31133.03;141601.5625
31133.04;141601.5625
31133.05;141601.5625
31133.06;141601.5625
31133.07;141601.5625
31133.08;141601.5625
31133.09;141601.5625
31133.1;141601.5625
31133.11;141601.5625
31133.12;141601.5625
31133.13;141601.5625
31133.14;141601.5625
31133.15;141601.5625
31133.16;141601.5625
31133.17;141357.421875
31133.18;141601.5625
31133.19;141601.5625
31133.2;141601.5625
31133.21;141601.5625
31133.22;141601.5625
31133.23;141601.5625
31133.24;141601.5625
31133.25;141601.5625
31133.26;141601.5625
31133.27;141601.5625
31133.28;141601.5625
31133.29;141601.5625
31133.3;141601.5625
31133.31;141601.5625
31133.32;141601.5625
31133.33;141601.5625
31133.34;141601.5625
31133.35;141601.5625
31133.36;141601.5625
31133.37;141601.5625
31133.38;141601.5625
31133.39;141601.5625
31133.4;141601.5625
31133.41;141601.5625
31133.42;141601.5625
31133.43;141601.5625
31133.44;141845.703125
31133.45;141601.5625
31133.46;141601.5625
31133.47;141601.5625
31133.48;141601.5625
31133.49;141601.5625
31133.5;141601.5625
31133.51;141601.5625
31133.52;141601.5625
31133.53;141601.5625
31133.54;141601.5625
31133.55;141601.5625
31133.56;141601.5625
31133.57;141601.5625
31133.58;141601.5625
31133.59;141601.5625
31133.6;141601.5625
31133.61;141601.5625
31133.62;141601.5625
31133.63;141601.5625
31133.64;141601.5625
31133.65;141601.5625
31133.66;141601.5625
31133.67;141601.5625
31133.68;141601.5625
31133.69;141601.5625
31133.7;141601.5625
31133.71;141601.5625
31133.72;141601.5625
31133.73;141601.5625
31133.74;141601.5625
31133.75;141601.5625
31133.76;141601.5625
31133.77;141601.5625
31133.78;141601.5625
31133.79;141601.5625
31133.8;141601.5625
31133.81;141601.5625
31133.82;141601.5625
31133.83;141601.5625
31133.84;141601.5625
31133.85;141601.5625
31133.86;141601.5625
31133.87;141601.5625
31133.88;141601.5625
31133.89;141601.5625
31133.9;141601.5625
31133.91;141601.5625
31133.92;141601.5625
31133.93;141601.5625
31133.94;141601.5625
31133.95;141601.5625
31133.96;141601.5625
31133.97;141601.5625
31133.98;141601.5625
31133.99;141601.5625
31134.0;141601.5625
31134.01;141601.5625
31134.02;141601.5625
31134.03;141601.5625
31134.04;141601.5625
31134.05;141601.5625
31134.06;141601.5625
31134.07;141601.5625
31134.08;141601.5625
31134.09;141601.5625
31134.1;141601.5625
31134.11;141601.5625
31134.12;141601.5625
31134.13;141601.5625
31134.14;141601.5625
31134.15;141601.5625
31134.16;141601.5625
31134.17;141601.5625
31134.18;141601.5625
31134.19;141601.5625
31134.2;141601.5625
31134.21;141601.5625
31134.22;141601.5625
31134.23;141601.5625
31134.24;141601.5625
31134.25;141601.5625
31134.26;141601.5625
31134.27;141601.5625
31134.28;141601.5625
31134.29;141601.5625
31134.3;141601.5625
31134.31;141601.5625
31134.32;141601.5625
31134.33;141601.5625
31134.34;141601.5625
31134.35;141601.5625
31134.36;141601.5625
31134.37;141601.5625
31134.38;141601.5625
31134.39;141601.5625
31134.4;141601.5625
31134.41;141601.5625
31134.42;141601.5625
31134.43;141601.5625
31134.44;141601.5625
31134.45;141601.5625
31134.46;141601.5625
31134.47;141601.5625
31134.48;141601.5625
31134.49;141601.5625
31134.5;141601.5625
31134.51;141601.5625
31134.52;141601.5625
31134.53;141601.5625
31134.54;141601.5625
31134.55;141601.5625
31134.56;141601.5625
31134.57;141601.5625
31134.58;141601.5625
31134.59;141601.5625
31134.6;141601.5625
31134.61;141601.5625
31134.62;141601.5625
31134.63;141601.5625
31134.64;141601.5625
31134.65;141357.421875
31134.66;141601.5625
31134.67;141601.5625
31134.68;141601.5625
31134.69;141357.421875
31134.7;141601.5625
31134.71;141601.5625
31134.72;141601.5625
31134.73;141601.5625
31134.74;141601.5625
31134.75;141601.5625
31134.76;141601.5625
31134.77;141601.5625
31134.78;141601.5625
31134.79;141601.5625
31134.8;141601.5625
31134.81;141601.5625
31134.82;141601.5625
31134.83;141601.5625
31134.84;141601.5625
31134.85;141601.5625
31134.86;141601.5625
31134.87;141601.5625
31134.88;141601.5625
31134.89;141601.5625
31134.9;141601.5625
31134.91;141601.5625
31134.92;141601.5625
31134.93;141601.5625
31134.94;141601.5625
31134.95;141601.5625
31134.96;141601.5625
31134.97;141601.5625
31134.98;141601.5625
31134.99;141601.5625
31135.0;141601.5625
31135.01;141601.5625
31135.02;141601.5625
31135.03;141601.5625
31135.04;141601.5625
31135.05;141601.5625
31135.06;141601.5625
31135.07;141601.5625
31135.08;141601.5625
31135.09;141601.5625
31135.1;141601.5625
31135.11;141601.5625
31135.12;141601.5625
31135.13;141601.5625
31135.14;141601.5625
31135.15;141601.5625
31135.16;141601.5625
31135.17;141601.5625
31135.18;141601.5625
31135.19;141601.5625
31135.2;141601.5625
31135.21;141601.5625
31135.22;141601.5625
31135.23;141601.5625
31135.24;141601.5625
31135.25;141601.5625
31135.26;141601.5625
31135.27;141601.5625
31135.28;141601.5625
31135.29;141601.5625
31135.3;141601.5625
31135.31;141601.5625
31135.32;141601.5625
31135.33;141601.5625
31135.34;141601.5625
31135.35;141601.5625
31135.36;141601.5625
31135.37;141601.5625
31135.38;141601.5625
31135.39;141601.5625
31135.4;141601.5625
31135.41;141601.5625
31135.42;141601.5625
31135.43;141601.5625
31135.44;141601.5625
31135.45;141601.5625
31135.46;141601.5625
31135.47;141601.5625
31135.48;141601.5625
31135.49;141601.5625
31135.5;141601.5625
31135.51;141601.5625
31135.52;141601.5625
31135.53;141601.5625
31135.54;141601.5625
31135.55;141601.5625
31135.56;141601.5625
31135.57;141601.5625
31135.58;141601.5625
31135.59;141601.5625
31135.6;141601.5625
31135.61;141601.5625
31135.62;141601.5625
31135.63;141601.5625
31135.64;141601.5625
31135.65;141601.5625
31135.66;141601.5625
31135.67;141601.5625
31135.68;141601.5625
31135.69;141601.5625
31135.7;141601.5625
31135.71;141601.5625
31135.72;141601.5625
31135.73;141601.5625
31135.74;141601.5625
31135.75;141601.5625
31135.76;141601.5625
31135.77;141601.5625
31135.78;141601.5625
31135.79;141601.5625
31135.8;141601.5625
31135.81;141601.5625
31135.82;141601.5625
31135.83;141601.5625
31135.84;141601.5625
31135.85;141601.5625
31135.86;141601.5625
31135.87;141601.5625
31135.88;141601.5625
31135.89;141601.5625
31135.9;141601.5625
31135.91;141601.5625
31135.92;141601.5625
31135.93;141601.5625
31135.94;141601.5625
31135.95;141601.5625
31135.96;141601.5625
31135.97;141601.5625
31135.98;141601.5625
31135.99;141601.5625
31136.0;141601.5625
31136.01;141601.5625
31136.02;141601.5625
31136.03;141601.5625
31136.04;141601.5625
31136.05;141601.5625
31136.06;141601.5625
31136.07;141601.5625
31136.08;141601.5625
31136.09;141601.5625
31136.1;141601.5625
31136.11;141601.5625
31136.12;141601.5625
31136.13;141601.5625
31136.14;141601.5625
31136.15;141601.5625
31136.16;141601.5625
31136.17;141601.5625
31136.18;141601.5625
31136.19;141601.5625
31136.2;141601.5625
31136.21;141601.5625
31136.22;141601.5625
31136.23;141601.5625
31136.24;141601.5625
31136.25;141601.5625
31136.26;141357.421875
31136.27;141601.5625
31136.28;141601.5625
31136.29;141601.5625
31136.3;141601.5625
31136.31;141601.5625
31136.32;141601.5625
31136.33;141601.5625
31136.34;141601.5625
31136.35;141601.5625
31136.36;141601.5625
31136.37;141601.5625
31136.38;141601.5625
31136.39;141601.5625
31136.4;141601.5625
31136.41;141601.5625
31136.42;141601.5625
31136.43;141601.5625
31136.44;141601.5625
31136.45;141601.5625
31136.46;141601.5625
31136.47;141601.5625
31136.48;141601.5625
31136.49;141601.5625
31136.5;141601.5625
31136.51;141601.5625
31136.52;141601.5625
31136.53;141601.5625
31136.54;141601.5625
31136.55;141601.5625
31136.56;141601.5625
31136.57;141601.5625
31136.58;141601.5625
31136.59;141601.5625
31136.6;141601.5625
31136.61;141601.5625
31136.62;141357.421875
31136.63;141601.5625
31136.64;141601.5625
31136.65;141601.5625
31136.66;141601.5625
31136.67;141357.421875
31136.68;141601.5625
31136.69;141601.5625
31136.7;141601.5625
31136.71;141601.5625
31136.72;141601.5625
31136.73;141601.5625
31136.74;141601.5625
31136.75;141601.5625
31136.76;141601.5625
31136.77;141601.5625
31136.78;141601.5625
31136.79;141601.5625
31136.8;141601.5625
31136.81;141601.5625
31136.82;141601.5625
31136.83;141601.5625
31136.84;141601.5625
31136.85;141601.5625
31136.86;141357.421875
31136.87;141601.5625
31136.88;141601.5625
31136.89;141601.5625
31136.9;141601.5625
31136.91;141601.5625
31136.92;141601.5625
31136.93;141357.421875
31136.94;141357.421875
31136.95;141601.5625
31136.96;141601.5625
31136.97;141601.5625
31136.98;141601.5625
31136.99;141601.5625
31137.0;141601.5625
31137.01;141601.5625
31137.02;141601.5625
31137.03;141601.5625
31137.04;141601.5625
31137.05;141601.5625
31137.06;141601.5625
31137.07;141601.5625
31137.08;141601.5625
31137.09;141601.5625
31137.1;141601.5625
31137.11;141601.5625
31137.12;141357.421875
31137.13;141601.5625
31137.14;141601.5625
31137.15;141601.5625
31137.16;141601.5625
31137.17;141601.5625
31137.18;141601.5625
31137.19;141601.5625
31137.2;141601.5625
31137.21;141601.5625
31137.22;141601.5625
31137.23;141357.421875
31137.24;141601.5625
31137.25;141601.5625
31137.26;141601.5625
31137.27;141601.5625
31137.28;141601.5625
31137.29;141601.5625
31137.3;141601.5625
31137.31;141601.5625
31137.32;141601.5625
31137.33;141601.5625
31137.34;141601.5625
31137.35;141601.5625
31137.36;141357.421875
31137.37;141601.5625
31137.38;141601.5625
31137.39;141601.5625
31137.4;141601.5625
31137.41;141601.5625
31137.42;141601.5625
31137.43;141601.5625
31137.44;141601.5625
31137.45;141601.5625
31137.46;141601.5625
31137.47;141601.5625
31137.48;141601.5625
31137.49;141601.5625
31137.5;141601.5625
31137.51;141601.5625
31137.52;141601.5625
31137.53;141601.5625
31137.54;141601.5625
31137.55;141357.421875
31137.56;141601.5625
31137.57;141601.5625
31137.58;141601.5625
31137.59;141601.5625
31137.6;141601.5625
31137.61;141601.5625
31137.62;141601.5625
31137.63;141601.5625
31137.64;141601.5625
31137.65;141357.421875
31137.66;141601.5625
31137.67;141601.5625
31137.68;141357.421875
31137.69;141357.421875
31137.7;141601.5625
31137.71;141601.5625
31137.72;141601.5625
31137.73;141601.5625
31137.74;141357.421875
31137.75;141601.5625
31137.76;141357.421875
31137.77;141357.421875
31137.78;141357.421875
31137.79;141357.421875
31137.8;141601.5625
31137.81;141357.421875
31137.82;141601.5625
31137.83;141601.5625
31137.84;141357.421875
31137.85;141601.5625
31137.86;141357.421875
31137.87;141357.421875
31137.88;141601.5625
31137.89;141357.421875
31137.9;141357.421875
31137.91;141601.5625
31137.92;141357.421875
31137.93;141357.421875
31137.94;141601.5625
31137.95;141357.421875
31137.96;141601.5625
31137.97;141357.421875
31137.98;141357.421875
31137.99;141357.421875
31138.0;141357.421875
31138.01;141357.421875
31138.02;141357.421875
31138.03;141357.421875
31138.04;141357.421875
31138.05;141357.421875
31138.06;141357.421875
31138.07;141357.421875
31138.08;141357.421875
31138.09;141357.421875
31138.1;141601.5625
31138.11;141357.421875
31138.12;141357.421875
31138.13;141357.421875
31138.14;141357.421875
31138.15;141357.421875
31138.16;141357.421875
31138.17;141357.421875
31138.18;141357.421875
31138.19;141357.421875
31138.2;141601.5625
31138.21;141357.421875
31138.22;141357.421875
31138.23;141357.421875
31138.24;141357.421875
31138.25;141357.421875
31138.26;141357.421875
31138.27;141357.421875
31138.28;141357.421875
31138.29;141357.421875
31138.3;141601.5625
31138.31;141357.421875
31138.32;141357.421875
31138.33;141357.421875
31138.34;141357.421875
31138.35;141357.421875
31138.36;141357.421875
31138.37;141357.421875
31138.38;141357.421875
31138.39;141357.421875
31138.4;141357.421875
31138.41;141357.421875
31138.42;141357.421875
31138.43;141357.421875
31138.44;141357.421875
31138.45;141357.421875
31138.46;141357.421875
31138.47;141357.421875
31138.48;141357.421875
31138.49;141357.421875
31138.5;141357.421875
31138.51;141357.421875
31138.52;141357.421875
31138.53;141357.421875
31138.54;141113.28125
31138.55;141357.421875
31138.56;141357.421875
31138.57;141357.421875
31138.58;141357.421875
31138.59;141357.421875
31138.6;141357.421875
31138.61;141357.421875
31138.62;141357.421875
31138.63;141357.421875
31138.64;141357.421875
31138.65;141357.421875
31138.66;141357.421875
31138.67;141357.421875
31138.68;141357.421875
31138.69;141357.421875
31138.7;141357.421875
31138.71;141357.421875
31138.72;141357.421875
31138.73;141357.421875
31138.74;141357.421875
31138.75;141357.421875
31138.76;141113.28125
31138.77;141357.421875
31138.78;141357.421875
31138.79;141357.421875
31138.8;141357.421875
31138.81;141357.421875
31138.82;141357.421875
31138.83;141357.421875
31138.84;141357.421875
31138.85;141357.421875
31138.86;141357.421875
31138.87;141357.421875
31138.88;141357.421875
31138.89;141357.421875
31138.9;141357.421875
31138.91;141357.421875
31138.92;141357.421875
31138.93;141357.421875
31138.94;141357.421875
31138.95;141357.421875
31138.96;141357.421875
31138.97;141357.421875
31138.98;141113.28125
31138.99;141357.421875
31139.0;141357.421875
31139.01;141357.421875
31139.02;141357.421875
31139.03;141357.421875
31139.04;141113.28125
31139.05;141357.421875
31139.06;141357.421875
31139.07;141357.421875
31139.08;141357.421875
31139.09;141357.421875
31139.1;141113.28125
31139.11;141357.421875
31139.12;141357.421875
31139.13;141357.421875
31139.14;141357.421875
31139.15;141113.28125
31139.16;141357.421875
31139.17;141357.421875
31139.18;141357.421875
31139.19;141357.421875
31139.2;141357.421875
31139.21;141357.421875
31139.22;141113.28125
31139.23;141357.421875
31139.24;141357.421875
31139.25;141113.28125
31139.26;141357.421875
31139.27;141357.421875
31139.28;141113.28125
31139.29;141357.421875
31139.3;141357.421875
31139.31;141357.421875
31139.32;141357.421875
31139.33;141357.421875
31139.34;141357.421875
31139.35;141357.421875
31139.36;141357.421875
31139.37;141357.421875
31139.38;141357.421875
31139.39;141357.421875
31139.4;141113.28125
31139.41;141357.421875
31139.42;141357.421875
31139.43;141357.421875
31139.44;141357.421875
31139.45;141357.421875
31139.46;141357.421875
31139.47;141357.421875
31139.48;141357.421875
31139.49;141357.421875
31139.5;141113.28125
31139.51;141357.421875
31139.52;141357.421875
31139.53;141357.421875
31139.54;141357.421875
31139.55;141357.421875
31139.56;141113.28125
31139.57;141357.421875
31139.58;141357.421875
31139.59;141357.421875
31139.6;141357.421875
31139.61;141357.421875
31139.62;141357.421875
31139.63;141357.421875
31139.64;141357.421875
31139.65;141357.421875
31139.66;141357.421875
31139.67;141357.421875
31139.68;141357.421875
31139.69;141357.421875
31139.7;141357.421875
31139.71;141113.28125
31139.72;141357.421875
31139.73;141357.421875
31139.74;141357.421875
31139.75;141357.421875
31139.76;141357.421875
31139.77;141357.421875
31139.78;141357.421875
31139.79;141357.421875
31139.8;141357.421875
31139.81;141357.421875
31139.82;141357.421875
31139.83;141113.28125
31139.84;141113.28125
31139.85;141357.421875
31139.86;141357.421875
31139.87;141357.421875
31139.88;141357.421875
31139.89;141357.421875
31139.9;141357.421875
31139.91;141357.421875
31139.92;141357.421875
31139.93;141113.28125
31139.94;141357.421875
31139.95;141357.421875
31139.96;141357.421875
31139.97;141357.421875
31139.98;141113.28125
31139.99;141113.28125
31140.0;141357.421875
31140.01;141357.421875
31140.02;141357.421875
31140.03;141113.28125
31140.04;141357.421875
31140.05;141113.28125
31140.06;141357.421875
31140.07;141357.421875
31140.08;141357.421875
31140.09;141357.421875
31140.1;141357.421875
31140.11;141113.28125
31140.12;141357.421875
31140.13;141113.28125
31140.14;141113.28125
31140.15;141357.421875
31140.16;141357.421875
31140.17;141357.421875
31140.18;141357.421875
31140.19;141113.28125
31140.2;141357.421875
31140.21;141357.421875
31140.22;141357.421875
31140.23;141357.421875
31140.24;141357.421875
31140.25;141357.421875
31140.26;141113.28125
31140.27;141357.421875
31140.28;141113.28125
31140.29;141357.421875
31140.3;141357.421875
31140.31;141357.421875
31140.32;141357.421875
31140.33;141357.421875
31140.34;141113.28125
31140.35;141113.28125
31140.36;141357.421875
31140.37;141357.421875
31140.38;141113.28125
31140.39;141357.421875
31140.4;141357.421875
31140.41;141113.28125
31140.42;141113.28125
31140.43;141113.28125
31140.44;141113.28125
31140.45;141113.28125
31140.46;141113.28125
31140.47;141113.28125
31140.48;141113.28125
31140.49;141113.28125
31140.5;141113.28125
31140.51;141113.28125
31140.52;141113.28125
31140.53;141113.28125
31140.54;141113.28125
31140.55;141113.28125
31140.56;141113.28125
31140.57;141113.28125
31140.58;141113.28125
31140.59;141113.28125
31140.6;141113.28125
31140.61;141113.28125
31140.62;141113.28125
31140.63;141113.28125
31140.64;141113.28125
31140.65;141113.28125
31140.66;141113.28125
31140.67;141113.28125
31140.68;141113.28125
31140.69;141113.28125
31140.7;141113.28125
31140.71;141113.28125
31140.72;141113.28125
31140.73;141113.28125
31140.74;141113.28125
31140.75;141113.28125
31140.76;141113.28125
31140.77;141113.28125
31140.78;141113.28125
31140.79;141113.28125
31140.8;141113.28125
31140.81;141113.28125
31140.82;141113.28125
31140.83;141113.28125
31140.84;141113.28125
31140.85;141113.28125
31140.86;141113.28125
31140.87;141113.28125
31140.88;141113.28125
31140.89;141113.28125
31140.9;141113.28125
31140.91;141113.28125
31140.92;141113.28125
31140.93;141113.28125
31140.94;141113.28125
31140.95;141113.28125
31140.96;141113.28125
31140.97;141113.28125
31140.98;141113.28125
31140.99;141113.28125
31141.0;141113.28125
31141.01;141113.28125
31141.02;141113.28125
31141.03;141113.28125
31141.04;141113.28125
31141.05;141113.28125
31141.06;141113.28125
31141.07;141113.28125
31141.08;141113.28125
31141.09;141113.28125
31141.1;141113.28125
31141.11;141113.28125
31141.12;141113.28125
31141.13;141113.28125
31141.14;141113.28125
31141.15;141113.28125
31141.16;141113.28125
31141.17;141113.28125
31141.18;141113.28125
31141.19;141113.28125
31141.2;141113.28125
31141.21;141113.28125
31141.22;141113.28125
31141.23;141113.28125
31141.24;141113.28125
31141.25;141113.28125
31141.26;141113.28125
31141.27;141357.421875
31141.28;141113.28125
31141.29;141113.28125
31141.3;141113.28125
31141.31;141357.421875
31141.32;141113.28125
31141.33;141113.28125
31141.34;141113.28125
31141.35;141113.28125
31141.36;141113.28125
31141.37;141113.28125
31141.38;141113.28125
31141.39;141113.28125
31141.4;141113.28125
31141.41;141113.28125
31141.42;141113.28125
31141.43;141113.28125
31141.44;141113.28125
31141.45;141113.28125
31141.46;141113.28125
31141.47;141113.28125
31141.48;141113.28125
31141.49;141113.28125
31141.5;141113.28125
31141.51;141113.28125
31141.52;141357.421875
31141.53;141113.28125
31141.54;141113.28125
31141.55;141113.28125
31141.56;141113.28125
31141.57;141113.28125
31141.58;141113.28125
31141.59;141113.28125
31141.6;141113.28125
31141.61;141113.28125
31141.62;141113.28125
31141.63;141113.28125
31141.64;141357.421875
31141.65;141113.28125
31141.66;141113.28125
31141.67;141113.28125
31141.68;141113.28125
31141.69;141113.28125
31141.7;141113.28125
31141.71;141113.28125
31141.72;141113.28125
31141.73;141113.28125
31141.74;141113.28125
31141.75;141113.28125
31141.76;141113.28125
31141.77;141113.28125
31141.78;141113.28125
31141.79;141113.28125
31141.8;141113.28125
31141.81;141113.28125
31141.82;141113.28125
31141.83;141113.28125
31141.84;141113.28125
31141.85;141113.28125
31141.86;141113.28125
31141.87;141113.28125
31141.88;141113.28125
31141.89;141113.28125
31141.9;141113.28125
31141.91;141113.28125
31141.92;141113.28125
31141.93;141113.28125
31141.94;141113.28125
31141.95;141113.28125
31141.96;141113.28125
31141.97;141113.28125
31141.98;141113.28125
31141.99;141113.28125
31142.0;141113.28125
31142.01;141113.28125
31142.02;141113.28125
31142.03;141113.28125
31142.04;141113.28125
31142.05;141113.28125
31142.06;141113.28125
31142.07;141113.28125
31142.08;141113.28125
31142.09;141113.28125
31142.1;141113.28125
31142.11;141113.28125
31142.12;141113.28125
31142.13;141113.28125
31142.14;141113.28125
31142.15;141113.28125
31142.16;141357.421875
31142.17;141113.28125
31142.18;141113.28125
31142.19;141113.28125
31142.2;141113.28125
31142.21;141113.28125
31142.22;141113.28125
31142.23;141113.28125
31142.24;141113.28125
31142.25;141113.28125
31142.26;141113.28125
31142.27;141113.28125
31142.28;141113.28125
31142.29;141113.28125
31142.3;141113.28125
31142.31;141113.28125
31142.32;141113.28125
31142.33;141113.28125
31142.34;141113.28125
31142.35;141113.28125
31142.36;141113.28125
31142.37;141113.28125
31142.38;141113.28125
31142.39;141113.28125
31142.4;141113.28125
31142.41;141113.28125
31142.42;141113.28125
31142.43;141113.28125
31142.44;141113.28125
31142.45;141113.28125
31142.46;141113.28125
31142.47;141113.28125
31142.48;141113.28125
31142.49;141113.28125
31142.5;141113.28125
31142.51;141113.28125
31142.52;141113.28125
31142.53;141113.28125
31142.54;141113.28125
31142.55;141113.28125
31142.56;141113.28125
31142.57;141113.28125
31142.58;141113.28125
31142.59;141113.28125
31142.6;141113.28125
31142.61;141113.28125
31142.62;141113.28125
31142.63;141113.28125
31142.64;141113.28125
31142.65;141113.28125
31142.66;141113.28125
31142.67;141113.28125
31142.68;141113.28125
31142.69;141113.28125
31142.7;141113.28125
31142.71;141113.28125
31142.72;141113.28125
31142.73;141113.28125
31142.74;141113.28125
31142.75;141113.28125
31142.76;141113.28125
31142.77;141113.28125
31142.78;141113.28125
31142.79;141113.28125
31142.8;141113.28125
31142.81;141113.28125
31142.82;141113.28125
31142.83;141113.28125
31142.84;141113.28125
31142.85;141113.28125
31142.86;141113.28125
31142.87;141113.28125
31142.88;141113.28125
31142.89;141113.28125
31142.9;141113.28125
31142.91;141113.28125
31142.92;141113.28125
31142.93;141113.28125
31142.94;141113.28125
31142.95;141113.28125
31142.96;141113.28125
31142.97;141113.28125
31142.98;141113.28125
31142.99;141113.28125
31143.0;141113.28125
31143.01;141113.28125
31143.02;141113.28125
31143.03;141357.421875
31143.04;141113.28125
31143.05;141113.28125
31143.06;141113.28125
31143.07;141113.28125
31143.08;141113.28125
31143.09;141113.28125
31143.1;141113.28125
31143.11;141113.28125
31143.12;141113.28125
31143.13;141113.28125
31143.14;141113.28125
31143.15;141113.28125
31143.16;141113.28125
31143.17;141113.28125
31143.18;141113.28125
31143.19;141113.28125
31143.2;141113.28125
31143.21;141113.28125
31143.22;141113.28125
31143.23;141113.28125
31143.24;141113.28125
31143.25;141113.28125
31143.26;141113.28125
31143.27;141113.28125
31143.28;141113.28125
31143.29;141113.28125
31143.3;141113.28125
31143.31;141113.28125
31143.32;141113.28125
31143.33;141113.28125
31143.34;141357.421875
31143.35;141113.28125
31143.36;141113.28125
31143.37;141113.28125
31143.38;141113.28125
31143.39;141113.28125
31143.4;141113.28125
31143.41;141357.421875
31143.42;141357.421875
31143.43;141113.28125
31143.44;141113.28125
31143.45;141357.421875
31143.46;141113.28125
31143.47;141113.28125
31143.48;141113.28125
31143.49;141113.28125
31143.5;141113.28125
31143.51;141113.28125
31143.52;141357.421875
31143.53;141113.28125
31143.54;141113.28125
31143.55;141113.28125
31143.56;141113.28125
31143.57;141113.28125
31143.58;141113.28125
31143.59;141113.28125
31143.6;141113.28125
31143.61;141113.28125
31143.62;141113.28125
31143.63;141113.28125
31143.64;141357.421875
31143.65;141357.421875
31143.66;141113.28125
31143.67;141357.421875
31143.68;141113.28125
31143.69;141113.28125
31143.7;141113.28125
31143.71;141113.28125
31143.72;141113.28125
31143.73;141113.28125
31143.74;141113.28125
31143.75;141357.421875
31143.76;141113.28125
31143.77;141357.421875
31143.78;141357.421875
31143.79;141357.421875
31143.8;141113.28125
31143.81;141113.28125
31143.82;141357.421875
31143.83;141113.28125
31143.84;141113.28125
31143.85;141357.421875
31143.86;141357.421875
31143.87;141113.28125
31143.88;141113.28125
31143.89;141113.28125
31143.9;141113.28125
31143.91;141357.421875
31143.92;141113.28125
31143.93;141113.28125
31143.94;141113.28125
31143.95;141113.28125
31143.96;141113.28125
31143.97;141357.421875
31143.98;141113.28125
31143.99;141357.421875
31144.0;141357.421875
31144.01;141113.28125
31144.02;141357.421875
31144.03;141113.28125
31144.04;141113.28125
31144.05;141113.28125
31144.06;141113.28125
31144.07;141113.28125
31144.08;141357.421875
31144.09;141113.28125
31144.1;141113.28125
31144.11;141113.28125
31144.12;141113.28125
31144.13;141113.28125
31144.14;141113.28125
31144.15;141113.28125
31144.16;141357.421875
31144.17;141113.28125
31144.18;141357.421875
31144.19;141113.28125
31144.2;141113.28125
31144.21;141113.28125
31144.22;141113.28125
31144.23;141113.28125
31144.24;141113.28125
31144.25;141357.421875
31144.26;141357.421875
31144.27;141113.28125
31144.28;141113.28125
31144.29;141113.28125
31144.3;141357.421875
31144.31;141113.28125
31144.32;141357.421875
31144.33;141113.28125
31144.34;141113.28125
31144.35;141113.28125
31144.36;141113.28125
31144.37;141113.28125
31144.38;141357.421875
31144.39;141113.28125
31144.4;141113.28125
31144.41;141113.28125
31144.42;141113.28125
31144.43;141113.28125
31144.44;141113.28125
31144.45;141113.28125
31144.46;141113.28125
31144.47;141113.28125
31144.48;141113.28125
31144.49;141113.28125
31144.5;141113.28125
31144.51;141113.28125
31144.52;141113.28125
31144.53;141113.28125
31144.54;141113.28125
31144.55;141113.28125
31144.56;141113.28125
31144.57;141113.28125
31144.58;141113.28125
31144.59;141113.28125
31144.6;141113.28125
31144.61;141113.28125
31144.62;141113.28125
31144.63;141113.28125
31144.64;141113.28125
31144.65;141113.28125
31144.66;141113.28125
31144.67;141113.28125
31144.68;141113.28125
31144.69;141113.28125
31144.7;141113.28125
31144.71;141113.28125
31144.72;141113.28125
31144.73;141113.28125
31144.74;141113.28125
31144.75;141113.28125
31144.76;141113.28125
31144.77;141113.28125
31144.78;141113.28125
31144.79;141113.28125
31144.8;141113.28125
31144.81;141113.28125
31144.82;141357.421875
31144.83;141113.28125
31144.84;141113.28125
31144.85;141113.28125
31144.86;141113.28125
31144.87;141113.28125
31144.88;141113.28125
31144.89;141113.28125
31144.9;141113.28125
31144.91;141113.28125
31144.92;141113.28125
31144.93;141357.421875
31144.94;141113.28125
31144.95;141113.28125
31144.96;141113.28125
31144.97;141113.28125
31144.98;141113.28125
31144.99;141113.28125
31145.0;141113.28125
31145.01;141113.28125
31145.02;141113.28125
31145.03;141113.28125
31145.04;141113.28125
31145.05;141113.28125
31145.06;141113.28125
31145.07;141113.28125
31145.08;141113.28125
31145.09;141113.28125
31145.1;141113.28125
31145.11;141113.28125
31145.12;141113.28125
31145.13;141357.421875
31145.14;141113.28125
31145.15;141113.28125
31145.16;141113.28125
31145.17;141113.28125
31145.18;141113.28125
31145.19;141113.28125
31145.2;141113.28125
31145.21;141113.28125
31145.22;141113.28125
31145.23;141113.28125
31145.24;141113.28125
31145.25;141113.28125
31145.26;141357.421875
31145.27;141113.28125
31145.28;141357.421875
31145.29;141113.28125
31145.3;141113.28125
31145.31;141113.28125
31145.32;141113.28125
31145.33;141113.28125
31145.34;141113.28125
31145.35;141113.28125
31145.36;141113.28125
31145.37;141113.28125
31145.38;141113.28125
31145.39;141113.28125
31145.4;141113.28125
31145.41;141113.28125
31145.42;141113.28125
31145.43;141113.28125
31145.44;141113.28125
31145.45;141357.421875
31145.46;141113.28125
31145.47;141113.28125
31145.48;141357.421875
31145.49;141357.421875
31145.5;141113.28125
31145.51;141357.421875
31145.52;141357.421875
31145.53;141113.28125
31145.54;141113.28125
31145.55;141113.28125
31145.56;141113.28125
31145.57;141113.28125
31145.58;141113.28125
31145.59;141113.28125
31145.6;141113.28125
31145.61;141113.28125
31145.62;141113.28125
31145.63;141113.28125
31145.64;141113.28125
31145.65;141357.421875
31145.66;141113.28125
31145.67;141357.421875
31145.68;141113.28125
31145.69;141113.28125
31145.7;141113.28125
31145.71;141113.28125
31145.72;141357.421875
31145.73;141113.28125
31145.74;141113.28125
31145.75;141113.28125
31145.76;141113.28125
31145.77;141113.28125
31145.78;141113.28125
31145.79;141113.28125
31145.8;141357.421875
31145.81;141113.28125
31145.82;141113.28125
31145.83;141357.421875
31145.84;141113.28125
31145.85;141113.28125
31145.86;141113.28125
31145.87;141113.28125
31145.88;141357.421875
31145.89;141357.421875
31145.9;141357.421875
31145.91;141357.421875
31145.92;141357.421875
31145.93;141113.28125
31145.94;141113.28125
31145.95;141357.421875
31145.96;141113.28125
31145.97;141113.28125
31145.98;141113.28125
31145.99;141357.421875
31146.0;141357.421875
31146.01;141113.28125
31146.02;141357.421875
31146.03;141113.28125
31146.04;141357.421875
31146.05;141113.28125
31146.06;141113.28125
31146.07;141113.28125
31146.08;141357.421875
31146.09;141113.28125
31146.1;141357.421875
31146.11;141113.28125
31146.12;141113.28125
31146.13;141113.28125
31146.14;141357.421875
31146.15;141113.28125
31146.16;141113.28125
31146.17;141357.421875
31146.18;141113.28125
31146.19;141113.28125
31146.2;141113.28125
31146.21;141357.421875
31146.22;141113.28125
31146.23;141113.28125
31146.24;141357.421875
31146.25;141113.28125
31146.26;141113.28125
31146.27;141357.421875
31146.28;141357.421875
31146.29;141113.28125
31146.3;141113.28125
31146.31;141113.28125
31146.32;141357.421875
31146.33;141113.28125
31146.34;141357.421875
31146.35;141113.28125
31146.36;141113.28125
31146.37;141113.28125
31146.38;141113.28125
31146.39;141357.421875
31146.4;141113.28125
31146.41;141113.28125
31146.42;141113.28125
31146.43;141113.28125
31146.44;141113.28125
31146.45;141113.28125
31146.46;141113.28125
31146.47;141357.421875
31146.48;141113.28125
31146.49;141113.28125
31146.5;141357.421875
31146.51;141113.28125
31146.52;141113.28125
31146.53;141357.421875
31146.54;141113.28125
31146.55;141357.421875
31146.56;141113.28125
31146.57;141113.28125
31146.58;141113.28125
31146.59;141113.28125
31146.6;141357.421875
31146.61;141601.5625
31146.62;216308.59375
31146.63;165039.0625
31146.64;138671.875
31146.65;143310.546875
31146.66;141845.703125
31146.67;142089.84375
31146.68;166992.1875
31146.69;220458.984375
31146.7;133789.0625
31146.71;144775.390625
31146.72;142089.84375
31146.73;142333.984375
31146.74;142333.984375
31146.75;218017.578125
31146.76;165283.203125
31146.77;139160.15625
31146.78;143554.6875
31146.79;142333.984375
31146.8;142089.84375
31146.81;141845.703125
31146.82;141601.5625
31146.83;141601.5625
31146.84;141601.5625
31146.85;141357.421875
31146.86;141357.421875
31146.87;141845.703125
31146.88;217529.296875
31146.89;165039.0625
31146.9;138671.875
31146.91;143310.546875
31146.92;141845.703125
31146.93;142089.84375
31146.94;141845.703125
31146.95;141601.5625
31146.96;141601.5625
31146.97;141601.5625
31146.98;141357.421875
31146.99;141357.421875
31147.0;141845.703125
31147.01;217529.296875
31147.02;164794.921875
31147.03;138671.875
31147.04;143310.546875
31147.05;141845.703125
31147.06;142089.84375
31147.07;141845.703125
31147.08;141601.5625
31147.09;141357.421875
31147.1;141601.5625
31147.11;141357.421875
31147.12;141357.421875
31147.13;141845.703125
31147.14;217529.296875
31147.15;164794.921875
31147.16;138671.875
31147.17;143554.6875
31147.18;142089.84375
31147.19;141845.703125
31147.2;141845.703125
31147.21;141601.5625
31147.22;141601.5625
31147.23;141601.5625
31147.24;141357.421875
31147.25;141357.421875
31147.26;141845.703125
31147.27;217529.296875
31147.28;165039.0625
31147.29;138671.875
31147.3;143554.6875
31147.31;142089.84375
31147.32;142089.84375
31147.33;167236.328125
31147.34;220214.84375
31147.35;134033.203125
31147.36;144775.390625
31147.37;142089.84375
31147.38;142333.984375
31147.39;142333.984375
31147.4;218017.578125
31147.41;165283.203125
31147.42;139160.15625
31147.43;143798.828125
31147.44;142333.984375
31147.45;142089.84375
31147.46;167236.328125
31147.47;220458.984375
31147.48;134033.203125
31147.49;144775.390625
31147.5;142333.984375
31147.51;142333.984375
31147.52;142333.984375
31147.53;218261.71875
31147.54;165283.203125
31147.55;139160.15625
31147.56;143798.828125
31147.57;142333.984375
31147.58;142089.84375
31147.59;167236.328125
31147.6;220458.984375
31147.61;134033.203125
31147.62;145019.53125
31147.63;142089.84375
31147.64;142333.984375
31147.65;142333.984375
31147.66;218017.578125
31147.67;165283.203125
31147.68;139160.15625
31147.69;143798.828125
31147.7;142333.984375
31147.71;142333.984375
31147.72;167236.328125
31147.73;220458.984375
31147.74;134033.203125
31147.75;145019.53125
31147.76;142333.984375
31147.77;142333.984375
31147.78;142333.984375
31147.79;218261.71875
31147.8;165283.203125
31147.81;139160.15625
31147.82;143798.828125
31147.83;142333.984375
31147.84;142089.84375
31147.85;142089.84375
31147.86;141845.703125
31147.87;141601.5625
31147.88;141601.5625
31147.89;141357.421875
31147.9;141357.421875
31147.91;141845.703125
31147.92;217773.4375
31147.93;165039.0625
31147.94;138916.015625
31147.95;143554.6875
31147.96;142089.84375
31147.97;142089.84375
31147.98;141845.703125
31147.99;141845.703125
31148.0;141601.5625
31148.01;141357.421875
31148.02;141357.421875
31148.03;141357.421875
31148.04;141845.703125
31148.05;217773.4375
31148.06;165039.0625
31148.07;138916.015625
31148.08;143554.6875
31148.09;142089.84375
31148.1;142089.84375
31148.11;141845.703125
31148.12;141845.703125
31148.13;141601.5625
31148.14;141601.5625
31148.15;141601.5625
31148.16;141357.421875
31148.17;141845.703125
31148.18;217529.296875
31148.19;165039.0625
31148.2;138916.015625
31148.21;143554.6875
31148.22;142089.84375
31148.23;142089.84375
31148.24;141845.703125
31148.25;141601.5625
31148.26;141601.5625
31148.27;141601.5625
31148.28;141357.421875
31148.29;141357.421875
31148.3;141845.703125
31148.31;217529.296875
31148.32;165039.0625
31148.33;138916.015625
31148.34;143310.546875
31148.35;142089.84375
31148.36;142089.84375
31148.37;141845.703125
31148.38;141845.703125
31148.39;141601.5625
31148.4;141357.421875
31148.41;141357.421875
31148.42;141357.421875
31148.43;141601.5625
31148.44;217773.4375
31148.45;164794.921875
31148.46;138671.875
31148.47;143310.546875
31148.48;141845.703125
31148.49;142089.84375
31148.5;141845.703125
31148.51;141601.5625
31148.52;141601.5625
31148.53;141601.5625
31148.54;141601.5625
31148.55;141357.421875
31148.56;141845.703125
31148.57;217529.296875
31148.58;164794.921875
31148.59;138671.875
31148.6;143554.6875
31148.61;141845.703125
31148.62;142089.84375
31148.63;141845.703125
31148.64;141601.5625
31148.65;141601.5625
31148.66;141601.5625
31148.67;141357.421875
31148.68;141357.421875
31148.69;141845.703125
31148.7;217773.4375
31148.71;164794.921875
31148.72;138671.875
31148.73;143310.546875
31148.74;142089.84375
31148.75;142089.84375
31148.76;141845.703125
31148.77;141601.5625
31148.78;141601.5625
31148.79;141601.5625
31148.8;141357.421875
31148.81;141357.421875
31148.82;141357.421875
31148.83;141357.421875
31148.84;141357.421875
31148.85;141357.421875
31148.86;141357.421875
31148.87;141357.421875
31148.88;141113.28125
31148.89;141357.421875
31148.9;141357.421875
31148.91;141113.28125
31148.92;141113.28125
31148.93;141113.28125
31148.94;141113.28125
31148.95;141113.28125
31148.96;141113.28125
31148.97;141113.28125
31148.98;141357.421875
31148.99;141113.28125
31149.0;141113.28125
31149.01;141357.421875
31149.02;141357.421875
31149.03;141113.28125
31149.04;141113.28125
31149.05;141113.28125
31149.06;141113.28125
31149.07;141357.421875
31149.08;141113.28125
31149.09;141357.421875
31149.1;141113.28125
31149.11;141113.28125
31149.12;141357.421875
31149.13;141357.421875
31149.14;141357.421875
31149.15;141113.28125
31149.16;141113.28125
31149.17;141357.421875
31149.18;141357.421875
31149.19;141113.28125
31149.2;141113.28125
31149.21;141357.421875
31149.22;141357.421875
31149.23;141357.421875
31149.24;141357.421875
31149.25;141357.421875
31149.26;141357.421875
31149.27;141113.28125
31149.28;141113.28125
31149.29;141357.421875
31149.3;141357.421875
31149.31;141357.421875
31149.32;141357.421875
31149.33;141113.28125
31149.34;141357.421875
31149.35;141357.421875
31149.36;141357.421875
31149.37;141357.421875
31149.38;141357.421875
31149.39;141357.421875
31149.4;141113.28125
31149.41;141357.421875
31149.42;141357.421875
31149.43;141357.421875
31149.44;141357.421875
31149.45;141357.421875
31149.46;141357.421875
31149.47;141357.421875
31149.48;141357.421875
31149.49;141357.421875
31149.5;141357.421875
31149.51;141357.421875
31149.52;141357.421875
31149.53;141357.421875
31149.54;141357.421875
31149.55;141357.421875
31149.56;141357.421875
31149.57;141357.421875
31149.58;141357.421875
31149.59;141357.421875
31149.6;141357.421875
31149.61;141357.421875
31149.62;141357.421875
31149.63;141357.421875
31149.64;141357.421875
31149.65;141357.421875
31149.66;141113.28125
31149.67;141357.421875
31149.68;141357.421875
31149.69;141357.421875
31149.7;141357.421875
31149.71;141357.421875
31149.72;141357.421875
31149.73;141357.421875
31149.74;141357.421875
31149.75;141357.421875
31149.76;141357.421875
31149.77;141357.421875
31149.78;141357.421875
31149.79;141357.421875
31149.8;141357.421875
31149.81;141357.421875
31149.82;141357.421875
31149.83;141357.421875
31149.84;141357.421875
31149.85;141357.421875
31149.86;141357.421875
31149.87;141357.421875
31149.88;141357.421875
31149.89;141357.421875
31149.9;141357.421875
31149.91;141357.421875
31149.92;141357.421875
31149.93;141357.421875
31149.94;141357.421875
31149.95;141357.421875
31149.96;141357.421875
31149.97;141357.421875
31149.98;141357.421875
31149.99;141357.421875
31150.0;141357.421875
31150.01;141357.421875
31150.02;141357.421875
31150.03;141357.421875
31150.04;141357.421875
31150.05;141357.421875
31150.06;141357.421875
31150.07;141601.5625
31150.08;141601.5625
31150.09;141357.421875
31150.1;141357.421875
31150.11;141357.421875
31150.12;141357.421875
31150.13;141357.421875
31150.14;141357.421875
31150.15;141357.421875
31150.16;141357.421875
31150.17;141357.421875
31150.18;141357.421875
31150.19;141357.421875
31150.2;141357.421875
31150.21;141357.421875
31150.22;141601.5625
31150.23;141357.421875
31150.24;141357.421875
31150.25;141357.421875
31150.26;141357.421875
31150.27;141357.421875
31150.28;141357.421875
31150.29;141357.421875
31150.3;141357.421875
31150.31;141601.5625
31150.32;141601.5625
31150.33;141357.421875
31150.34;141357.421875
31150.35;141357.421875
31150.36;141357.421875
31150.37;141357.421875
31150.38;141357.421875
31150.39;141357.421875
31150.4;141357.421875
31150.41;141357.421875
31150.42;141357.421875
31150.43;141357.421875
31150.44;141601.5625
31150.45;141357.421875
31150.46;141357.421875
31150.47;141357.421875
31150.48;141357.421875
31150.49;141357.421875
31150.5;141601.5625
31150.51;141357.421875
31150.52;141357.421875
31150.53;141601.5625
31150.54;141357.421875
31150.55;141357.421875
31150.56;141357.421875
31150.57;141601.5625
31150.58;141357.421875
31150.59;141357.421875
31150.6;141357.421875
31150.61;141601.5625
31150.62;141357.421875
31150.63;141357.421875
31150.64;141601.5625
31150.65;141601.5625
31150.66;141357.421875
31150.67;141357.421875
31150.68;141357.421875
31150.69;141357.421875
31150.7;141357.421875
31150.71;141357.421875
31150.72;141357.421875
31150.73;141357.421875
31150.74;141601.5625
31150.75;141601.5625
31150.76;141357.421875
31150.77;141601.5625
31150.78;141357.421875
31150.79;141357.421875
31150.8;141357.421875
31150.81;141601.5625
31150.82;141601.5625
31150.83;141601.5625
31150.84;141601.5625
31150.85;141357.421875
31150.86;141357.421875
31150.87;141357.421875
31150.88;141601.5625
31150.89;141357.421875
31150.9;141601.5625
31150.91;141601.5625
31150.92;141601.5625
31150.93;141357.421875
31150.94;141601.5625
31150.95;141601.5625
31150.96;141601.5625
31150.97;141601.5625
31150.98;141601.5625
31150.99;141601.5625
31151.0;141601.5625
31151.01;141357.421875
31151.02;141601.5625
31151.03;141601.5625
31151.04;141357.421875
31151.05;141357.421875
31151.06;141601.5625
31151.07;141601.5625
31151.08;141601.5625
31151.09;141357.421875
31151.1;141601.5625
31151.11;141601.5625
31151.12;141601.5625
31151.13;141357.421875
31151.14;141601.5625
31151.15;141601.5625
31151.16;141601.5625
31151.17;141601.5625
31151.18;141601.5625
31151.19;141601.5625
31151.2;141601.5625
31151.21;141601.5625
31151.22;141601.5625
31151.23;141601.5625
31151.24;141601.5625
31151.25;141601.5625
31151.26;141357.421875
31151.27;141601.5625
31151.28;141601.5625
31151.29;141601.5625
31151.3;141601.5625
31151.31;141601.5625
31151.32;141601.5625
31151.33;141601.5625
31151.34;141601.5625
31151.35;141601.5625
31151.36;141601.5625
31151.37;141601.5625
31151.38;141601.5625
31151.39;141601.5625
31151.4;141601.5625
31151.41;141601.5625
31151.42;141601.5625
31151.43;141601.5625
31151.44;141601.5625
31151.45;141601.5625
31151.46;141601.5625
31151.47;141601.5625
31151.48;141601.5625
31151.49;141601.5625
31151.5;141601.5625
31151.51;141601.5625
31151.52;141601.5625
31151.53;141601.5625
31151.54;141601.5625
31151.55;141601.5625
31151.56;141601.5625
31151.57;141601.5625
31151.58;141601.5625
31151.59;141601.5625
31151.6;141601.5625
31151.61;141601.5625
31151.62;141601.5625
31151.63;141601.5625
31151.64;141601.5625
31151.65;141601.5625
31151.66;141601.5625
31151.67;141601.5625
31151.68;141601.5625
31151.69;141601.5625
31151.7;141601.5625
31151.71;141601.5625
31151.72;141601.5625
31151.73;141601.5625
31151.74;141601.5625
31151.75;141357.421875
31151.76;141601.5625
31151.77;141601.5625
31151.78;141601.5625
31151.79;141601.5625
31151.8;141601.5625
31151.81;141601.5625
31151.82;141601.5625
31151.83;141601.5625
31151.84;141601.5625
31151.85;141601.5625
31151.86;141601.5625
31151.87;141601.5625
31151.88;141601.5625
31151.89;141601.5625
31151.9;141601.5625
31151.91;141601.5625
31151.92;141601.5625
31151.93;141601.5625
31151.94;141601.5625
31151.95;141601.5625
31151.96;141601.5625
31151.97;141601.5625
31151.98;141601.5625
31151.99;141601.5625
31152.0;141601.5625
31152.01;141601.5625
31152.02;141601.5625
31152.03;141601.5625
31152.04;141601.5625
31152.05;141601.5625
31152.06;141601.5625
31152.07;141601.5625
31152.08;141601.5625
31152.09;141601.5625
31152.1;141601.5625
31152.11;141601.5625
31152.12;141601.5625
31152.13;141601.5625
31152.14;141601.5625
31152.15;141601.5625
31152.16;141601.5625
31152.17;141601.5625
31152.18;141601.5625
31152.19;141601.5625
31152.2;141601.5625
31152.21;141601.5625
31152.22;141601.5625
31152.23;141601.5625
31152.24;141601.5625
31152.25;141845.703125
31152.26;141601.5625
31152.27;141601.5625
31152.28;141601.5625
31152.29;141601.5625
31152.3;141601.5625
31152.31;141601.5625
31152.32;141601.5625
31152.33;141601.5625
31152.34;141601.5625
31152.35;141601.5625
31152.36;141601.5625
31152.37;141601.5625
31152.38;141601.5625
31152.39;141601.5625
31152.4;141601.5625
31152.41;141601.5625
31152.42;141601.5625
31152.43;141601.5625
31152.44;141601.5625
31152.45;141601.5625
31152.46;141601.5625
31152.47;141601.5625
31152.48;141601.5625
31152.49;141601.5625
31152.5;141601.5625
31152.51;141601.5625
31152.52;141601.5625
31152.53;141601.5625
31152.54;141601.5625
31152.55;141601.5625
31152.56;141601.5625
31152.57;141601.5625
31152.58;141601.5625
31152.59;141601.5625
31152.6;141601.5625
31152.61;141601.5625
31152.62;141601.5625
31152.63;141601.5625
31152.64;141601.5625
31152.65;141601.5625
31152.66;141601.5625
31152.67;141601.5625
31152.68;141601.5625
31152.69;141601.5625
31152.7;141601.5625
31152.71;141601.5625
31152.72;141601.5625
31152.73;141601.5625
31152.74;141601.5625
31152.75;141601.5625
31152.76;141601.5625
31152.77;141601.5625
31152.78;141601.5625
31152.79;141601.5625
31152.8;141601.5625
31152.81;141601.5625
31152.82;141601.5625
31152.83;141601.5625
31152.84;141601.5625
31152.85;141601.5625
31152.86;141601.5625
31152.87;141601.5625
31152.88;141601.5625
31152.89;141601.5625
31152.9;141601.5625
31152.91;141601.5625
31152.92;141601.5625
31152.93;141601.5625
31152.94;141601.5625
31152.95;141357.421875
31152.96;141601.5625
31152.97;141601.5625
31152.98;141601.5625
31152.99;141601.5625
31153.0;141601.5625
31153.01;141601.5625
31153.02;141601.5625
31153.03;141601.5625
31153.04;141601.5625
31153.05;141601.5625
31153.06;141601.5625
31153.07;141601.5625
31153.08;141601.5625
31153.09;141601.5625
31153.1;141601.5625
31153.11;141601.5625
31153.12;141601.5625
31153.13;141601.5625
31153.14;141601.5625
31153.15;141601.5625
31153.16;141601.5625
31153.17;141601.5625
31153.18;141601.5625
31153.19;141601.5625
31153.2;141601.5625
31153.21;141601.5625
31153.22;141601.5625
31153.23;141601.5625
31153.24;141601.5625
31153.25;141601.5625
31153.26;141601.5625
31153.27;141601.5625
31153.28;141601.5625
31153.29;141601.5625
31153.3;141601.5625
31153.31;141601.5625
31153.32;141601.5625
31153.33;141601.5625
31153.34;141601.5625
31153.35;141601.5625
31153.36;141601.5625
31153.37;141601.5625
31153.38;141601.5625
31153.39;141601.5625
31153.4;141601.5625
31153.41;141601.5625
31153.42;141601.5625
31153.43;141601.5625
31153.44;141601.5625
31153.45;141601.5625
31153.46;141601.5625
31153.47;141601.5625
31153.48;141601.5625
31153.49;141601.5625
31153.5;141601.5625
31153.51;141601.5625
31153.52;141601.5625
31153.53;141601.5625
31153.54;141601.5625
31153.55;141601.5625
31153.56;141601.5625
31153.57;141601.5625
31153.58;141601.5625
31153.59;141601.5625
31153.6;141601.5625
31153.61;141601.5625
31153.62;141601.5625
31153.63;141601.5625
31153.64;141601.5625
31153.65;141601.5625
31153.66;141601.5625
31153.67;141601.5625
31153.68;141601.5625
31153.69;141601.5625
31153.7;141601.5625
31153.71;141601.5625
31153.72;141601.5625
31153.73;141601.5625
31153.74;141601.5625
31153.75;141601.5625
31153.76;141601.5625
31153.77;141601.5625
31153.78;141601.5625
31153.79;141601.5625
31153.8;141601.5625
31153.81;141601.5625
31153.82;141601.5625
31153.83;141601.5625
31153.84;141601.5625
31153.85;141601.5625
31153.86;141601.5625
31153.87;141601.5625
31153.88;141601.5625
31153.89;141601.5625
31153.9;141601.5625
31153.91;141601.5625
31153.92;141601.5625
31153.93;141601.5625
31153.94;141601.5625
31153.95;141601.5625
31153.96;141601.5625
31153.97;141601.5625
31153.98;141601.5625
31153.99;141601.5625
31154.0;141601.5625
31154.01;141601.5625
31154.02;141601.5625
31154.03;141601.5625
31154.04;141601.5625
31154.05;141601.5625
31154.06;141601.5625
31154.07;141601.5625
31154.08;141601.5625
31154.09;141601.5625
31154.1;141601.5625
31154.11;141601.5625
31154.12;141601.5625
31154.13;141601.5625
31154.14;141601.5625
31154.15;141601.5625
31154.16;141601.5625
31154.17;141601.5625
31154.18;141601.5625
31154.19;141601.5625
31154.2;141601.5625
31154.21;141601.5625
31154.22;141601.5625
31154.23;141601.5625
31154.24;141601.5625
31154.25;141601.5625
31154.26;141601.5625
31154.27;141601.5625
31154.28;141601.5625
31154.29;141601.5625
31154.3;141601.5625
31154.31;141601.5625
31154.32;141601.5625
31154.33;141601.5625
31154.34;141601.5625
31154.35;141601.5625
31154.36;141601.5625
31154.37;141601.5625
31154.38;141601.5625
31154.39;141601.5625
31154.4;141601.5625
31154.41;141601.5625
31154.42;141601.5625
31154.43;141601.5625
31154.44;141601.5625
31154.45;141601.5625
31154.46;141601.5625
31154.47;141601.5625
31154.48;141601.5625
31154.49;141601.5625
31154.5;141601.5625
31154.51;141601.5625
31154.52;141601.5625
31154.53;141601.5625
31154.54;141601.5625
31154.55;141601.5625
31154.56;141601.5625
31154.57;141601.5625
31154.58;141601.5625
31154.59;141601.5625
31154.6;141601.5625
31154.61;141601.5625
31154.62;141601.5625
31154.63;141601.5625
31154.64;141601.5625
31154.65;141601.5625
31154.66;141601.5625
31154.67;141601.5625
31154.68;141601.5625
31154.69;141601.5625
31154.7;141601.5625
31154.71;141601.5625
31154.72;141601.5625
31154.73;141601.5625
31154.74;141601.5625
31154.75;141601.5625
31154.76;141601.5625
31154.77;141601.5625
31154.78;141601.5625
31154.79;141601.5625
31154.8;141601.5625
31154.81;141601.5625
31154.82;141601.5625
31154.83;141601.5625
31154.84;141601.5625
31154.85;141601.5625
31154.86;141601.5625
31154.87;141601.5625
31154.88;141601.5625
31154.89;141601.5625
31154.9;141601.5625
31154.91;141601.5625
31154.92;141601.5625
31154.93;141601.5625
31154.94;141601.5625
31154.95;141601.5625
31154.96;141601.5625
31154.97;141601.5625
31154.98;141601.5625
31154.99;141601.5625
31155.0;141601.5625
31155.01;141601.5625
31155.02;141601.5625
31155.03;141601.5625
31155.04;141601.5625
31155.05;141601.5625
31155.06;141601.5625
31155.07;141601.5625
31155.08;141601.5625
31155.09;141601.5625
31155.1;141601.5625
31155.11;141601.5625
31155.12;141601.5625
31155.13;141601.5625
31155.14;141601.5625
31155.15;141601.5625
31155.16;141601.5625
31155.17;141601.5625
31155.18;141601.5625
31155.19;141601.5625
31155.2;141601.5625
31155.21;141601.5625
31155.22;141601.5625
31155.23;141601.5625
31155.24;141601.5625
31155.25;141845.703125
31155.26;141601.5625
31155.27;141601.5625
31155.28;141601.5625
31155.29;141601.5625
31155.3;141601.5625
31155.31;141601.5625
31155.32;141601.5625
31155.33;141601.5625
31155.34;141601.5625
31155.35;141601.5625
31155.36;141601.5625
31155.37;141601.5625
31155.38;141601.5625
31155.39;141601.5625
31155.4;141601.5625
31155.41;141601.5625
31155.42;141601.5625
31155.43;141601.5625
31155.44;141601.5625
31155.45;141601.5625
31155.46;141601.5625
31155.47;141601.5625
31155.48;141601.5625
31155.49;141601.5625
31155.5;141601.5625
31155.51;141601.5625
31155.52;141601.5625
31155.53;141601.5625
31155.54;141601.5625
31155.55;141601.5625
31155.56;141601.5625
31155.57;141601.5625
31155.58;141601.5625
31155.59;141601.5625
31155.6;141601.5625
31155.61;141601.5625
31155.62;141601.5625
31155.63;141601.5625
31155.64;141601.5625
31155.65;141601.5625
31155.66;141601.5625
31155.67;141601.5625
31155.68;141601.5625
31155.69;141601.5625
31155.7;141601.5625
31155.71;141601.5625
31155.72;141601.5625
31155.73;141601.5625
31155.74;141601.5625
31155.75;141601.5625
31155.76;141601.5625
31155.77;141601.5625
31155.78;141601.5625
31155.79;141601.5625
31155.8;141601.5625
31155.81;141601.5625
31155.82;141601.5625
31155.83;141601.5625
31155.84;141601.5625
31155.85;141601.5625
31155.86;141601.5625
31155.87;141601.5625
31155.88;141601.5625
31155.89;141601.5625
31155.9;141601.5625
31155.91;141601.5625
31155.92;141601.5625
31155.93;141601.5625
31155.94;141601.5625
31155.95;141601.5625
31155.96;141601.5625
31155.97;141601.5625
31155.98;141601.5625
31155.99;141601.5625
31156.0;141601.5625
31156.01;141601.5625
31156.02;141601.5625
31156.03;141601.5625
31156.04;141601.5625
31156.05;141601.5625
31156.06;141601.5625
31156.07;141601.5625
31156.08;141601.5625
31156.09;141601.5625
31156.1;141601.5625
31156.11;141601.5625
31156.12;141601.5625
31156.13;141601.5625
31156.14;141601.5625
31156.15;141601.5625
31156.16;141601.5625
31156.17;141601.5625
31156.18;141601.5625
31156.19;141601.5625
31156.2;141601.5625
31156.21;141845.703125
31156.22;141601.5625
31156.23;141601.5625
31156.24;141601.5625
31156.25;141601.5625
31156.26;141601.5625
31156.27;141601.5625
31156.28;141601.5625
31156.29;141601.5625
31156.3;141601.5625
31156.31;141601.5625
31156.32;141601.5625
31156.33;141601.5625
31156.34;141601.5625
31156.35;141601.5625
31156.36;141601.5625
31156.37;141601.5625
31156.38;141601.5625
31156.39;141601.5625
31156.4;141601.5625
31156.41;141601.5625
31156.42;141601.5625
31156.43;141601.5625
31156.44;141601.5625
31156.45;141601.5625
31156.46;141601.5625
31156.47;141357.421875
31156.48;141601.5625
31156.49;141601.5625
31156.5;141601.5625
31156.51;141601.5625
31156.52;141601.5625
31156.53;141601.5625
31156.54;141601.5625
31156.55;141601.5625
31156.56;141601.5625
31156.57;141601.5625
31156.58;141601.5625
31156.59;141601.5625
31156.6;141601.5625
31156.61;141601.5625
31156.62;141601.5625
31156.63;141601.5625
31156.64;141601.5625
31156.65;141601.5625
31156.66;141601.5625
31156.67;141601.5625
31156.68;141601.5625
31156.69;141601.5625
31156.7;141601.5625
31156.71;141357.421875
31156.72;141601.5625
31156.73;141601.5625
31156.74;141357.421875
31156.75;141601.5625
31156.76;141601.5625
31156.77;141357.421875
31156.78;141601.5625
31156.79;141601.5625
31156.8;141601.5625
31156.81;141601.5625
31156.82;141601.5625
31156.83;141357.421875
31156.84;141601.5625
31156.85;141601.5625
31156.86;141601.5625
31156.87;141601.5625
31156.88;141601.5625
31156.89;141601.5625
31156.9;141601.5625
31156.91;141601.5625
31156.92;141601.5625
31156.93;141601.5625
31156.94;141357.421875
31156.95;141601.5625
31156.96;141601.5625
31156.97;141601.5625
31156.98;141601.5625
31156.99;141601.5625
31157.0;141601.5625
31157.01;141601.5625
31157.02;141601.5625
31157.03;141601.5625
31157.04;141601.5625
31157.05;141357.421875
31157.06;141601.5625
31157.07;141601.5625
31157.08;141357.421875
31157.09;141601.5625
31157.1;141601.5625
31157.11;141601.5625
31157.12;141601.5625
31157.13;141601.5625
31157.14;141601.5625
31157.15;141601.5625
31157.16;141357.421875
31157.17;141601.5625
31157.18;141601.5625
31157.19;141601.5625
31157.2;141601.5625
31157.21;141601.5625
31157.22;141601.5625
31157.23;141601.5625
31157.24;141357.421875
31157.25;141601.5625
31157.26;141601.5625
31157.27;141601.5625
31157.28;141357.421875
31157.29;141601.5625
31157.3;141357.421875
31157.31;141601.5625
31157.32;141601.5625
31157.33;141601.5625
31157.34;141601.5625
31157.35;141601.5625
31157.36;141357.421875
31157.37;141601.5625
31157.38;141601.5625
31157.39;141601.5625
31157.4;141357.421875
31157.41;141601.5625
31157.42;141601.5625
31157.43;141357.421875
31157.44;141601.5625
31157.45;141601.5625
31157.46;141601.5625
31157.47;141357.421875
31157.48;141601.5625
31157.49;141601.5625
31157.5;141601.5625
31157.51;141601.5625
31157.52;141601.5625
31157.53;141601.5625
31157.54;141601.5625
31157.55;141357.421875
31157.56;141601.5625
31157.57;141601.5625
31157.58;141601.5625
31157.59;141357.421875
31157.6;141601.5625
31157.61;141357.421875
31157.62;141601.5625
31157.63;141601.5625
31157.64;141601.5625
31157.65;141601.5625
31157.66;141357.421875
31157.67;141601.5625
31157.68;141357.421875
31157.69;141601.5625
31157.7;141357.421875
31157.71;141601.5625
31157.72;141357.421875
31157.73;141357.421875
31157.74;141357.421875
31157.75;141601.5625
31157.76;141357.421875
31157.77;141357.421875
31157.78;141357.421875
31157.79;141601.5625
31157.8;141357.421875
31157.81;141357.421875
31157.82;141601.5625
31157.83;141601.5625
31157.84;141601.5625
31157.85;141357.421875
31157.86;141357.421875
31157.87;141357.421875
31157.88;141601.5625
31157.89;141357.421875
31157.9;141357.421875
31157.91;141601.5625
31157.92;141357.421875
31157.93;141357.421875
31157.94;141357.421875
31157.95;141357.421875
31157.96;141357.421875
31157.97;141357.421875
31157.98;141357.421875
31157.99;141357.421875
31158.0;141357.421875
31158.01;141357.421875
31158.02;141357.421875
31158.03;141357.421875
31158.04;141601.5625
31158.05;141357.421875
31158.06;141357.421875
31158.07;141357.421875
31158.08;141357.421875
31158.09;141357.421875
31158.1;141357.421875
31158.11;141357.421875
31158.12;141357.421875
31158.13;141357.421875
31158.14;141357.421875
31158.15;141357.421875
31158.16;141357.421875
31158.17;141357.421875
31158.18;141357.421875
31158.19;141357.421875
31158.2;141357.421875
31158.21;141357.421875
31158.22;141357.421875
31158.23;141357.421875
31158.24;141357.421875
31158.25;141357.421875
31158.26;141357.421875
31158.27;141357.421875
31158.28;141357.421875
31158.29;141357.421875
31158.3;141357.421875
31158.31;141357.421875
31158.32;141357.421875
31158.33;141357.421875
31158.34;141357.421875
31158.35;141357.421875
31158.36;141357.421875
31158.37;141357.421875
31158.38;141357.421875
31158.39;141357.421875
31158.4;141357.421875
31158.41;141357.421875
31158.42;141357.421875
31158.43;141357.421875
31158.44;141357.421875
31158.45;141357.421875
31158.46;141357.421875
31158.47;141357.421875
31158.48;141357.421875
31158.49;141357.421875
31158.5;141357.421875
31158.51;141357.421875
31158.52;141357.421875
31158.53;141357.421875
31158.54;141357.421875
31158.55;141357.421875
31158.56;141357.421875
31158.57;141357.421875
31158.58;141357.421875
31158.59;141357.421875
31158.6;141357.421875
31158.61;141357.421875
31158.62;141357.421875
31158.63;141357.421875
31158.64;141357.421875
31158.65;141357.421875
31158.66;141357.421875
31158.67;141357.421875
31158.68;141357.421875
31158.69;141357.421875
31158.7;141357.421875
31158.71;141357.421875
31158.72;141357.421875
31158.73;141357.421875
31158.74;141357.421875
31158.75;141113.28125
31158.76;141357.421875
31158.77;141357.421875
31158.78;141357.421875
31158.79;141357.421875
31158.8;141357.421875
31158.81;141357.421875
31158.82;141357.421875
31158.83;141357.421875
31158.84;141357.421875
31158.85;141357.421875
31158.86;141357.421875
31158.87;141357.421875
31158.88;141357.421875
31158.89;141113.28125
31158.9;141357.421875
31158.91;141357.421875
31158.92;141357.421875
31158.93;141357.421875
31158.94;141357.421875
31158.95;141357.421875
31158.96;141113.28125
31158.97;141357.421875
31158.98;141357.421875
31158.99;141113.28125
31159.0;141357.421875
31159.01;141357.421875
31159.02;141357.421875
31159.03;141357.421875
31159.04;141357.421875
31159.05;141357.421875
31159.06;141113.28125
31159.07;141357.421875
31159.08;141357.421875
31159.09;141113.28125
31159.1;141357.421875
31159.11;141357.421875
31159.12;141357.421875
31159.13;141357.421875
31159.14;141113.28125
31159.15;141357.421875
31159.16;141113.28125
31159.17;141113.28125
31159.18;141357.421875
31159.19;141357.421875
31159.2;141357.421875
31159.21;141357.421875
31159.22;141357.421875
31159.23;141357.421875
31159.24;141357.421875
31159.25;141113.28125
31159.26;141113.28125
31159.27;141357.421875
31159.28;141357.421875
31159.29;141357.421875
31159.3;141113.28125
31159.31;141113.28125
31159.32;141357.421875
31159.33;141113.28125
31159.34;141357.421875
31159.35;141357.421875
31159.36;141357.421875
31159.37;141357.421875
31159.38;141113.28125
31159.39;141113.28125
31159.4;141113.28125
31159.41;141357.421875
31159.42;141357.421875
31159.43;141357.421875
31159.44;141357.421875
31159.45;141357.421875
31159.46;141357.421875
31159.47;141357.421875
31159.48;141357.421875
31159.49;141357.421875
31159.5;141357.421875
31159.51;141357.421875
31159.52;141113.28125
31159.53;141357.421875
31159.54;141357.421875
31159.55;141357.421875
31159.56;141357.421875
31159.57;141357.421875
31159.58;141113.28125
31159.59;141357.421875
31159.6;141357.421875
31159.61;141357.421875
31159.62;141357.421875
31159.63;141357.421875
31159.64;141357.421875
31159.65;141357.421875
31159.66;141357.421875
31159.67;141357.421875
31159.68;141357.421875
31159.69;141113.28125
31159.7;141357.421875
31159.71;141113.28125
31159.72;141357.421875
31159.73;141357.421875
31159.74;141113.28125
31159.75;141357.421875
31159.76;141113.28125
31159.77;141357.421875
31159.78;141357.421875
31159.79;141113.28125
31159.8;141357.421875
31159.81;141113.28125
31159.82;141357.421875
31159.83;141357.421875
31159.84;141113.28125
31159.85;141357.421875
31159.86;141357.421875
31159.87;141357.421875
31159.88;141357.421875
31159.89;141357.421875
31159.9;141357.421875
31159.91;141113.28125
31159.92;141357.421875
31159.93;141357.421875
31159.94;141113.28125
31159.95;141113.28125
31159.96;141113.28125
31159.97;141357.421875
31159.98;141357.421875
31159.99;141357.421875
31160.0;141357.421875
31160.01;141113.28125
31160.02;141357.421875
31160.03;141357.421875
31160.04;141357.421875
31160.05;141357.421875
31160.06;141113.28125
31160.07;141357.421875
31160.08;141113.28125
31160.09;141357.421875
31160.1;141113.28125
31160.11;141357.421875
31160.12;141113.28125
31160.13;141357.421875
31160.14;141113.28125
31160.15;141357.421875
31160.16;141113.28125
31160.17;141357.421875
31160.18;141113.28125
31160.19;141113.28125
31160.2;141357.421875
31160.21;141357.421875
31160.22;141357.421875
31160.23;141357.421875
31160.24;141113.28125
31160.25;141113.28125
31160.26;141113.28125
31160.27;141357.421875
31160.28;141113.28125
31160.29;141357.421875
31160.3;141113.28125
31160.31;141113.28125
31160.32;141357.421875
31160.33;141113.28125
31160.34;141357.421875
31160.35;141113.28125
31160.36;141113.28125
31160.37;141113.28125
31160.38;141113.28125
31160.39;141357.421875
31160.4;141113.28125
31160.41;141113.28125
31160.42;141113.28125
31160.43;141357.421875
31160.44;141113.28125
31160.45;141357.421875
31160.46;141113.28125
31160.47;141113.28125
31160.48;141357.421875
31160.49;141113.28125
31160.5;141113.28125
31160.51;141113.28125
31160.52;141113.28125
31160.53;141113.28125
31160.54;141113.28125
31160.55;141113.28125
31160.56;141113.28125
31160.57;141113.28125
31160.58;141113.28125
31160.59;141113.28125
31160.6;141113.28125
31160.61;141113.28125
31160.62;141113.28125
31160.63;141113.28125
31160.64;141113.28125
31160.65;141113.28125
31160.66;141113.28125
31160.67;141113.28125
31160.68;141113.28125
31160.69;141113.28125
31160.7;141357.421875
31160.71;141113.28125
31160.72;141113.28125
31160.73;141357.421875
31160.74;141113.28125
31160.75;141113.28125
31160.76;141113.28125
31160.77;141113.28125
31160.78;141113.28125
31160.79;141113.28125
31160.8;141113.28125
31160.81;141113.28125
31160.82;141113.28125
31160.83;141113.28125
31160.84;141113.28125
31160.85;141113.28125
31160.86;141113.28125
31160.87;141113.28125
31160.88;141113.28125
31160.89;141113.28125
31160.9;141113.28125
31160.91;141113.28125
31160.92;141113.28125
31160.93;141113.28125
31160.94;141113.28125
31160.95;141357.421875
31160.96;141113.28125
31160.97;141113.28125
31160.98;141113.28125
31160.99;141113.28125
31161.0;141113.28125
31161.01;141113.28125
31161.02;141113.28125
31161.03;141113.28125
31161.04;141113.28125
31161.05;141113.28125
31161.06;141113.28125
31161.07;141113.28125
31161.08;141113.28125
31161.09;141113.28125
31161.1;141113.28125
31161.11;141113.28125
31161.12;141113.28125
31161.13;141113.28125
31161.14;141113.28125
31161.15;141113.28125
31161.16;141113.28125
31161.17;141113.28125
31161.18;141113.28125
31161.19;141113.28125
31161.2;141113.28125
31161.21;141113.28125
31161.22;141113.28125
31161.23;141113.28125
31161.24;141113.28125
31161.25;141113.28125
31161.26;141113.28125
31161.27;141113.28125
31161.28;141113.28125
31161.29;141113.28125
31161.3;141113.28125
31161.31;141113.28125
31161.32;141113.28125
31161.33;141113.28125
31161.34;141113.28125
31161.35;141357.421875
31161.36;141113.28125
31161.37;141113.28125
31161.38;141113.28125
31161.39;141113.28125
31161.4;141113.28125
31161.41;141113.28125
31161.42;141113.28125
31161.43;141113.28125
31161.44;141357.421875
31161.45;141113.28125
31161.46;141357.421875
31161.47;141113.28125
31161.48;141357.421875
31161.49;141113.28125
31161.5;141113.28125
31161.51;141357.421875
31161.52;141113.28125
31161.53;141113.28125
31161.54;141113.28125
31161.55;141113.28125
31161.56;141113.28125
31161.57;141113.28125
31161.58;141113.28125
31161.59;141113.28125
31161.6;141113.28125
31161.61;141113.28125
31161.62;141357.421875
31161.63;141113.28125
31161.64;141357.421875
31161.65;141113.28125
31161.66;141113.28125
31161.67;141113.28125
31161.68;141357.421875
31161.69;141113.28125
31161.7;141357.421875
31161.71;141113.28125
31161.72;141113.28125
31161.73;141357.421875
31161.74;141113.28125
31161.75;141357.421875
31161.76;141113.28125
31161.77;141113.28125
31161.78;141357.421875
31161.79;141113.28125
31161.8;141357.421875
31161.81;141113.28125
31161.82;141113.28125
31161.83;141357.421875
31161.84;141113.28125
31161.85;141113.28125
31161.86;141113.28125
31161.87;141113.28125
31161.88;141113.28125
31161.89;141113.28125
31161.9;141113.28125
31161.91;141357.421875
31161.92;141113.28125
31161.93;141357.421875
31161.94;141113.28125
31161.95;141113.28125
31161.96;141113.28125
31161.97;141113.28125
31161.98;141113.28125
31161.99;141357.421875
31162.0;141113.28125
31162.01;141113.28125
31162.02;141357.421875
31162.03;141113.28125
31162.04;141113.28125
31162.05;141113.28125
31162.06;141113.28125
31162.07;141357.421875
31162.08;141113.28125
31162.09;141113.28125
31162.1;141113.28125
31162.11;141357.421875
31162.12;141113.28125
31162.13;141113.28125
31162.14;141357.421875
31162.15;141113.28125
31162.16;141113.28125
31162.17;141113.28125
31162.18;141357.421875
31162.19;141113.28125
31162.2;141113.28125
31162.21;141357.421875
31162.22;141113.28125
31162.23;141113.28125
31162.24;141357.421875
31162.25;141113.28125
31162.26;141113.28125
31162.27;141113.28125
31162.28;141357.421875
31162.29;141113.28125
31162.3;141113.28125
31162.31;141357.421875
31162.32;141113.28125
31162.33;141113.28125
31162.34;141357.421875
31162.35;141113.28125
31162.36;141357.421875
31162.37;141113.28125
31162.38;141113.28125
31162.39;141357.421875
31162.4;141113.28125
31162.41;141113.28125
31162.42;141357.421875
31162.43;141113.28125
31162.44;141113.28125
31162.45;141113.28125
31162.46;141113.28125
31162.47;141357.421875
31162.48;141113.28125
31162.49;141113.28125
31162.5;141113.28125
31162.51;141113.28125
31162.52;141113.28125
31162.53;141113.28125
31162.54;141357.421875
31162.55;141113.28125
31162.56;141357.421875
31162.57;141113.28125
31162.58;141357.421875
31162.59;141113.28125
31162.6;141113.28125
31162.61;141113.28125
31162.62;141113.28125
31162.63;141113.28125
31162.64;141113.28125
31162.65;141113.28125
31162.66;141113.28125
31162.67;141113.28125
31162.68;141357.421875
31162.69;141113.28125
31162.7;141113.28125
31162.71;141113.28125
31162.72;141113.28125
31162.73;141113.28125
31162.74;141113.28125
31162.75;141113.28125
31162.76;141113.28125
31162.77;141113.28125
31162.78;141113.28125
31162.79;141357.421875
31162.8;141113.28125
31162.81;141113.28125
31162.82;141357.421875
31162.83;141113.28125
31162.84;141113.28125
31162.85;141113.28125
31162.86;141113.28125
31162.87;141113.28125
31162.88;141113.28125
31162.89;141113.28125
31162.9;141113.28125
31162.91;141113.28125
31162.92;141113.28125
31162.93;141357.421875
31162.94;141113.28125
31162.95;141113.28125
31162.96;141357.421875
31162.97;141113.28125
31162.98;141113.28125
31162.99;141113.28125
31163.0;141113.28125
31163.01;141113.28125
31163.02;141113.28125
31163.03;141113.28125
31163.04;141113.28125
31163.05;141113.28125
31163.06;141113.28125
31163.07;141357.421875
31163.08;141113.28125
31163.09;141113.28125
31163.1;141113.28125
31163.11;141113.28125
31163.12;141113.28125
31163.13;141113.28125
31163.14;141113.28125
31163.15;141113.28125
31163.16;141113.28125
31163.17;141113.28125
31163.18;141113.28125
31163.19;141113.28125
31163.2;141113.28125
31163.21;141113.28125
31163.22;141113.28125
31163.23;141113.28125
31163.24;141357.421875
31163.25;141113.28125
31163.26;141113.28125
31163.27;141113.28125
31163.28;141357.421875
31163.29;141113.28125
31163.3;141113.28125
31163.31;141113.28125
31163.32;141113.28125
31163.33;141113.28125
31163.34;141113.28125
31163.35;141113.28125
31163.36;141113.28125
31163.37;141357.421875
31163.38;141113.28125
31163.39;141113.28125
31163.4;141113.28125
31163.41;141113.28125
31163.42;141113.28125
31163.43;141357.421875
31163.44;141113.28125
31163.45;141113.28125
31163.46;141357.421875
31163.47;141113.28125
31163.48;141113.28125
31163.49;141113.28125
31163.5;141357.421875
31163.51;141113.28125
31163.52;141357.421875
31163.53;141357.421875
31163.54;141357.421875
31163.55;141357.421875
31163.56;141357.421875
31163.57;141113.28125
31163.58;141357.421875
31163.59;141113.28125
31163.6;141357.421875
31163.61;141357.421875
31163.62;141113.28125
31163.63;141113.28125
31163.64;141357.421875
31163.65;141113.28125
31163.66;141113.28125
31163.67;141357.421875
31163.68;141113.28125
31163.69;141113.28125
31163.7;141113.28125
31163.71;141357.421875
31163.72;141113.28125
31163.73;141357.421875
31163.74;141113.28125
31163.75;141357.421875
31163.76;141357.421875
31163.77;141113.28125
31163.78;141113.28125
31163.79;141113.28125
31163.8;141357.421875
31163.81;141357.421875
31163.82;141113.28125
31163.83;141357.421875
31163.84;141113.28125
31163.85;141357.421875
31163.86;141113.28125
31163.87;141113.28125
31163.88;141357.421875
31163.89;141113.28125
31163.9;141357.421875
31163.91;141113.28125
31163.92;141113.28125
31163.93;141113.28125
31163.94;141357.421875
31163.95;141113.28125
31163.96;141357.421875
31163.97;141113.28125
31163.98;141113.28125
31163.99;141113.28125
31164.0;141357.421875
31164.01;141113.28125
31164.02;141113.28125
31164.03;141357.421875
31164.04;141113.28125
31164.05;141113.28125
31164.06;141113.28125
31164.07;141113.28125
31164.08;141357.421875
31164.09;141113.28125
31164.1;141357.421875
31164.11;141113.28125
31164.12;141357.421875
31164.13;141113.28125
31164.14;141357.421875
31164.15;141113.28125
31164.16;141357.421875
31164.17;141357.421875
31164.18;141357.421875
31164.19;141113.28125
31164.2;141357.421875
31164.21;141357.421875
31164.22;141357.421875
31164.23;141113.28125
31164.24;141357.421875
31164.25;141113.28125
31164.26;141113.28125
31164.27;141357.421875
31164.28;141357.421875
31164.29;141113.28125
31164.3;141113.28125
31164.31;141357.421875
31164.32;141113.28125
31164.33;141357.421875
31164.34;141113.28125
31164.35;141113.28125
31164.36;141113.28125
31164.37;141357.421875
31164.38;141113.28125
31164.39;141357.421875
31164.4;141113.28125
31164.41;141113.28125
31164.42;141113.28125
31164.43;141113.28125
31164.44;141113.28125
31164.45;141113.28125
31164.46;141113.28125
31164.47;141113.28125
31164.48;141113.28125
31164.49;141113.28125
31164.5;141113.28125
31164.51;141113.28125
31164.52;141113.28125
31164.53;141357.421875
31164.54;141113.28125
31164.55;141113.28125
31164.56;141113.28125
31164.57;141113.28125
31164.58;141113.28125
31164.59;141113.28125
31164.6;141113.28125
31164.61;141601.5625
31164.62;218017.578125
31164.63;163085.9375
31164.64;138916.015625
31164.65;143310.546875
31164.66;142089.84375
31164.67;141845.703125
31164.68;168457.03125
31164.69;218994.140625
31164.7;133544.921875
31164.71;144775.390625
31164.72;142089.84375
31164.73;142333.984375
31164.74;142578.125
31164.75;219238.28125
31164.76;163574.21875
31164.77;139404.296875
31164.78;143554.6875
31164.79;142089.84375
31164.8;142089.84375
31164.81;141845.703125
31164.82;141845.703125
31164.83;141357.421875
31164.84;141601.5625
31164.85;141357.421875
31164.86;141357.421875
31164.87;141845.703125
31164.88;218994.140625
31164.89;163085.9375
31164.9;139160.15625
31164.91;143310.546875
31164.92;141845.703125
31164.93;142089.84375
31164.94;141845.703125
31164.95;141601.5625
31164.96;141601.5625
31164.97;141357.421875
31164.98;141357.421875
31164.99;141357.421875
31165.0;141845.703125
31165.01;218994.140625
31165.02;163085.9375
31165.03;138916.015625
31165.04;143310.546875
31165.05;141845.703125
31165.06;141845.703125
31165.07;141845.703125
31165.08;141601.5625
31165.09;141601.5625
31165.1;141357.421875
31165.11;141357.421875
31165.12;141357.421875
31165.13;141845.703125
31165.14;218994.140625
31165.15;163085.9375
31165.16;139160.15625
31165.17;143310.546875
31165.18;141845.703125
31165.19;142089.84375
31165.2;141601.5625
31165.21;141601.5625
31165.22;141601.5625
31165.23;141357.421875
31165.24;141357.421875
31165.25;141357.421875
31165.26;141845.703125
31165.27;218994.140625
31165.28;163085.9375
31165.29;139160.15625
31165.3;143310.546875
31165.31;142089.84375
31165.32;141845.703125
31165.33;168457.03125
31165.34;218994.140625
31165.35;133544.921875
31165.36;144775.390625
31165.37;142089.84375
31165.38;142333.984375
31165.39;142333.984375
31165.4;219482.421875
31165.41;163330.078125
31165.42;139404.296875
31165.43;143554.6875
31165.44;142089.84375
31165.45;142089.84375
31165.46;168701.171875
31165.47;219238.28125
31165.48;133789.0625
31165.49;144775.390625
31165.5;142089.84375
31165.51;142333.984375
31165.52;142578.125
31165.53;219482.421875
31165.54;163330.078125
31165.55;139404.296875
31165.56;143554.6875
31165.57;142089.84375
31165.58;142089.84375
31165.59;168701.171875
31165.6;218994.140625
31165.61;133789.0625
31165.62;144775.390625
31165.63;142089.84375
31165.64;142333.984375
31165.65;142578.125
31165.66;219726.5625
31165.67;163330.078125
31165.68;139404.296875
31165.69;143554.6875
31165.7;142089.84375
31165.71;142333.984375
31165.72;168701.171875
31165.73;218994.140625
31165.74;133789.0625
31165.75;144775.390625
31165.76;142333.984375
31165.77;142333.984375
31165.78;142578.125
31165.79;219726.5625
31165.8;163330.078125
31165.81;139404.296875
31165.82;143554.6875
31165.83;142333.984375
31165.84;142089.84375
31165.85;141845.703125
31165.86;141845.703125
31165.87;141601.5625
31165.88;141601.5625
31165.89;141601.5625
31165.9;141357.421875
31165.91;142089.84375
31165.92;218994.140625
31165.93;163085.9375
31165.94;139160.15625
31165.95;143310.546875
31165.96;142089.84375
31165.97;141845.703125
31165.98;141845.703125
31165.99;141601.5625
31166.0;141601.5625
31166.01;141357.421875
31166.02;141357.421875
31166.03;141357.421875
31166.04;141845.703125
31166.05;218994.140625
31166.06;163085.9375
31166.07;139160.15625
31166.08;143310.546875
31166.09;142089.84375
31166.1;142089.84375
31166.11;141845.703125
31166.12;141601.5625
31166.13;141601.5625
31166.14;141601.5625
31166.15;141357.421875
31166.16;141357.421875
31166.17;141845.703125
31166.18;218994.140625
31166.19;162841.796875
31166.2;139160.15625
31166.21;143310.546875
31166.22;142089.84375
31166.23;141845.703125
31166.24;141845.703125
31166.25;141845.703125
31166.26;141601.5625
31166.27;141357.421875
31166.28;141357.421875
31166.29;141357.421875
31166.3;141845.703125
31166.31;218994.140625
31166.32;162841.796875
31166.33;139160.15625
31166.34;143310.546875
31166.35;142089.84375
31166.36;142089.84375
31166.37;141845.703125
31166.38;141601.5625
31166.39;141601.5625
31166.4;141357.421875
31166.41;141357.421875
31166.42;141357.421875
31166.43;142089.84375
31166.44;218994.140625
31166.45;163085.9375
31166.46;139160.15625
31166.47;143310.546875
31166.48;141845.703125
31166.49;141845.703125
31166.5;141601.5625
31166.51;141601.5625
31166.52;141601.5625
31166.53;141357.421875
31166.54;141357.421875
31166.55;141357.421875
31166.56;142089.84375
31166.57;218994.140625
31166.58;162841.796875
31166.59;139160.15625
31166.6;143310.546875
31166.61;141845.703125
31166.62;142089.84375
31166.63;141845.703125
31166.64;141601.5625
31166.65;141601.5625
31166.66;141357.421875
31166.67;141357.421875
31166.68;141357.421875
31166.69;141845.703125
31166.7;218994.140625
31166.71;162841.796875
31166.72;139160.15625
31166.73;143310.546875
31166.74;142089.84375
31166.75;142089.84375
31166.76;141601.5625
31166.77;141601.5625
31166.78;141601.5625
31166.79;141357.421875
31166.8;141357.421875
31166.81;141357.421875
31166.82;141357.421875
31166.83;141357.421875
31166.84;141357.421875
31166.85;141357.421875
31166.86;141113.28125
31166.87;141357.421875
31166.88;141113.28125
31166.89;141113.28125
31166.9;141113.28125
31166.91;141357.421875
31166.92;141113.28125
31166.93;141357.421875
31166.94;141113.28125
31166.95;141113.28125
31166.96;141357.421875
31166.97;141113.28125
31166.98;141357.421875
31166.99;141113.28125
31167.0;141113.28125
31167.01;141113.28125
31167.02;141113.28125
31167.03;141113.28125
31167.04;141113.28125
31167.05;141357.421875
31167.06;141113.28125
31167.07;141113.28125
31167.08;141113.28125
31167.09;141113.28125
31167.1;141113.28125
31167.11;141113.28125
31167.12;141113.28125
31167.13;141113.28125
31167.14;141113.28125
31167.15;141113.28125
31167.16;141357.421875
31167.17;141113.28125
31167.18;141113.28125
31167.19;141113.28125
31167.2;141113.28125
31167.21;141113.28125
31167.22;141113.28125
31167.23;141113.28125
31167.24;141357.421875
31167.25;141113.28125
31167.26;141113.28125
31167.27;141357.421875
31167.28;141113.28125
31167.29;141357.421875
31167.3;141113.28125
31167.31;141113.28125
31167.32;141113.28125
31167.33;141113.28125
31167.34;141113.28125
31167.35;141113.28125
31167.36;141113.28125
31167.37;141113.28125
31167.38;141113.28125
31167.39;141113.28125
31167.4;141113.28125
31167.41;141113.28125
31167.42;141357.421875
31167.43;141113.28125
31167.44;141357.421875
31167.45;141357.421875
31167.46;141357.421875
31167.47;141113.28125
31167.48;141357.421875
31167.49;141113.28125
31167.5;141113.28125
31167.51;141113.28125
31167.52;141357.421875
31167.53;141113.28125
31167.54;141357.421875
31167.55;141113.28125
31167.56;141113.28125
31167.57;141113.28125
31167.58;141357.421875
31167.59;141113.28125
31167.6;141357.421875
31167.61;141357.421875
31167.62;141113.28125
31167.63;141113.28125
31167.64;141357.421875
31167.65;141113.28125
31167.66;141113.28125
31167.67;141357.421875
31167.68;141113.28125
31167.69;141113.28125
31167.7;141357.421875
31167.71;141357.421875
31167.72;141113.28125
31167.73;141113.28125
31167.74;141113.28125
31167.75;141113.28125
31167.76;141113.28125
31167.77;141357.421875
31167.78;141357.421875
31167.79;141113.28125
31167.8;141113.28125
31167.81;141357.421875
31167.82;141357.421875
31167.83;141357.421875
31167.84;141357.421875
31167.85;141113.28125
31167.86;141113.28125
31167.87;141113.28125
31167.88;141357.421875
31167.89;141113.28125
31167.9;141113.28125
31167.91;141113.28125
31167.92;141113.28125
31167.93;141113.28125
31167.94;141357.421875
31167.95;141357.421875
31167.96;141357.421875
31167.97;141113.28125
31167.98;141113.28125
31167.99;141113.28125
31168.0;141357.421875
31168.01;141113.28125
31168.02;141357.421875
31168.03;141357.421875
31168.04;141357.421875
31168.05;141357.421875
31168.06;141113.28125
31168.07;141113.28125
31168.08;141357.421875
31168.09;141113.28125
31168.1;141357.421875
31168.11;141113.28125
31168.12;141357.421875
31168.13;141357.421875
31168.14;141113.28125
31168.15;141357.421875
31168.16;141357.421875
31168.17;141113.28125
31168.18;141357.421875
31168.19;141113.28125
31168.2;141357.421875
31168.21;141113.28125
31168.22;141357.421875
31168.23;141357.421875
31168.24;141357.421875
31168.25;141357.421875
31168.26;141357.421875
31168.27;141357.421875
31168.28;141357.421875
31168.29;141113.28125
31168.3;141357.421875
31168.31;141357.421875
31168.32;141357.421875
31168.33;141357.421875
31168.34;141113.28125
31168.35;141113.28125
31168.36;141357.421875
31168.37;141357.421875
31168.38;141357.421875
31168.39;141357.421875
31168.4;141357.421875
31168.41;141113.28125
31168.42;141357.421875
31168.43;141357.421875
31168.44;141113.28125
31168.45;141357.421875
31168.46;141113.28125
31168.47;141357.421875
31168.48;141357.421875
31168.49;141357.421875
31168.5;141113.28125
31168.51;141357.421875
31168.52;141113.28125
31168.53;141357.421875
31168.54;141357.421875
31168.55;141113.28125
31168.56;141113.28125
31168.57;141357.421875
31168.58;141357.421875
31168.59;141357.421875
31168.6;141357.421875
31168.61;141357.421875
31168.62;141357.421875
31168.63;141357.421875
31168.64;141113.28125
31168.65;141357.421875
31168.66;141357.421875
31168.67;141357.421875
31168.68;141357.421875
31168.69;141113.28125
31168.7;141357.421875
31168.71;141357.421875
31168.72;141113.28125
31168.73;141113.28125
31168.74;141113.28125
31168.75;141357.421875
31168.76;141357.421875
31168.77;141357.421875
31168.78;141113.28125
31168.79;141113.28125
31168.8;141357.421875
31168.81;141357.421875
31168.82;141357.421875
31168.83;141357.421875
31168.84;141357.421875
31168.85;141357.421875
31168.86;141357.421875
31168.87;141113.28125
31168.88;141357.421875
31168.89;141113.28125
31168.9;141113.28125
31168.91;141357.421875
31168.92;141113.28125
31168.93;141357.421875
31168.94;141357.421875
31168.95;141113.28125
31168.96;141357.421875
31168.97;141357.421875
31168.98;141357.421875
31168.99;141357.421875
31169.0;141113.28125
31169.01;141357.421875
31169.02;141357.421875
31169.03;141357.421875
31169.04;141357.421875
31169.05;141357.421875
31169.06;141357.421875
31169.07;141357.421875
31169.08;141357.421875
31169.09;141357.421875
31169.1;141357.421875
31169.11;141113.28125
31169.12;141113.28125
31169.13;141357.421875
31169.14;141357.421875
31169.15;141357.421875
31169.16;141357.421875
31169.17;141357.421875
31169.18;141357.421875
31169.19;141357.421875
31169.2;141357.421875
31169.21;141357.421875
31169.22;141357.421875
31169.23;141357.421875
31169.24;141357.421875
31169.25;141357.421875
31169.26;141357.421875
31169.27;141357.421875
31169.28;141357.421875
31169.29;141357.421875
31169.3;141357.421875
31169.31;141357.421875
31169.32;141357.421875
31169.33;141357.421875
31169.34;141357.421875
31169.35;141357.421875
31169.36;141357.421875
31169.37;141357.421875
31169.38;141357.421875
31169.39;141357.421875
31169.4;141357.421875
31169.41;141357.421875
31169.42;141357.421875
31169.43;141357.421875
31169.44;141357.421875
31169.45;141357.421875
31169.46;141357.421875
31169.47;141357.421875
31169.48;141357.421875
31169.49;141357.421875
31169.5;141357.421875
31169.51;141357.421875
31169.52;141357.421875
31169.53;141357.421875
31169.54;141357.421875
31169.55;141357.421875
31169.56;141357.421875
31169.57;141357.421875
31169.58;141357.421875
31169.59;141357.421875
31169.6;141357.421875
31169.61;141357.421875
31169.62;141357.421875
31169.63;141357.421875
31169.64;141357.421875
31169.65;141357.421875
31169.66;141357.421875
31169.67;141357.421875
31169.68;141357.421875
31169.69;141357.421875
31169.7;141357.421875
31169.71;141357.421875
31169.72;141357.421875
31169.73;141357.421875
31169.74;141357.421875
31169.75;141357.421875
31169.76;141357.421875
31169.77;141357.421875
31169.78;141357.421875
31169.79;141357.421875
31169.8;141357.421875
31169.81;141357.421875
31169.82;141357.421875
31169.83;141601.5625
31169.84;141357.421875
31169.85;141357.421875
31169.86;141357.421875
31169.87;141357.421875
31169.88;141357.421875
31169.89;141357.421875
31169.9;141357.421875
31169.91;141357.421875
31169.92;141357.421875
31169.93;141357.421875
31169.94;141357.421875
31169.95;141357.421875
31169.96;141357.421875
31169.97;141357.421875
31169.98;141357.421875
31169.99;141357.421875
31170.0;141357.421875
31170.01;141357.421875
31170.02;141357.421875
31170.03;141357.421875
31170.04;141357.421875
31170.05;141357.421875
31170.06;141357.421875
31170.07;141357.421875
31170.08;141357.421875
31170.09;141357.421875
31170.1;141357.421875
31170.11;141357.421875
31170.12;141601.5625
31170.13;141357.421875
31170.14;141357.421875
31170.15;141357.421875
31170.16;141357.421875
31170.17;141601.5625
31170.18;141357.421875
31170.19;141357.421875
31170.2;141357.421875
31170.21;141357.421875
31170.22;141357.421875
31170.23;141357.421875
31170.24;141357.421875
31170.25;141601.5625
31170.26;141601.5625
31170.27;141357.421875
31170.28;141601.5625
31170.29;141357.421875
31170.3;141601.5625
31170.31;141357.421875
31170.32;141601.5625
31170.33;141357.421875
31170.34;141357.421875
31170.35;141357.421875
31170.36;141357.421875
31170.37;141357.421875
31170.38;141357.421875
31170.39;141601.5625
31170.4;141357.421875
31170.41;141601.5625
31170.42;141601.5625
31170.43;141601.5625
31170.44;141357.421875
31170.45;141357.421875
31170.46;141357.421875
31170.47;141601.5625
31170.48;141357.421875
31170.49;141601.5625
31170.5;141357.421875
31170.51;141601.5625
31170.52;141357.421875
31170.53;141357.421875
31170.54;141601.5625
31170.55;141357.421875
31170.56;141601.5625
31170.57;141357.421875
31170.58;141357.421875
31170.59;141601.5625
31170.6;141357.421875
31170.61;141601.5625
31170.62;141357.421875
31170.63;141601.5625
31170.64;141601.5625
31170.65;141357.421875
31170.66;141601.5625
31170.67;141357.421875
31170.68;141601.5625
31170.69;141601.5625
31170.7;141357.421875
31170.71;141601.5625
31170.72;141601.5625
31170.73;141601.5625
31170.74;141601.5625
31170.75;141601.5625
31170.76;141601.5625
31170.77;141601.5625
31170.78;141601.5625
31170.79;141357.421875
31170.8;141601.5625
31170.81;141601.5625
31170.82;141601.5625
31170.83;141601.5625
31170.84;141601.5625
31170.85;141601.5625
31170.86;141601.5625
31170.87;141601.5625
31170.88;141601.5625
31170.89;141601.5625
31170.9;141601.5625
31170.91;141357.421875
31170.92;141601.5625
31170.93;141601.5625
31170.94;141601.5625
31170.95;141601.5625
31170.96;141601.5625
31170.97;141601.5625
31170.98;141601.5625
31170.99;141601.5625
31171.0;141601.5625
31171.01;141601.5625
31171.02;141601.5625
31171.03;141601.5625
31171.04;141601.5625
31171.05;141601.5625
31171.06;141601.5625
31171.07;141601.5625
31171.08;141601.5625
31171.09;141601.5625
31171.1;141601.5625
31171.11;141601.5625
31171.12;141357.421875
31171.13;141601.5625
31171.14;141601.5625
31171.15;141601.5625
31171.16;141601.5625
31171.17;141601.5625
31171.18;141601.5625
31171.19;141601.5625
31171.2;141601.5625
31171.21;141601.5625
31171.22;141601.5625
31171.23;141601.5625
31171.24;141601.5625
31171.25;141601.5625
31171.26;141601.5625
31171.27;141601.5625
31171.28;141601.5625
31171.29;141601.5625
31171.3;141601.5625
31171.31;141601.5625
31171.32;141601.5625
31171.33;141601.5625
31171.34;141601.5625
31171.35;141601.5625
31171.36;141601.5625
31171.37;141601.5625
31171.38;141601.5625
31171.39;141601.5625
31171.4;141601.5625
31171.41;141601.5625
31171.42;141601.5625
31171.43;141601.5625
31171.44;141601.5625
31171.45;141601.5625
31171.46;141845.703125
31171.47;141601.5625
31171.48;141601.5625
31171.49;141601.5625
31171.5;141601.5625
31171.51;141601.5625
31171.52;141601.5625
31171.53;141601.5625
31171.54;141601.5625
31171.55;141601.5625
31171.56;141601.5625
31171.57;141601.5625
31171.58;141601.5625
31171.59;141601.5625
31171.6;141601.5625
31171.61;141601.5625
31171.62;141601.5625
31171.63;141601.5625
31171.64;141845.703125
31171.65;141601.5625
31171.66;141601.5625
31171.67;141601.5625
31171.68;141845.703125
31171.69;141601.5625
31171.7;141601.5625
31171.71;141601.5625
31171.72;141845.703125
31171.73;141601.5625
31171.74;141601.5625
31171.75;141601.5625
31171.76;141601.5625
31171.77;141601.5625
31171.78;141601.5625
31171.79;141601.5625
31171.8;141601.5625
31171.81;141601.5625
31171.82;141601.5625
31171.83;141601.5625
31171.84;141601.5625
31171.85;141601.5625
31171.86;141601.5625
31171.87;141601.5625
31171.88;141601.5625
31171.89;141601.5625
31171.9;141601.5625
31171.91;141845.703125
31171.92;141601.5625
31171.93;141601.5625
31171.94;141601.5625
31171.95;141601.5625
31171.96;141601.5625
31171.97;141601.5625
31171.98;141845.703125
31171.99;141601.5625
31172.0;141601.5625
31172.01;141601.5625
31172.02;141601.5625
31172.03;141845.703125
31172.04;141601.5625
31172.05;141601.5625
31172.06;141601.5625
31172.07;141601.5625
31172.08;141601.5625
31172.09;141601.5625
31172.1;141601.5625
31172.11;141601.5625
31172.12;141601.5625
31172.13;141601.5625
31172.14;141845.703125
31172.15;141601.5625
31172.16;141601.5625
31172.17;141601.5625
31172.18;141601.5625
31172.19;141601.5625
31172.2;141601.5625
31172.21;141601.5625
31172.22;141601.5625
31172.23;141601.5625
31172.24;141601.5625
31172.25;141601.5625
31172.26;141845.703125
31172.27;141845.703125
31172.28;141601.5625
31172.29;141601.5625
31172.3;141601.5625
31172.31;141601.5625
31172.32;141845.703125
31172.33;141601.5625
31172.34;141601.5625
31172.35;141601.5625
31172.36;141601.5625
31172.37;141601.5625
31172.38;141601.5625
31172.39;141601.5625
31172.4;141845.703125
31172.41;141601.5625
31172.42;141601.5625
31172.43;141601.5625
31172.44;141601.5625
31172.45;141601.5625
31172.46;141601.5625
31172.47;141601.5625
31172.48;141601.5625
31172.49;141601.5625
31172.5;141601.5625
31172.51;141601.5625
31172.52;141601.5625
31172.53;141601.5625
31172.54;141601.5625
31172.55;141601.5625
31172.56;141601.5625
31172.57;141601.5625
31172.58;141601.5625
31172.59;141601.5625
31172.6;141601.5625
31172.61;141601.5625
31172.62;141601.5625
31172.63;141601.5625
31172.64;141601.5625
31172.65;141357.421875
31172.66;141601.5625
31172.67;141601.5625
31172.68;141601.5625
31172.69;141601.5625
31172.7;141601.5625
31172.71;141601.5625
31172.72;141601.5625
31172.73;141601.5625
31172.74;141601.5625
31172.75;141601.5625
31172.76;141601.5625
31172.77;141601.5625
31172.78;141601.5625
31172.79;141601.5625
31172.8;141601.5625
31172.81;141601.5625
31172.82;141357.421875
31172.83;141601.5625
31172.84;141601.5625
31172.85;141601.5625
31172.86;141601.5625
31172.87;141601.5625
31172.88;141601.5625
31172.89;141601.5625
31172.9;141601.5625
31172.91;141601.5625
31172.92;141601.5625
31172.93;141601.5625
31172.94;141601.5625
31172.95;141601.5625
31172.96;141601.5625
31172.97;141601.5625
31172.98;141357.421875
31172.99;141601.5625
31173.0;141601.5625
31173.01;141601.5625
31173.02;141601.5625
31173.03;141357.421875
31173.04;141601.5625
31173.05;141357.421875
31173.06;141601.5625
31173.07;141357.421875
31173.08;141601.5625
31173.09;141601.5625
31173.1;141601.5625
31173.11;141601.5625
31173.12;141601.5625
31173.13;141601.5625
31173.14;141601.5625
31173.15;141601.5625
31173.16;141357.421875
31173.17;141601.5625
31173.18;141357.421875
31173.19;141601.5625
31173.2;141357.421875
31173.21;141601.5625
31173.22;141601.5625
31173.23;141601.5625
31173.24;141601.5625
31173.25;141601.5625
31173.26;141601.5625
31173.27;141601.5625
31173.28;141601.5625
31173.29;141601.5625
31173.3;141601.5625
31173.31;141601.5625
31173.32;141601.5625
31173.33;141601.5625
31173.34;141601.5625
31173.35;141357.421875
31173.36;141357.421875
31173.37;141357.421875
31173.38;141601.5625
31173.39;141601.5625
31173.4;141357.421875
31173.41;141601.5625
31173.42;141601.5625
31173.43;141601.5625
31173.44;141601.5625
31173.45;141601.5625
31173.46;141601.5625
31173.47;141601.5625
31173.48;141601.5625
31173.49;141601.5625
31173.5;141601.5625
31173.51;141601.5625
31173.52;141601.5625
31173.53;141601.5625
31173.54;141601.5625
31173.55;141601.5625
31173.56;141601.5625
31173.57;141601.5625
31173.58;141601.5625
31173.59;141601.5625
31173.6;141601.5625
31173.61;141601.5625
31173.62;141601.5625
31173.63;141601.5625
31173.64;141601.5625
31173.65;141601.5625
31173.66;141601.5625
31173.67;141601.5625
31173.68;141601.5625
31173.69;141601.5625
31173.7;141601.5625
31173.71;141601.5625
31173.72;141601.5625
31173.73;141601.5625
31173.74;141601.5625
31173.75;141601.5625
31173.76;141601.5625
31173.77;141601.5625
31173.78;141601.5625
31173.79;141601.5625
31173.8;141601.5625
31173.81;141601.5625
31173.82;141601.5625
31173.83;141601.5625
31173.84;141601.5625
31173.85;141601.5625
31173.86;141601.5625
31173.87;141601.5625
31173.88;141601.5625
31173.89;141601.5625
31173.9;141601.5625
31173.91;141601.5625
31173.92;141601.5625
31173.93;141601.5625
31173.94;141601.5625
31173.95;141601.5625
31173.96;141601.5625
31173.97;141601.5625
31173.98;141601.5625
31173.99;141601.5625
31174.0;141601.5625
31174.01;141601.5625
31174.02;141601.5625
31174.03;141601.5625
31174.04;141601.5625
31174.05;141601.5625
31174.06;141601.5625
31174.07;141601.5625
31174.08;141601.5625
31174.09;141601.5625
31174.1;141601.5625
31174.11;141601.5625
31174.12;141601.5625
31174.13;141601.5625
31174.14;141601.5625
31174.15;141601.5625
31174.16;141601.5625
31174.17;141601.5625
31174.18;141601.5625
31174.19;141601.5625
31174.2;141601.5625
31174.21;141601.5625
31174.22;141601.5625
31174.23;141601.5625
31174.24;141601.5625
31174.25;141601.5625
31174.26;141601.5625
31174.27;141601.5625
31174.28;141601.5625
31174.29;141601.5625
31174.3;141601.5625
31174.31;141601.5625
31174.32;141601.5625
31174.33;141601.5625
31174.34;141601.5625
31174.35;141601.5625
31174.36;141601.5625
31174.37;141601.5625
31174.38;141601.5625
31174.39;141357.421875
31174.4;141601.5625
31174.41;141601.5625
31174.42;141601.5625
31174.43;141601.5625
31174.44;141601.5625
31174.45;141601.5625
31174.46;141601.5625
31174.47;141601.5625
31174.48;141601.5625
31174.49;141601.5625
31174.5;141601.5625
31174.51;141601.5625
31174.52;141601.5625
31174.53;141601.5625
31174.54;141601.5625
31174.55;141601.5625
31174.56;141601.5625
31174.57;141357.421875
31174.58;141601.5625
31174.59;141601.5625
31174.6;141601.5625
31174.61;141601.5625
31174.62;141601.5625
31174.63;141601.5625
31174.64;141601.5625
31174.65;141601.5625
31174.66;141601.5625
31174.67;141357.421875
31174.68;141601.5625
31174.69;141601.5625
31174.7;141601.5625
31174.71;141601.5625
31174.72;141601.5625
31174.73;141601.5625
31174.74;141601.5625
31174.75;141601.5625
31174.76;141601.5625
31174.77;141601.5625
31174.78;141601.5625
31174.79;141601.5625
31174.8;141601.5625
31174.81;141601.5625
31174.82;141601.5625
31174.83;141601.5625
31174.84;141357.421875
31174.85;141601.5625
31174.86;141601.5625
31174.87;141601.5625
31174.88;141601.5625
31174.89;141601.5625
31174.9;141601.5625
31174.91;141601.5625
31174.92;141357.421875
31174.93;141601.5625
31174.94;141357.421875
31174.95;141601.5625
31174.96;141601.5625
31174.97;141601.5625
31174.98;141601.5625
31174.99;141601.5625
31175.0;141601.5625
31175.01;141601.5625
31175.02;141601.5625
31175.03;141601.5625
31175.04;141357.421875
31175.05;141601.5625
31175.06;141601.5625
31175.07;141601.5625
31175.08;141601.5625
31175.09;141601.5625
31175.1;141601.5625
31175.11;141601.5625
31175.12;141601.5625
31175.13;141601.5625
31175.14;141601.5625
31175.15;141601.5625
31175.16;141601.5625
31175.17;141601.5625
31175.18;141601.5625
31175.19;141601.5625
31175.2;141357.421875
31175.21;141601.5625
31175.22;141357.421875
31175.23;141601.5625
31175.24;141601.5625
31175.25;141601.5625
31175.26;141601.5625
31175.27;141601.5625
31175.28;141601.5625
31175.29;141601.5625
31175.3;141601.5625
31175.31;141601.5625
31175.32;141601.5625
31175.33;141601.5625
31175.34;141601.5625
31175.35;141601.5625
31175.36;141601.5625
31175.37;141601.5625
31175.38;141601.5625
31175.39;141601.5625
31175.4;141357.421875
31175.41;141601.5625
31175.42;141601.5625
31175.43;141601.5625
31175.44;141601.5625
31175.45;141601.5625
31175.46;141601.5625
31175.47;141601.5625
31175.48;141601.5625
31175.49;141601.5625
31175.5;141601.5625
31175.51;141601.5625
31175.52;141601.5625
31175.53;141601.5625
31175.54;141601.5625
31175.55;141601.5625
31175.56;141601.5625
31175.57;141601.5625
31175.58;141601.5625
31175.59;141601.5625
31175.6;141601.5625
31175.61;141601.5625
31175.62;141601.5625
31175.63;141357.421875
31175.64;141601.5625
31175.65;141601.5625
31175.66;141601.5625
31175.67;141601.5625
31175.68;141601.5625
31175.69;141601.5625
31175.7;141601.5625
31175.71;141601.5625
31175.72;141357.421875
31175.73;141601.5625
31175.74;141601.5625
31175.75;141601.5625
31175.76;141357.421875
31175.77;141601.5625
31175.78;141601.5625
31175.79;141601.5625
31175.8;141601.5625
31175.81;141601.5625
31175.82;141601.5625
31175.83;141601.5625
31175.84;141601.5625
31175.85;141601.5625
31175.86;141601.5625
31175.87;141601.5625
31175.88;141601.5625
31175.89;141601.5625
31175.9;141601.5625
31175.91;141601.5625
31175.92;141601.5625
31175.93;141601.5625
31175.94;141601.5625
31175.95;141601.5625
31175.96;141601.5625
31175.97;141601.5625
31175.98;141601.5625
31175.99;141601.5625
31176.0;141601.5625
31176.01;141601.5625
31176.02;141601.5625
31176.03;141357.421875
31176.04;141601.5625
31176.05;141601.5625
31176.06;141601.5625
31176.07;141357.421875
31176.08;141601.5625
31176.09;141601.5625
31176.1;141601.5625
31176.11;141601.5625
31176.12;141601.5625
31176.13;141601.5625
31176.14;141601.5625
31176.15;141601.5625
31176.16;141601.5625
31176.17;141601.5625
31176.18;141601.5625
31176.19;141601.5625
31176.2;141601.5625
31176.21;141601.5625
31176.22;141601.5625
31176.23;141601.5625
31176.24;141601.5625
31176.25;141601.5625
31176.26;141601.5625
31176.27;141601.5625
31176.28;141601.5625
31176.29;141601.5625
31176.3;141601.5625
31176.31;141601.5625
31176.32;141601.5625
31176.33;141601.5625
31176.34;141601.5625
31176.35;141601.5625
31176.36;141601.5625
31176.37;141601.5625
31176.38;141601.5625
31176.39;141601.5625
31176.4;141601.5625
31176.41;141357.421875
31176.42;141601.5625
31176.43;141601.5625
31176.44;141601.5625
31176.45;141601.5625
31176.46;141601.5625
31176.47;141601.5625
31176.48;141601.5625
31176.49;141601.5625
31176.5;141601.5625
31176.51;141601.5625
31176.52;141601.5625
31176.53;141601.5625
31176.54;141601.5625
31176.55;141601.5625
31176.56;141601.5625
31176.57;141601.5625
31176.58;141357.421875
31176.59;141601.5625
31176.6;141601.5625
31176.61;141601.5625
31176.62;141601.5625
31176.63;141601.5625
31176.64;141601.5625
31176.65;141601.5625
31176.66;141601.5625
31176.67;141601.5625
31176.68;141601.5625
31176.69;141357.421875
31176.7;141601.5625
31176.71;141601.5625
31176.72;141357.421875
31176.73;141601.5625
31176.74;141601.5625
31176.75;141601.5625
31176.76;141601.5625
31176.77;141601.5625
31176.78;141601.5625
31176.79;141601.5625
31176.8;141601.5625
31176.81;141601.5625
31176.82;141357.421875
31176.83;141601.5625
31176.84;141601.5625
31176.85;141601.5625
31176.86;141601.5625
31176.87;141601.5625
31176.88;141601.5625
31176.89;141601.5625
31176.9;141357.421875
31176.91;141601.5625
31176.92;141601.5625
31176.93;141357.421875
31176.94;141601.5625
31176.95;141601.5625
31176.96;141601.5625
31176.97;141601.5625
31176.98;141601.5625
31176.99;141357.421875
31177.0;141601.5625
31177.01;141357.421875
31177.02;141601.5625
31177.03;141601.5625
31177.04;141601.5625
31177.05;141357.421875
31177.06;141601.5625
31177.07;141601.5625
31177.08;141601.5625
31177.09;141601.5625
31177.1;141601.5625
31177.11;141357.421875
31177.12;141601.5625
31177.13;141601.5625
31177.14;141601.5625
31177.15;141357.421875
31177.16;141357.421875
31177.17;141601.5625
31177.18;141601.5625
31177.19;141601.5625
31177.2;141601.5625
31177.21;141357.421875
31177.22;141601.5625
31177.23;141357.421875
31177.24;141357.421875
31177.25;141601.5625
31177.26;141601.5625
31177.27;141357.421875
31177.28;141601.5625
31177.29;141601.5625
31177.3;141601.5625
31177.31;141601.5625
31177.32;141601.5625
31177.33;141601.5625
31177.34;141357.421875
31177.35;141601.5625
31177.36;141601.5625
31177.37;141601.5625
31177.38;141601.5625
31177.39;141601.5625
31177.4;141601.5625
31177.41;141601.5625
31177.42;141601.5625
31177.43;141601.5625
31177.44;141601.5625
31177.45;141357.421875
31177.46;141601.5625
31177.47;141601.5625
31177.48;141601.5625
31177.49;141601.5625
31177.5;141601.5625
31177.51;141601.5625
31177.52;141601.5625
31177.53;141601.5625
31177.54;141601.5625
31177.55;141601.5625
31177.56;141601.5625
31177.57;141601.5625
31177.58;141357.421875
31177.59;141601.5625
31177.6;141601.5625
31177.61;141601.5625
31177.62;141601.5625
31177.63;141601.5625
31177.64;141357.421875
31177.65;141601.5625
31177.66;141601.5625
31177.67;141601.5625
31177.68;141357.421875
31177.69;141601.5625
31177.7;141601.5625
31177.71;141601.5625
31177.72;141601.5625
31177.73;141601.5625
31177.74;141601.5625
31177.75;141601.5625
31177.76;141601.5625
31177.77;141357.421875
31177.78;141357.421875
31177.79;141601.5625
31177.8;141357.421875
31177.81;141601.5625
31177.82;141601.5625
31177.83;141357.421875
31177.84;141601.5625
31177.85;141357.421875
31177.86;141357.421875
31177.87;141601.5625
31177.88;141357.421875
31177.89;141357.421875
31177.9;141601.5625
31177.91;141357.421875
31177.92;141601.5625
31177.93;141357.421875
31177.94;141601.5625
31177.95;141357.421875
31177.96;141357.421875
31177.97;141357.421875
31177.98;141357.421875
31177.99;141601.5625
31178.0;141357.421875
31178.01;141357.421875
31178.02;141601.5625
31178.03;141357.421875
31178.04;141601.5625
31178.05;141357.421875
31178.06;141357.421875
31178.07;141357.421875
31178.08;141357.421875
31178.09;141357.421875
31178.1;141357.421875
31178.11;141357.421875
31178.12;141357.421875
31178.13;141357.421875
31178.14;141357.421875
31178.15;141357.421875
31178.16;141357.421875
31178.17;141357.421875
31178.18;141357.421875
31178.19;141357.421875
31178.2;141357.421875
31178.21;141357.421875
31178.22;141357.421875
31178.23;141357.421875
31178.24;141357.421875
31178.25;141357.421875
31178.26;141357.421875
31178.27;141357.421875
31178.28;141357.421875
31178.29;141357.421875
31178.3;141357.421875
31178.31;141357.421875
31178.32;141357.421875
31178.33;141357.421875
31178.34;141357.421875
31178.35;141357.421875
31178.36;141357.421875
31178.37;141357.421875
31178.38;141357.421875
31178.39;141357.421875
31178.4;141357.421875
31178.41;141357.421875
31178.42;141357.421875
31178.43;141357.421875
31178.44;141357.421875
31178.45;141357.421875
31178.46;141357.421875
31178.47;141357.421875
31178.48;141357.421875
31178.49;141357.421875
31178.5;141357.421875
31178.51;141357.421875
31178.52;141357.421875
31178.53;141357.421875
31178.54;141357.421875
31178.55;141357.421875
31178.56;141357.421875
31178.57;141357.421875
31178.58;141357.421875
31178.59;141357.421875
31178.6;141357.421875
31178.61;141357.421875
31178.62;141357.421875
31178.63;141357.421875
31178.64;141357.421875
31178.65;141357.421875
31178.66;141113.28125
31178.67;141357.421875
31178.68;141357.421875
31178.69;141357.421875
31178.7;141357.421875
31178.71;141357.421875
31178.72;141357.421875
31178.73;141113.28125
31178.74;141357.421875
31178.75;141357.421875
31178.76;141357.421875
31178.77;141357.421875
31178.78;141357.421875
31178.79;141357.421875
31178.8;141357.421875
31178.81;141357.421875
31178.82;141357.421875
31178.83;141357.421875
31178.84;141357.421875
31178.85;141357.421875
31178.86;141357.421875
31178.87;141357.421875
31178.88;141357.421875
31178.89;141357.421875
31178.9;141357.421875
31178.91;141113.28125
31178.92;141357.421875
31178.93;141357.421875
31178.94;141357.421875
31178.95;141113.28125
31178.96;141357.421875
31178.97;141357.421875
31178.98;141357.421875
31178.99;141357.421875
31179.0;141357.421875
31179.01;141357.421875
31179.02;141357.421875
31179.03;141357.421875
31179.04;141357.421875
31179.05;141357.421875
31179.06;141113.28125
31179.07;141357.421875
31179.08;141357.421875
31179.09;141357.421875
31179.1;141357.421875
31179.11;141113.28125
31179.12;141357.421875
31179.13;141357.421875
31179.14;141113.28125
31179.15;141113.28125
31179.16;141357.421875
31179.17;141357.421875
31179.18;141357.421875
31179.19;141357.421875
31179.2;141113.28125
31179.21;141357.421875
31179.22;141357.421875
31179.23;141357.421875
31179.24;141357.421875
31179.25;141357.421875
31179.26;141357.421875
31179.27;141113.28125
31179.28;141357.421875
31179.29;141113.28125
31179.3;141357.421875
31179.31;141357.421875
31179.32;141357.421875
31179.33;141357.421875
31179.34;141357.421875
31179.35;141113.28125
31179.36;141357.421875
31179.37;141113.28125
31179.38;141357.421875
31179.39;141113.28125
31179.4;141113.28125
31179.41;141357.421875
31179.42;141357.421875
31179.43;141357.421875
31179.44;141113.28125
31179.45;141357.421875
31179.46;141113.28125
31179.47;141357.421875
31179.48;141357.421875
31179.49;141357.421875
31179.5;141357.421875
31179.51;141357.421875
31179.52;141357.421875
31179.53;141113.28125
31179.54;141357.421875
31179.55;141357.421875
31179.56;141357.421875
31179.57;141113.28125
31179.58;141357.421875
31179.59;141357.421875
31179.6;141357.421875
31179.61;141113.28125
31179.62;141357.421875
31179.63;141357.421875
31179.64;141357.421875
31179.65;141357.421875
31179.66;141357.421875
31179.67;141113.28125
31179.68;141357.421875
31179.69;141357.421875
31179.7;141357.421875
31179.71;141357.421875
31179.72;141357.421875
31179.73;141357.421875
31179.74;141357.421875
31179.75;141357.421875
31179.76;141357.421875
31179.77;141113.28125
31179.78;141357.421875
31179.79;141113.28125
31179.8;141113.28125
31179.81;141357.421875
31179.82;141357.421875
31179.83;141357.421875
31179.84;141357.421875
31179.85;141357.421875
31179.86;141113.28125
31179.87;141113.28125
31179.88;141357.421875
31179.89;141357.421875
31179.9;141357.421875
31179.91;141113.28125
31179.92;141357.421875
31179.93;141357.421875
31179.94;141357.421875
31179.95;141357.421875
31179.96;141357.421875
31179.97;141357.421875
31179.98;141357.421875
31179.99;141357.421875
31180.0;141357.421875
31180.01;141357.421875
31180.02;141357.421875
31180.03;141113.28125
31180.04;141357.421875
31180.05;141113.28125
31180.06;141113.28125
31180.07;141357.421875
31180.08;141113.28125
31180.09;141357.421875
31180.1;141357.421875
31180.11;141113.28125
31180.12;141357.421875
31180.13;141357.421875
31180.14;141113.28125
31180.15;141357.421875
31180.16;141113.28125
31180.17;141357.421875
31180.18;141113.28125
31180.19;141357.421875
31180.2;141357.421875
31180.21;141357.421875
31180.22;141357.421875
31180.23;141357.421875
31180.24;141113.28125
31180.25;141357.421875
31180.26;141113.28125
31180.27;141113.28125
31180.28;141357.421875
31180.29;141113.28125
31180.3;141357.421875
31180.31;141113.28125
31180.32;141357.421875
31180.33;141113.28125
31180.34;141357.421875
31180.35;141113.28125
31180.36;141113.28125
31180.37;141357.421875
31180.38;141113.28125
31180.39;141357.421875
31180.4;141357.421875
31180.41;141113.28125
31180.42;141113.28125
31180.43;141113.28125
31180.44;141113.28125
31180.45;141113.28125
31180.46;141113.28125
31180.47;141113.28125
31180.48;141113.28125
31180.49;141113.28125
31180.5;141113.28125
31180.51;141113.28125
31180.52;141113.28125
31180.53;141113.28125
31180.54;141113.28125
31180.55;141113.28125
31180.56;141113.28125
31180.57;141113.28125
31180.58;141113.28125
31180.59;141113.28125
31180.6;141113.28125
31180.61;141113.28125
31180.62;141113.28125
31180.63;141113.28125
31180.64;141113.28125
31180.65;141113.28125
31180.66;141113.28125
31180.67;141113.28125
31180.68;141113.28125
31180.69;141113.28125
31180.7;141113.28125
31180.71;141113.28125
31180.72;141113.28125
31180.73;141113.28125
31180.74;141113.28125
31180.75;141113.28125
31180.76;141113.28125
31180.77;141113.28125
31180.78;141113.28125
31180.79;141113.28125
31180.8;141113.28125
31180.81;141113.28125
31180.82;141113.28125
31180.83;141357.421875
31180.84;141113.28125
31180.85;141113.28125
31180.86;141113.28125
31180.87;141113.28125
31180.88;141113.28125
31180.89;141113.28125
31180.9;141113.28125
31180.91;141113.28125
31180.92;141113.28125
31180.93;141113.28125
31180.94;141113.28125
31180.95;141113.28125
31180.96;141113.28125
31180.97;141113.28125
31180.98;141113.28125
31180.99;141113.28125
31181.0;141113.28125
31181.01;141113.28125
31181.02;141113.28125
31181.03;141113.28125
31181.04;141113.28125
31181.05;141113.28125
31181.06;141113.28125
31181.07;141113.28125
31181.08;141113.28125
31181.09;141113.28125
31181.1;141113.28125
31181.11;141113.28125
31181.12;141113.28125
31181.13;141113.28125
31181.14;141113.28125
31181.15;141113.28125
31181.16;141113.28125
31181.17;141113.28125
31181.18;141113.28125
31181.19;141113.28125
31181.2;141113.28125
31181.21;141113.28125
31181.22;141113.28125
31181.23;141113.28125
31181.24;141113.28125
31181.25;141113.28125
31181.26;141113.28125
31181.27;141113.28125
31181.28;141113.28125
31181.29;141113.28125
31181.3;141113.28125
31181.31;141113.28125
31181.32;141113.28125
31181.33;141113.28125
31181.34;141113.28125
31181.35;141113.28125
31181.36;141113.28125
31181.37;141113.28125
31181.38;141113.28125
31181.39;141113.28125
31181.4;141113.28125
31181.41;141113.28125
31181.42;141113.28125
31181.43;141113.28125
31181.44;141113.28125
31181.45;141113.28125
31181.46;141113.28125
31181.47;141113.28125
31181.48;141113.28125
31181.49;141113.28125
31181.5;141357.421875
31181.51;141113.28125
31181.52;141113.28125
31181.53;141113.28125
31181.54;141113.28125
31181.55;141113.28125
31181.56;141113.28125
31181.57;141113.28125
31181.58;141113.28125
31181.59;141113.28125
31181.6;141113.28125
31181.61;141113.28125
31181.62;141113.28125
31181.63;141113.28125
31181.64;141113.28125
31181.65;141113.28125
31181.66;141357.421875
31181.67;141113.28125
31181.68;141113.28125
31181.69;141357.421875
31181.7;141113.28125
31181.71;141113.28125
31181.72;141113.28125
31181.73;141113.28125
31181.74;141113.28125
31181.75;141113.28125
31181.76;141357.421875
31181.77;141113.28125
31181.78;141113.28125
31181.79;141113.28125
31181.8;141113.28125
31181.81;141357.421875
31181.82;141113.28125
31181.83;141113.28125
31181.84;141113.28125
31181.85;141113.28125
31181.86;141113.28125
31181.87;141113.28125
31181.88;141113.28125
31181.89;141113.28125
31181.9;141113.28125
31181.91;141113.28125
31181.92;141113.28125
31181.93;141113.28125
31181.94;141113.28125
31181.95;141113.28125
31181.96;141113.28125
31181.97;141113.28125
31181.98;141113.28125
31181.99;141113.28125
31182.0;141113.28125
31182.01;141113.28125
31182.02;141113.28125
31182.03;141113.28125
31182.04;141113.28125
31182.05;141113.28125
31182.06;141113.28125
31182.07;141113.28125
31182.08;141113.28125
31182.09;141357.421875
31182.1;141113.28125
31182.11;141113.28125
31182.12;141113.28125
31182.13;141113.28125
31182.14;141113.28125
31182.15;141113.28125
31182.16;141113.28125
31182.17;141113.28125
31182.18;141113.28125
31182.19;141113.28125
31182.2;141113.28125
31182.21;141113.28125
31182.22;141113.28125
31182.23;141113.28125
31182.24;141113.28125
31182.25;141113.28125
31182.26;141357.421875
31182.27;141113.28125
31182.28;141113.28125
31182.29;141113.28125
31182.3;141113.28125
31182.31;141113.28125
31182.32;141113.28125
31182.33;141113.28125
31182.34;141113.28125
31182.35;141113.28125
31182.36;141113.28125
31182.37;141113.28125
31182.38;141113.28125
31182.39;141113.28125
31182.4;141113.28125
31182.41;141113.28125
31182.42;141113.28125
31182.43;141113.28125
31182.44;141113.28125
31182.45;141113.28125
31182.46;141113.28125
31182.47;141113.28125
31182.48;141113.28125
31182.49;141113.28125
31182.5;141113.28125
31182.51;141113.28125
31182.52;141113.28125
31182.53;141113.28125
31182.54;141113.28125
31182.55;141113.28125
31182.56;141113.28125
31182.57;141113.28125
31182.58;141113.28125
31182.59;141113.28125
31182.6;141113.28125
31182.61;141845.703125
31182.62;219238.28125
31182.63;161376.953125
31182.64;139160.15625
31182.65;143310.546875
31182.66;141845.703125
31182.67;141845.703125
31182.68;169921.875
31182.69;217773.4375
31182.7;133544.921875
31182.71;144775.390625
31182.72;142089.84375
31182.73;142089.84375
31182.74;142822.265625
31182.75;220703.125
31182.76;161621.09375
31182.77;139648.4375
31182.78;143554.6875
31182.79;142089.84375
31182.8;142089.84375
31182.81;141845.703125
31182.82;141601.5625
31182.83;141601.5625
31182.84;141357.421875
31182.85;141357.421875
31182.86;141357.421875
31182.87;142089.84375
31182.88;220214.84375
31182.89;161376.953125
31182.9;139404.296875
31182.91;143310.546875
31182.92;142089.84375
31182.93;141845.703125
31182.94;141845.703125
31182.95;141601.5625
31182.96;141601.5625
31182.97;141357.421875
31182.98;141357.421875
31182.99;141357.421875
31183.0;142089.84375
31183.01;220214.84375
31183.02;161376.953125
31183.03;139404.296875
31183.04;143310.546875
31183.05;142089.84375
31183.06;141845.703125
31183.07;141845.703125
31183.08;141601.5625
31183.09;141601.5625
31183.1;141601.5625
31183.11;141357.421875
31183.12;141357.421875
31183.13;142089.84375
31183.14;220214.84375
31183.15;161132.8125
31183.16;139404.296875
31183.17;143310.546875
31183.18;142089.84375
31183.19;141845.703125
31183.2;141845.703125
31183.21;141601.5625
31183.22;141601.5625
31183.23;141357.421875
31183.24;141357.421875
31183.25;141357.421875
31183.26;142089.84375
31183.27;220458.984375
31183.28;161132.8125
31183.29;139404.296875
31183.3;143310.546875
31183.31;141845.703125
31183.32;142089.84375
31183.33;169921.875
31183.34;217529.296875
31183.35;133544.921875
31183.36;144775.390625
31183.37;142089.84375
31183.38;142089.84375
31183.39;142578.125
31183.4;220947.265625
31183.41;161621.09375
31183.42;139648.4375
31183.43;143554.6875
31183.44;142089.84375
31183.45;142089.84375
31183.46;170166.015625
31183.47;217773.4375
31183.48;133544.921875
31183.49;145019.53125
31183.5;142089.84375
31183.51;142333.984375
31183.52;142822.265625
31183.53;220947.265625
31183.54;161621.09375
31183.55;139648.4375
31183.56;143554.6875
31183.57;142089.84375
31183.58;142089.84375
31183.59;170166.015625
31183.6;217773.4375
31183.61;133544.921875
31183.62;145019.53125
31183.63;142089.84375
31183.64;142333.984375
31183.65;142822.265625
31183.66;220703.125
31183.67;161621.09375
31183.68;139648.4375
31183.69;143554.6875
31183.7;142089.84375
31183.71;142089.84375
31183.72;170166.015625
31183.73;217773.4375
31183.74;133544.921875
31183.75;145019.53125
31183.76;142089.84375
31183.77;142333.984375
31183.78;142822.265625
31183.79;220947.265625
31183.8;161621.09375
31183.81;139648.4375
31183.82;143554.6875
31183.83;142333.984375
31183.84;142089.84375
31183.85;141845.703125
31183.86;141845.703125
31183.87;141601.5625
31183.88;141601.5625
31183.89;141357.421875
31183.9;141357.421875
31183.91;142089.84375
31183.92;220458.984375
31183.93;161132.8125
31183.94;139404.296875
31183.95;143310.546875
31183.96;142089.84375
31183.97;142089.84375
31183.98;141845.703125
31183.99;141601.5625
31184.0;141601.5625
31184.01;141601.5625
31184.02;141357.421875
31184.03;141357.421875
31184.04;142089.84375
31184.05;220214.84375
31184.06;161132.8125
31184.07;139404.296875
31184.08;143310.546875
31184.09;141845.703125
31184.1;142089.84375
31184.11;141845.703125
31184.12;141601.5625
31184.13;141357.421875
31184.14;141357.421875
31184.15;141357.421875
31184.16;141357.421875
31184.17;142089.84375
31184.18;220458.984375
31184.19;161132.8125
31184.2;139404.296875
31184.21;143310.546875
31184.22;142089.84375
31184.23;142089.84375
31184.24;141845.703125
31184.25;141601.5625
31184.26;141601.5625
31184.27;141357.421875
31184.28;141601.5625
31184.29;141357.421875
31184.3;142089.84375
31184.31;220458.984375
31184.32;161132.8125
31184.33;139404.296875
31184.34;143310.546875
31184.35;141845.703125
31184.36;142089.84375
31184.37;141601.5625
31184.38;141601.5625
31184.39;141601.5625
31184.4;141601.5625
31184.41;141357.421875
31184.42;141357.421875
31184.43;142089.84375
31184.44;220458.984375
31184.45;161132.8125
31184.46;139404.296875
31184.47;143310.546875
31184.48;141845.703125
31184.49;142089.84375
31184.5;141845.703125
31184.51;141601.5625
31184.52;141601.5625
31184.53;141357.421875
31184.54;141357.421875
31184.55;141357.421875
31184.56;142089.84375
31184.57;220458.984375
31184.58;161132.8125
31184.59;139404.296875
31184.6;143310.546875
31184.61;142089.84375
31184.62;141845.703125
31184.63;141845.703125
31184.64;141601.5625
31184.65;141601.5625
31184.66;141357.421875
31184.67;141357.421875
31184.68;141357.421875
31184.69;142089.84375
31184.7;220458.984375
31184.71;161132.8125
31184.72;139404.296875
31184.73;143310.546875
31184.74;142089.84375
31184.75;141845.703125
31184.76;141845.703125
31184.77;141601.5625
31184.78;141601.5625
31184.79;141357.421875
31184.8;141357.421875
31184.81;141357.421875
31184.82;141357.421875
31184.83;141113.28125
31184.84;141357.421875
31184.85;141113.28125
31184.86;141113.28125
31184.87;141357.421875
31184.88;141357.421875
31184.89;141113.28125
31184.9;141113.28125
31184.91;141113.28125
31184.92;141357.421875
31184.93;141113.28125
31184.94;141113.28125
31184.95;141113.28125
31184.96;141113.28125
31184.97;141357.421875
31184.98;141113.28125
31184.99;141113.28125
31185.0;141113.28125
31185.01;141113.28125
31185.02;141113.28125
31185.03;141113.28125
31185.04;141113.28125
31185.05;141113.28125
31185.06;141113.28125
31185.07;141113.28125
31185.08;141113.28125
31185.09;141113.28125
31185.1;141113.28125
31185.11;141113.28125
31185.12;141113.28125
31185.13;141113.28125
31185.14;141357.421875
31185.15;141113.28125
31185.16;141113.28125
31185.17;141113.28125
31185.18;141113.28125
31185.19;141113.28125
31185.2;141113.28125
31185.21;141113.28125
31185.22;141113.28125
31185.23;141113.28125
31185.24;141113.28125
31185.25;141113.28125
31185.26;141113.28125
31185.27;141113.28125
31185.28;141113.28125
31185.29;141113.28125
31185.3;141113.28125
31185.31;141357.421875
31185.32;141113.28125
31185.33;141357.421875
31185.34;141113.28125
31185.35;141357.421875
31185.36;141113.28125
31185.37;141113.28125
31185.38;141113.28125
31185.39;141113.28125
31185.4;141113.28125
31185.41;141113.28125
31185.42;141113.28125
31185.43;141113.28125
31185.44;141113.28125
31185.45;141113.28125
31185.46;141113.28125
31185.47;141113.28125
31185.48;141357.421875
31185.49;141113.28125
31185.5;141113.28125
31185.51;141113.28125
31185.52;141113.28125
31185.53;141113.28125
31185.54;141113.28125
31185.55;141113.28125
31185.56;141357.421875
31185.57;141113.28125
31185.58;141113.28125
31185.59;141113.28125
31185.6;141357.421875
31185.61;141113.28125
31185.62;141113.28125
31185.63;141113.28125
31185.64;141113.28125
31185.65;141113.28125
31185.66;141113.28125
31185.67;141113.28125
31185.68;141357.421875
31185.69;141113.28125
31185.7;141113.28125
31185.71;141113.28125
31185.72;141113.28125
31185.73;141113.28125
31185.74;141113.28125
31185.75;141113.28125
31185.76;141357.421875
31185.77;141113.28125
31185.78;141113.28125
31185.79;141113.28125
31185.8;141113.28125
31185.81;141113.28125
31185.82;141113.28125
31185.83;141113.28125
31185.84;141113.28125
31185.85;141357.421875
31185.86;141113.28125
31185.87;141113.28125
31185.88;141113.28125
31185.89;141357.421875
31185.9;141113.28125
31185.91;141113.28125
31185.92;141113.28125
31185.93;141113.28125
31185.94;141113.28125
31185.95;141113.28125
31185.96;141113.28125
31185.97;141113.28125
31185.98;141113.28125
31185.99;141113.28125
31186.0;141113.28125
31186.01;141357.421875
31186.02;141113.28125
31186.03;141113.28125
31186.04;141113.28125
31186.05;141113.28125
31186.06;141357.421875
31186.07;141113.28125
31186.08;141357.421875
31186.09;141357.421875
31186.1;141113.28125
31186.11;141113.28125
31186.12;141113.28125
31186.13;141357.421875
31186.14;141113.28125
31186.15;141113.28125
31186.16;141357.421875
31186.17;141113.28125
31186.18;141113.28125
31186.19;141113.28125
31186.2;141357.421875
31186.21;141113.28125
31186.22;141113.28125
31186.23;141357.421875
31186.24;141113.28125
31186.25;141113.28125
31186.26;141113.28125
31186.27;141113.28125
31186.28;141113.28125
31186.29;141113.28125
31186.3;141113.28125
31186.31;141113.28125
31186.32;141357.421875
31186.33;141113.28125
31186.34;141113.28125
31186.35;141113.28125
31186.36;141357.421875
31186.37;141113.28125
31186.38;141113.28125
31186.39;141113.28125
31186.4;141357.421875
31186.41;141113.28125
31186.42;141113.28125
31186.43;141113.28125
31186.44;141113.28125
31186.45;141113.28125
31186.46;141113.28125
31186.47;141113.28125
31186.48;141113.28125
31186.49;141357.421875
31186.5;141113.28125
31186.51;141113.28125
31186.52;141357.421875
31186.53;141357.421875
31186.54;141113.28125
31186.55;141357.421875
31186.56;141113.28125
31186.57;141113.28125
31186.58;141113.28125
31186.59;141113.28125
31186.6;141113.28125
31186.61;141113.28125
31186.62;141357.421875
31186.63;141113.28125
31186.64;141357.421875
31186.65;141113.28125
31186.66;141113.28125
31186.67;141113.28125
31186.68;141113.28125
31186.69;141113.28125
31186.7;141113.28125
31186.71;141113.28125
31186.72;141113.28125
31186.73;141113.28125
31186.74;141113.28125
31186.75;141357.421875
31186.76;141113.28125
31186.77;141113.28125
31186.78;141113.28125
31186.79;141113.28125
31186.8;141113.28125
31186.81;141113.28125
31186.82;141113.28125
31186.83;141357.421875
31186.84;141113.28125
31186.85;141113.28125
31186.86;141113.28125
31186.87;141113.28125
31186.88;141113.28125
31186.89;141113.28125
31186.9;141113.28125
31186.91;141357.421875
31186.92;141113.28125
31186.93;141113.28125
31186.94;141113.28125
31186.95;141357.421875
31186.96;141113.28125
31186.97;141357.421875
31186.98;141113.28125
31186.99;141113.28125
31187.0;141113.28125
31187.01;141113.28125
31187.02;141357.421875
31187.03;141113.28125
31187.04;141113.28125
31187.05;141113.28125
31187.06;141113.28125
31187.07;141113.28125
31187.08;141113.28125
31187.09;141113.28125
31187.1;141113.28125
31187.11;141113.28125
31187.12;141113.28125
31187.13;141113.28125
31187.14;141113.28125
31187.15;141113.28125
31187.16;141113.28125
31187.17;141113.28125
31187.18;141113.28125
31187.19;141113.28125
31187.2;141113.28125
31187.21;141113.28125
31187.22;141113.28125
31187.23;141113.28125
31187.24;141113.28125
31187.25;141357.421875
31187.26;141113.28125
31187.27;141113.28125
31187.28;141113.28125
31187.29;141113.28125
31187.3;141113.28125
31187.31;141113.28125
31187.32;141113.28125
31187.33;141113.28125
31187.34;141113.28125
31187.35;141113.28125
31187.36;141113.28125
31187.37;141113.28125
31187.38;141113.28125
31187.39;141113.28125
31187.4;141113.28125
31187.41;141113.28125
31187.42;141113.28125
31187.43;141113.28125
31187.44;141113.28125
31187.45;141357.421875
31187.46;141357.421875
31187.47;141113.28125
31187.48;141113.28125
31187.49;141113.28125
31187.5;141113.28125
31187.51;141113.28125
31187.52;141113.28125
31187.53;141113.28125
31187.54;141113.28125
31187.55;141357.421875
31187.56;141113.28125
31187.57;141113.28125
31187.58;141357.421875
31187.59;141113.28125
31187.6;141357.421875
31187.61;141113.28125
31187.62;141357.421875
31187.63;141357.421875
31187.64;141113.28125
31187.65;141357.421875
31187.66;141113.28125
31187.67;141357.421875
31187.68;141113.28125
31187.69;141113.28125
31187.7;141113.28125
31187.71;141113.28125
31187.72;141357.421875
31187.73;141113.28125
31187.74;141113.28125
31187.75;141357.421875
31187.76;141357.421875
31187.77;141113.28125
31187.78;141357.421875
31187.79;141113.28125
31187.8;141357.421875
31187.81;141113.28125
31187.82;141113.28125
31187.83;141357.421875
31187.84;141357.421875
31187.85;141113.28125
31187.86;141357.421875
31187.87;141113.28125
31187.88;141113.28125
31187.89;141357.421875
31187.9;141113.28125
31187.91;141113.28125
31187.92;141357.421875
31187.93;141357.421875
31187.94;141357.421875
31187.95;141357.421875
31187.96;141113.28125
31187.97;141113.28125
31187.98;141357.421875
31187.99;141357.421875
31188.0;141113.28125
31188.01;141357.421875
31188.02;141357.421875
31188.03;141357.421875
31188.04;141357.421875
31188.05;141113.28125
31188.06;141113.28125
31188.07;141357.421875
31188.08;141357.421875
31188.09;141357.421875
31188.1;141357.421875
31188.11;141357.421875
31188.12;141357.421875
31188.13;141357.421875
31188.14;141357.421875
31188.15;141113.28125
31188.16;141357.421875
31188.17;141357.421875
31188.18;141357.421875
31188.19;141357.421875
31188.2;141113.28125
31188.21;141357.421875
31188.22;141357.421875
31188.23;141113.28125
31188.24;141357.421875
31188.25;141113.28125
31188.26;141357.421875
31188.27;141357.421875
31188.28;141357.421875
31188.29;141113.28125
31188.3;141113.28125
31188.31;141357.421875
31188.32;141357.421875
31188.33;141113.28125
31188.34;141357.421875
31188.35;141113.28125
31188.36;141113.28125
31188.37;141357.421875
31188.38;141357.421875
31188.39;141357.421875
31188.4;141357.421875
31188.41;141113.28125
31188.42;141113.28125
31188.43;141113.28125
31188.44;141357.421875
31188.45;141113.28125
31188.46;141357.421875
31188.47;141113.28125
31188.48;141113.28125
31188.49;141113.28125
31188.5;141113.28125
31188.51;141113.28125
31188.52;141113.28125
31188.53;141113.28125
31188.54;141113.28125
31188.55;141113.28125
31188.56;141357.421875
31188.57;141113.28125
31188.58;141357.421875
31188.59;141113.28125
31188.6;141113.28125
31188.61;141357.421875
31188.62;141113.28125
31188.63;141113.28125
31188.64;141113.28125
31188.65;141357.421875
31188.66;141113.28125
31188.67;141113.28125
31188.68;141113.28125
31188.69;141357.421875
31188.7;141357.421875
31188.71;141113.28125
31188.72;141113.28125
31188.73;141113.28125
31188.74;141113.28125
31188.75;141357.421875
31188.76;141113.28125
31188.77;141113.28125
31188.78;141113.28125
31188.79;141113.28125
31188.8;141357.421875
31188.81;141113.28125
31188.82;141357.421875
31188.83;141113.28125
31188.84;141357.421875
31188.85;141113.28125
31188.86;141113.28125
31188.87;141357.421875
31188.88;141357.421875
31188.89;141113.28125
31188.9;141357.421875
31188.91;141113.28125
31188.92;141357.421875
31188.93;141113.28125
31188.94;141357.421875
31188.95;141113.28125
31188.96;141113.28125
31188.97;141113.28125
31188.98;141357.421875
31188.99;141113.28125
31189.0;141357.421875
31189.01;141357.421875
31189.02;141113.28125
31189.03;141113.28125
31189.04;141357.421875
31189.05;141357.421875
31189.06;141113.28125
31189.07;141113.28125
31189.08;141357.421875
31189.09;141113.28125
31189.1;141357.421875
31189.11;141357.421875
31189.12;141113.28125
31189.13;141357.421875
31189.14;141357.421875
31189.15;141113.28125
31189.16;141113.28125
31189.17;141357.421875
31189.18;141113.28125
31189.19;141357.421875
31189.2;141357.421875
31189.21;141113.28125
31189.22;141357.421875
31189.23;141357.421875
31189.24;141357.421875
31189.25;141113.28125
31189.26;141357.421875
31189.27;141357.421875
31189.28;141113.28125
31189.29;141113.28125
31189.3;141357.421875
31189.31;141113.28125
31189.32;141357.421875
31189.33;141357.421875
31189.34;141357.421875
31189.35;141357.421875
31189.36;141357.421875
31189.37;141113.28125
31189.38;141357.421875
31189.39;141113.28125
31189.4;141357.421875
31189.41;141113.28125
31189.42;141357.421875
31189.43;141357.421875
31189.44;141357.421875
31189.45;141357.421875
31189.46;141357.421875
31189.47;141357.421875
31189.48;141357.421875
31189.49;141357.421875
31189.5;141357.421875
31189.51;141357.421875
31189.52;141357.421875
31189.53;141357.421875
31189.54;141113.28125
31189.55;141357.421875
31189.56;141357.421875
31189.57;141357.421875
31189.58;141357.421875
31189.59;141357.421875
31189.6;141357.421875
31189.61;141357.421875
31189.62;141357.421875
31189.63;141357.421875
31189.64;141357.421875
31189.65;141357.421875
31189.66;141357.421875
31189.67;141357.421875
31189.68;141357.421875
31189.69;141357.421875
31189.7;141357.421875
31189.71;141357.421875
31189.72;141357.421875
31189.73;141357.421875
31189.74;141357.421875
31189.75;141357.421875
31189.76;141357.421875
31189.77;141357.421875
31189.78;141357.421875
31189.79;141357.421875
31189.8;141357.421875
31189.81;141357.421875
31189.82;141357.421875
31189.83;141357.421875
31189.84;141357.421875
31189.85;141357.421875
31189.86;141357.421875
31189.87;141357.421875
31189.88;141357.421875
31189.89;141357.421875
31189.9;141357.421875
31189.91;141357.421875
31189.92;141357.421875
31189.93;141357.421875
31189.94;141357.421875
31189.95;141357.421875
31189.96;141357.421875
31189.97;141357.421875
31189.98;141357.421875
31189.99;141357.421875
31190.0;141357.421875
31190.01;141357.421875
31190.02;141357.421875
31190.03;141357.421875
31190.04;141357.421875
31190.05;141357.421875
31190.06;141357.421875
31190.07;141357.421875
31190.08;141357.421875
31190.09;141601.5625
31190.1;141357.421875
31190.11;141357.421875
31190.12;141357.421875
31190.13;141357.421875
31190.14;141357.421875
31190.15;141357.421875
31190.16;141357.421875
31190.17;141357.421875
31190.18;141357.421875
31190.19;141357.421875
31190.2;141357.421875
31190.21;141357.421875
31190.22;141357.421875
31190.23;141601.5625
31190.24;141357.421875
31190.25;141601.5625
31190.26;141357.421875
31190.27;141357.421875
31190.28;141357.421875
31190.29;141357.421875
31190.3;141357.421875
31190.31;141601.5625
31190.32;141357.421875
31190.33;141601.5625
31190.34;141357.421875
31190.35;141357.421875
31190.36;141357.421875
31190.37;141357.421875
31190.38;141357.421875
31190.39;141601.5625
31190.4;141357.421875
31190.41;141357.421875
31190.42;141357.421875
31190.43;141601.5625
31190.44;141357.421875
31190.45;141357.421875
31190.46;141357.421875
31190.47;141357.421875
31190.48;141357.421875
31190.49;141601.5625
31190.5;141357.421875
31190.51;141357.421875
31190.52;141601.5625
31190.53;141357.421875
31190.54;141601.5625
31190.55;141357.421875
31190.56;141601.5625
31190.57;141357.421875
31190.58;141357.421875
31190.59;141357.421875
31190.6;141357.421875
31190.61;141601.5625
31190.62;141357.421875
31190.63;141357.421875
31190.64;141601.5625
31190.65;141601.5625
31190.66;141357.421875
31190.67;141357.421875
31190.68;141357.421875
31190.69;141357.421875
31190.7;141357.421875
31190.71;141357.421875
31190.72;141357.421875
31190.73;141601.5625
31190.74;141357.421875
31190.75;141601.5625
31190.76;141601.5625
31190.77;141357.421875
31190.78;141357.421875
31190.79;141601.5625
31190.8;141357.421875
31190.81;141601.5625
31190.82;141357.421875
31190.83;141601.5625
31190.84;141601.5625
31190.85;141357.421875
31190.86;141357.421875
31190.87;141357.421875
31190.88;141601.5625
31190.89;141357.421875
31190.9;141601.5625
31190.91;141601.5625
31190.92;141601.5625
31190.93;141357.421875
31190.94;141357.421875
31190.95;141601.5625
31190.96;141601.5625
31190.97;141601.5625
31190.98;141357.421875
31190.99;141601.5625
31191.0;141601.5625
31191.01;141601.5625
31191.02;141601.5625
31191.03;141601.5625
31191.04;141601.5625
31191.05;141601.5625
31191.06;141601.5625
31191.07;141601.5625
31191.08;141357.421875
31191.09;141601.5625
31191.1;141357.421875
31191.11;141601.5625
31191.12;141601.5625
31191.13;141357.421875
31191.14;141357.421875
31191.15;141601.5625
31191.16;141601.5625
31191.17;141601.5625
31191.18;141601.5625
31191.19;141601.5625
31191.2;141601.5625
31191.21;141601.5625
31191.22;141357.421875
31191.23;141601.5625
31191.24;141601.5625
31191.25;141601.5625
31191.26;141601.5625
31191.27;141601.5625
31191.28;141357.421875
31191.29;141601.5625
31191.3;141357.421875
31191.31;141601.5625
31191.32;141601.5625
31191.33;141357.421875
31191.34;141601.5625
31191.35;141601.5625
31191.36;141601.5625
31191.37;141601.5625
31191.38;141601.5625
31191.39;141601.5625
31191.4;141357.421875
31191.41;141601.5625
31191.42;141601.5625
31191.43;141601.5625
31191.44;141601.5625
31191.45;141601.5625
31191.46;141601.5625
31191.47;141601.5625
31191.48;141601.5625
31191.49;141601.5625
31191.5;141601.5625
31191.51;141601.5625
31191.52;141601.5625
31191.53;141601.5625
31191.54;141601.5625
31191.55;141601.5625
31191.56;141601.5625
31191.57;141601.5625
31191.58;141601.5625
31191.59;141601.5625
31191.6;141601.5625
31191.61;141601.5625
31191.62;141601.5625
31191.63;141601.5625
31191.64;141601.5625
31191.65;141601.5625
31191.66;141601.5625
31191.67;141601.5625
31191.68;141601.5625
31191.69;141601.5625
31191.7;141601.5625
31191.71;141601.5625
31191.72;141601.5625
31191.73;141601.5625
31191.74;141601.5625
31191.75;141601.5625
31191.76;141601.5625
31191.77;141601.5625
31191.78;141601.5625
31191.79;141601.5625
31191.8;141601.5625
31191.81;141601.5625
31191.82;141601.5625
31191.83;141601.5625
31191.84;141601.5625
31191.85;141845.703125
31191.86;141601.5625
31191.87;141601.5625
31191.88;141601.5625
31191.89;141601.5625
31191.9;141601.5625
31191.91;141601.5625
31191.92;141601.5625
31191.93;141601.5625
31191.94;141601.5625
31191.95;141601.5625
31191.96;141601.5625
31191.97;141601.5625
31191.98;141601.5625
31191.99;141601.5625
31192.0;141601.5625
31192.01;141601.5625
31192.02;141601.5625
31192.03;141601.5625
31192.04;141601.5625
31192.05;141601.5625
31192.06;141601.5625
31192.07;141601.5625
31192.08;141601.5625
31192.09;141601.5625
31192.1;141601.5625
31192.11;141601.5625
31192.12;141601.5625
31192.13;141601.5625
31192.14;141601.5625
31192.15;141601.5625
31192.16;141601.5625
31192.17;141601.5625
31192.18;141601.5625
31192.19;141845.703125
31192.2;141601.5625
31192.21;141601.5625
31192.22;141601.5625
31192.23;141601.5625
31192.24;141601.5625
31192.25;141601.5625
31192.26;141601.5625
31192.27;141601.5625
31192.28;141601.5625
31192.29;141601.5625
31192.3;141601.5625
31192.31;141601.5625
31192.32;141601.5625
31192.33;141601.5625
31192.34;141601.5625
31192.35;141601.5625
31192.36;141601.5625
31192.37;141601.5625
31192.38;141601.5625
31192.39;141601.5625
31192.4;141601.5625
31192.41;141601.5625
31192.42;141601.5625
31192.43;141601.5625
31192.44;141601.5625
31192.45;141601.5625
31192.46;141601.5625
31192.47;141601.5625
31192.48;141601.5625
31192.49;141601.5625
31192.5;141601.5625
31192.51;141601.5625
31192.52;141601.5625
31192.53;141601.5625
31192.54;141601.5625
31192.55;141601.5625
31192.56;141601.5625
31192.57;141601.5625
31192.58;141601.5625
31192.59;141357.421875
31192.6;141601.5625
31192.61;141601.5625
31192.62;141601.5625
31192.63;141601.5625
31192.64;141601.5625
31192.65;141601.5625
31192.66;141601.5625
31192.67;141601.5625
31192.68;141601.5625
31192.69;141601.5625
31192.7;141601.5625
31192.71;141601.5625
31192.72;141601.5625
31192.73;141601.5625
31192.74;141601.5625
31192.75;141601.5625
31192.76;141601.5625
31192.77;141601.5625
31192.78;141601.5625
31192.79;141601.5625
31192.8;141601.5625
31192.81;141601.5625
31192.82;141601.5625
31192.83;141601.5625
31192.84;141601.5625
31192.85;141601.5625
31192.86;141601.5625
31192.87;141601.5625
31192.88;141601.5625
31192.89;141601.5625
31192.9;141601.5625
31192.91;141601.5625
31192.92;141601.5625
31192.93;141601.5625
31192.94;141601.5625
31192.95;141601.5625
31192.96;141601.5625
31192.97;141601.5625
31192.98;141601.5625
31192.99;141601.5625
31193.0;141601.5625
31193.01;141601.5625
31193.02;141601.5625
31193.03;141601.5625
31193.04;141601.5625
31193.05;141601.5625
31193.06;141601.5625
31193.07;141601.5625
31193.08;141601.5625
31193.09;141601.5625
31193.1;141601.5625
31193.11;141601.5625
31193.12;141601.5625
31193.13;141601.5625
31193.14;141601.5625
31193.15;141601.5625
31193.16;141357.421875
31193.17;141601.5625
31193.18;141601.5625
31193.19;141601.5625
31193.2;141601.5625
31193.21;141601.5625
31193.22;141601.5625
31193.23;141601.5625
31193.24;141601.5625
31193.25;141601.5625
31193.26;141601.5625
31193.27;141601.5625
31193.28;141601.5625
31193.29;141601.5625
31193.3;141601.5625
31193.31;141601.5625
31193.32;141601.5625
31193.33;141601.5625
31193.34;141601.5625
31193.35;141601.5625
31193.36;141601.5625
31193.37;141601.5625
31193.38;141601.5625
31193.39;141601.5625
31193.4;141601.5625
31193.41;141601.5625
31193.42;141601.5625
31193.43;141601.5625
31193.44;141601.5625
31193.45;141601.5625
31193.46;141601.5625
31193.47;141601.5625
31193.48;141601.5625
31193.49;141601.5625
31193.5;141601.5625
31193.51;141601.5625
31193.52;141601.5625
31193.53;141601.5625
31193.54;141601.5625
31193.55;141601.5625
31193.56;141601.5625
31193.57;141601.5625
31193.58;141601.5625
31193.59;141601.5625
31193.6;141601.5625
31193.61;141601.5625
31193.62;141601.5625
31193.63;141601.5625
31193.64;141845.703125
31193.65;141601.5625
31193.66;141601.5625
31193.67;141601.5625
31193.68;141601.5625
31193.69;141601.5625
31193.7;141601.5625
31193.71;141601.5625
31193.72;141601.5625
31193.73;141601.5625
31193.74;141601.5625
31193.75;141601.5625
31193.76;141601.5625
31193.77;141601.5625
31193.78;141601.5625
31193.79;141601.5625
31193.8;141601.5625
31193.81;141601.5625
31193.82;141601.5625
31193.83;141601.5625
31193.84;141601.5625
31193.85;141601.5625
31193.86;141601.5625
31193.87;141601.5625
31193.88;141601.5625
31193.89;141601.5625
31193.9;141601.5625
31193.91;141601.5625
31193.92;141601.5625
31193.93;141845.703125
31193.94;141601.5625
31193.95;141601.5625
31193.96;141601.5625
31193.97;141601.5625
31193.98;141601.5625
31193.99;141601.5625
31194.0;141601.5625
31194.01;141601.5625
31194.02;141601.5625
31194.03;141601.5625
31194.04;141601.5625
31194.05;141601.5625
31194.06;141601.5625
31194.07;141601.5625
31194.08;141601.5625
31194.09;141601.5625
31194.1;141601.5625
31194.11;141601.5625
31194.12;141601.5625
31194.13;141601.5625
31194.14;141601.5625
31194.15;141601.5625
31194.16;141601.5625
31194.17;141601.5625
31194.18;141601.5625
31194.19;141601.5625
31194.2;141601.5625
31194.21;141601.5625
31194.22;141601.5625
31194.23;141601.5625
31194.24;141601.5625
31194.25;141601.5625
31194.26;141601.5625
31194.27;141601.5625
31194.28;141601.5625
31194.29;141601.5625
31194.3;141601.5625
31194.31;141601.5625
31194.32;141601.5625
31194.33;141601.5625
31194.34;141601.5625
31194.35;141601.5625
31194.36;141601.5625
31194.37;141845.703125
31194.38;141601.5625
31194.39;141601.5625
31194.4;141601.5625
31194.41;141601.5625
31194.42;141601.5625
31194.43;141601.5625
31194.44;141601.5625
31194.45;141601.5625
31194.46;141601.5625
31194.47;141601.5625
31194.48;141601.5625
31194.49;141601.5625
31194.5;141601.5625
31194.51;141601.5625
31194.52;141601.5625
31194.53;141601.5625
31194.54;141601.5625
31194.55;141601.5625
31194.56;141601.5625
31194.57;141601.5625
31194.58;141601.5625
31194.59;141601.5625
31194.6;141601.5625
31194.61;141601.5625
31194.62;141601.5625
31194.63;141601.5625
31194.64;141601.5625
31194.65;141601.5625
31194.66;141601.5625
31194.67;141601.5625
31194.68;141601.5625
31194.69;141601.5625
31194.7;141601.5625
31194.71;141601.5625
31194.72;141601.5625
31194.73;141601.5625
31194.74;141601.5625
31194.75;141601.5625
31194.76;141601.5625
31194.77;141601.5625
31194.78;141601.5625
31194.79;141601.5625
31194.8;141601.5625
31194.81;141601.5625
31194.82;141601.5625
31194.83;141601.5625
31194.84;141601.5625
31194.85;141601.5625
31194.86;141601.5625
31194.87;141601.5625
31194.88;141601.5625
31194.89;141601.5625
31194.9;141601.5625
31194.91;141601.5625
31194.92;141601.5625
31194.93;141601.5625
31194.94;141601.5625
31194.95;141601.5625
31194.96;141601.5625
31194.97;141601.5625
31194.98;141601.5625
31194.99;141601.5625
31195.0;141601.5625
31195.01;141601.5625
31195.02;141601.5625
31195.03;141601.5625
31195.04;141601.5625
31195.05;141601.5625
31195.06;141601.5625
31195.07;141601.5625
31195.08;141601.5625
31195.09;141601.5625
31195.1;141601.5625
31195.11;141601.5625
31195.12;141601.5625
31195.13;141601.5625
31195.14;141601.5625
31195.15;141601.5625
31195.16;141601.5625
31195.17;141601.5625
31195.18;141601.5625
31195.19;141601.5625
31195.2;141601.5625
31195.21;141601.5625
31195.22;141601.5625
31195.23;141601.5625
31195.24;141601.5625
31195.25;141601.5625
31195.26;141601.5625
31195.27;141601.5625
31195.28;141357.421875
31195.29;141601.5625
31195.3;141601.5625
31195.31;141601.5625
31195.32;141601.5625
31195.33;141601.5625
31195.34;141601.5625
31195.35;141601.5625
31195.36;141601.5625
31195.37;141601.5625
31195.38;141601.5625
31195.39;141601.5625
31195.4;141601.5625
31195.41;141601.5625
31195.42;141601.5625
31195.43;141601.5625
31195.44;141601.5625
31195.45;141601.5625
31195.46;141601.5625
31195.47;141601.5625
31195.48;141601.5625
31195.49;141601.5625
31195.5;141601.5625
31195.51;141601.5625
31195.52;141601.5625
31195.53;141601.5625
31195.54;141601.5625
31195.55;141601.5625
31195.56;141601.5625
31195.57;141601.5625
31195.58;141601.5625
31195.59;141601.5625
31195.6;141601.5625
31195.61;141601.5625
31195.62;141601.5625
31195.63;141601.5625
31195.64;141601.5625
31195.65;141601.5625
31195.66;141601.5625
31195.67;141601.5625
31195.68;141601.5625
31195.69;141601.5625
31195.7;141601.5625
31195.71;141601.5625
31195.72;141601.5625
31195.73;141601.5625
31195.74;141601.5625
31195.75;141601.5625
31195.76;141601.5625
31195.77;141601.5625
31195.78;141601.5625
31195.79;141601.5625
31195.8;141601.5625
31195.81;141601.5625
31195.82;141601.5625
31195.83;141601.5625
31195.84;141601.5625
31195.85;141601.5625
31195.86;141601.5625
31195.87;141601.5625
31195.88;141601.5625
31195.89;141601.5625
31195.9;141601.5625
31195.91;141601.5625
31195.92;141601.5625
31195.93;141601.5625
31195.94;141601.5625
31195.95;141601.5625
31195.96;141601.5625
31195.97;141601.5625
31195.98;141601.5625
31195.99;141601.5625
31196.0;141845.703125
31196.01;141601.5625
31196.02;141601.5625
31196.03;141601.5625
31196.04;141601.5625
31196.05;141601.5625
31196.06;141601.5625
31196.07;141601.5625
31196.08;141601.5625
31196.09;141601.5625
31196.1;141601.5625
31196.11;141601.5625
31196.12;141601.5625
31196.13;141601.5625
31196.14;141601.5625
31196.15;141601.5625
31196.16;141601.5625
31196.17;141601.5625
31196.18;141601.5625
31196.19;141601.5625
31196.2;141601.5625
31196.21;141601.5625
31196.22;141601.5625
31196.23;141601.5625
31196.24;141601.5625
31196.25;141601.5625
31196.26;141601.5625
31196.27;141601.5625
31196.28;141601.5625
31196.29;141601.5625
31196.3;141601.5625
31196.31;141601.5625
31196.32;141845.703125
31196.33;141601.5625
31196.34;141601.5625
31196.35;141601.5625
31196.36;141601.5625
31196.37;141601.5625
31196.38;141601.5625
31196.39;141601.5625
31196.4;141601.5625
31196.41;141601.5625
31196.42;141601.5625
31196.43;141601.5625
31196.44;141601.5625
31196.45;141601.5625
31196.46;141601.5625
31196.47;141601.5625
31196.48;141601.5625
31196.49;141601.5625
31196.5;141601.5625
31196.51;141601.5625
31196.52;141601.5625
31196.53;141601.5625
31196.54;141601.5625
31196.55;141601.5625
31196.56;141601.5625
31196.57;141601.5625
31196.58;141601.5625
31196.59;141601.5625
31196.6;141357.421875
31196.61;141845.703125
31196.62;141601.5625
31196.63;141601.5625
31196.64;141601.5625
31196.65;141601.5625
31196.66;141601.5625
31196.67;141601.5625
31196.68;141601.5625
31196.69;141601.5625
31196.7;141601.5625
31196.71;141357.421875
31196.72;141601.5625
31196.73;141601.5625
31196.74;141357.421875
31196.75;141601.5625
31196.76;141601.5625
31196.77;141601.5625
31196.78;141601.5625
31196.79;141601.5625
31196.8;141601.5625
31196.81;141601.5625
31196.82;141601.5625
31196.83;141601.5625
31196.84;141601.5625
31196.85;141601.5625
31196.86;141601.5625
31196.87;141601.5625
31196.88;141601.5625
31196.89;141601.5625
31196.9;141601.5625
31196.91;141601.5625
31196.92;141601.5625
31196.93;141601.5625
31196.94;141601.5625
31196.95;141357.421875
31196.96;141601.5625
31196.97;141601.5625
31196.98;141601.5625
31196.99;141601.5625
31197.0;141601.5625
31197.01;141601.5625
31197.02;141601.5625
31197.03;141357.421875
31197.04;141601.5625
31197.05;141601.5625
31197.06;141601.5625
31197.07;141601.5625
31197.08;141601.5625
31197.09;141601.5625
31197.1;141357.421875
31197.11;141601.5625
31197.12;141601.5625
31197.13;141357.421875
31197.14;141601.5625
31197.15;141601.5625
31197.16;141601.5625
31197.17;141601.5625
31197.18;141357.421875
31197.19;141601.5625
31197.2;141601.5625
31197.21;141601.5625
31197.22;141357.421875
31197.23;141601.5625
31197.24;141357.421875
31197.25;141601.5625
31197.26;141357.421875
31197.27;141601.5625
31197.28;141601.5625
31197.29;141601.5625
31197.3;141601.5625
31197.31;141601.5625
31197.32;141357.421875
31197.33;141357.421875
31197.34;141601.5625
31197.35;141601.5625
31197.36;141601.5625
31197.37;141601.5625
31197.38;141357.421875
31197.39;141601.5625
31197.4;141357.421875
31197.41;141601.5625
31197.42;141601.5625
31197.43;141601.5625
31197.44;141601.5625
31197.45;141601.5625
31197.46;141601.5625
31197.47;141601.5625
31197.48;141601.5625
31197.49;141601.5625
31197.5;141601.5625
31197.51;141601.5625
31197.52;141357.421875
31197.53;141601.5625
31197.54;141601.5625
31197.55;141601.5625
31197.56;141357.421875
31197.57;141357.421875
31197.58;141601.5625
31197.59;141601.5625
31197.6;141601.5625
31197.61;141601.5625
31197.62;141601.5625
31197.63;141357.421875
31197.64;141601.5625
31197.65;141357.421875
31197.66;141601.5625
31197.67;141601.5625
31197.68;141601.5625
31197.69;141357.421875
31197.7;141601.5625
31197.71;141601.5625
31197.72;141601.5625
31197.73;141601.5625
31197.74;141601.5625
31197.75;141601.5625
31197.76;141601.5625
31197.77;141601.5625
31197.78;141357.421875
31197.79;141357.421875
31197.8;141601.5625
31197.81;141601.5625
31197.82;141601.5625
31197.83;141601.5625
31197.84;141601.5625
31197.85;141601.5625
31197.86;141357.421875
31197.87;141601.5625
31197.88;141357.421875
31197.89;141601.5625
31197.9;141357.421875
31197.91;141601.5625
31197.92;141601.5625
31197.93;141601.5625
31197.94;141601.5625
31197.95;141601.5625
31197.96;141357.421875
31197.97;141601.5625
31197.98;141357.421875
31197.99;141357.421875
31198.0;141601.5625
31198.01;141357.421875
31198.02;141357.421875
31198.03;141601.5625
31198.04;141357.421875
31198.05;141357.421875
31198.06;141357.421875
31198.07;141357.421875
31198.08;141357.421875
31198.09;141357.421875
31198.1;141357.421875
31198.11;141357.421875
31198.12;141357.421875
31198.13;141357.421875
31198.14;141357.421875
31198.15;141357.421875
31198.16;141357.421875
31198.17;141601.5625
31198.18;141357.421875
31198.19;141357.421875
31198.2;141357.421875
31198.21;141357.421875
31198.22;141357.421875
31198.23;141357.421875
31198.24;141357.421875
31198.25;141601.5625
31198.26;141357.421875
31198.27;141357.421875
31198.28;141357.421875
31198.29;141357.421875
31198.3;141357.421875
31198.31;141357.421875
31198.32;141357.421875
31198.33;141357.421875
31198.34;141357.421875
31198.35;141357.421875
31198.36;141357.421875
31198.37;141357.421875
31198.38;141357.421875
31198.39;141357.421875
31198.4;141357.421875
31198.41;141357.421875
31198.42;141357.421875
31198.43;141357.421875
31198.44;141357.421875
31198.45;141357.421875
31198.46;141357.421875
31198.47;141357.421875
31198.48;141357.421875
31198.49;141357.421875
31198.5;141357.421875
31198.51;141357.421875
31198.52;141357.421875
31198.53;141357.421875
31198.54;141357.421875
31198.55;141357.421875
31198.56;141357.421875
31198.57;141357.421875
31198.58;141357.421875
31198.59;141357.421875
31198.6;141357.421875
31198.61;141357.421875
31198.62;141357.421875
31198.63;141357.421875
31198.64;141357.421875
31198.65;141357.421875
31198.66;141357.421875
31198.67;141357.421875
31198.68;141357.421875
31198.69;141357.421875
31198.7;141357.421875
31198.71;141357.421875
31198.72;141357.421875
31198.73;141357.421875
31198.74;141357.421875
31198.75;141357.421875
31198.76;141357.421875
31198.77;141357.421875
31198.78;141357.421875
31198.79;141357.421875
31198.8;141357.421875
31198.81;141357.421875
31198.82;141357.421875
31198.83;141357.421875
31198.84;141357.421875
31198.85;141357.421875
31198.86;141357.421875
31198.87;141357.421875
31198.88;141357.421875
31198.89;141357.421875
31198.9;141357.421875
31198.91;141357.421875
31198.92;141357.421875
31198.93;141357.421875
31198.94;141357.421875
31198.95;141357.421875
31198.96;141357.421875
31198.97;141357.421875
31198.98;141357.421875
31198.99;141357.421875
31199.0;141357.421875
31199.01;141357.421875
31199.02;141357.421875
31199.03;141357.421875
31199.04;141357.421875
31199.05;141357.421875
31199.06;141357.421875
31199.07;141357.421875
31199.08;141357.421875
31199.09;141113.28125
31199.1;141357.421875
31199.11;141113.28125
31199.12;141357.421875
31199.13;141357.421875
31199.14;141357.421875
31199.15;141357.421875
31199.16;141357.421875
31199.17;141357.421875
31199.18;141357.421875
31199.19;141357.421875
31199.2;141357.421875
31199.21;141357.421875
31199.22;141357.421875
31199.23;141357.421875
31199.24;141357.421875
31199.25;141113.28125
31199.26;141357.421875
31199.27;141113.28125
31199.28;141357.421875
31199.29;141113.28125
31199.3;141357.421875
31199.31;141357.421875
31199.32;141113.28125
31199.33;141357.421875
31199.34;141357.421875
31199.35;141357.421875
31199.36;141113.28125
31199.37;141357.421875
31199.38;141113.28125
31199.39;141357.421875
31199.4;141357.421875
31199.41;141357.421875
31199.42;141357.421875
31199.43;141357.421875
31199.44;141357.421875
31199.45;141357.421875
31199.46;141357.421875
31199.47;141357.421875
31199.48;141357.421875
31199.49;141357.421875
31199.5;141357.421875
31199.51;141357.421875
31199.52;141357.421875
31199.53;141357.421875
31199.54;141357.421875
31199.55;141357.421875
31199.56;141357.421875
31199.57;141357.421875
31199.58;141113.28125
31199.59;141357.421875
31199.6;141357.421875
31199.61;141113.28125
31199.62;141357.421875
31199.63;141357.421875
31199.64;141357.421875
31199.65;141113.28125
31199.66;141357.421875
31199.67;141357.421875
31199.68;141357.421875
31199.69;141357.421875
31199.7;141113.28125
31199.71;141357.421875
31199.72;141357.421875
31199.73;141357.421875
31199.74;141357.421875
31199.75;141357.421875
31199.76;141357.421875
31199.77;141357.421875
31199.78;141113.28125
31199.79;141357.421875
31199.8;141357.421875
31199.81;141357.421875
31199.82;141357.421875
31199.83;141357.421875
31199.84;141357.421875
31199.85;141357.421875
31199.86;141357.421875
31199.87;141357.421875
31199.88;141357.421875
31199.89;141357.421875
31199.9;141357.421875
31199.91;141357.421875
31199.92;141357.421875
31199.93;141357.421875
31199.94;141357.421875
31199.95;141357.421875
31199.96;141357.421875
31199.97;141357.421875
31199.98;141357.421875
31199.99;141357.421875
31200.0;141113.28125
31200.01;141357.421875
31200.02;141357.421875
31200.03;141357.421875
31200.04;141113.28125
31200.05;141113.28125
31200.06;141357.421875
31200.07;141357.421875
31200.08;141357.421875
31200.09;141357.421875
31200.1;141357.421875
31200.11;141113.28125
31200.12;141357.421875
31200.13;141357.421875
31200.14;141113.28125
31200.15;141357.421875
31200.16;141357.421875
31200.17;141113.28125
31200.18;141357.421875
31200.19;141357.421875
31200.2;141357.421875
31200.21;141357.421875
31200.22;141357.421875
31200.23;141357.421875
31200.24;141357.421875
31200.25;141357.421875
31200.26;141113.28125
31200.27;141113.28125
31200.28;141357.421875
31200.29;141357.421875
31200.3;141357.421875
31200.31;141113.28125
31200.32;141357.421875
31200.33;141357.421875
31200.34;141357.421875
31200.35;141357.421875
31200.36;141113.28125
31200.37;141357.421875
31200.38;141357.421875
31200.39;141357.421875
31200.4;141357.421875
31200.41;141357.421875
31200.42;141113.28125
31200.43;141113.28125
31200.44;141113.28125
31200.45;141113.28125
31200.46;141357.421875
31200.47;141113.28125
31200.48;141113.28125
31200.49;141113.28125
31200.5;141113.28125
31200.51;141113.28125
31200.52;141113.28125
31200.53;141113.28125
31200.54;141113.28125
31200.55;141113.28125
31200.56;141113.28125
31200.57;141113.28125
31200.58;141113.28125
31200.59;141113.28125
31200.6;141113.28125
31200.61;142089.84375
31200.62;220703.125
31200.63;159667.96875
31200.64;139648.4375
31200.65;143310.546875
31200.66;142089.84375
31200.67;141845.703125
31200.68;171386.71875
31200.69;216308.59375
31200.7;133300.78125
31200.71;145019.53125
31200.72;142089.84375
31200.73;142333.984375
31200.74;143066.40625
31200.75;222167.96875
31200.76;159912.109375
31200.77;139892.578125
31200.78;143310.546875
31200.79;142089.84375
31200.8;142089.84375
31200.81;141845.703125
31200.82;141845.703125
31200.83;141601.5625
31200.84;141357.421875
31200.85;141601.5625
31200.86;141357.421875
31200.87;142333.984375
31200.88;221679.6875
31200.89;159423.828125
31200.9;139648.4375
31200.91;143310.546875
31200.92;142089.84375
31200.93;142089.84375
31200.94;141845.703125
31200.95;141601.5625
31200.96;141601.5625
31200.97;141357.421875
31200.98;141357.421875
31200.99;141357.421875
31201.0;142333.984375
31201.01;221679.6875
31201.02;159423.828125
31201.03;139648.4375
31201.04;143310.546875
31201.05;142089.84375
31201.06;141845.703125
31201.07;141845.703125
31201.08;141601.5625
31201.09;141601.5625
31201.1;141357.421875
31201.11;141357.421875
31201.12;141357.421875
31201.13;142333.984375
31201.14;221679.6875
31201.15;159423.828125
31201.16;139648.4375
31201.17;143310.546875
31201.18;142089.84375
31201.19;142089.84375
31201.2;141845.703125
31201.21;141601.5625
31201.22;141601.5625
31201.23;141357.421875
31201.24;141357.421875
31201.25;141357.421875
31201.26;142333.984375
31201.27;221435.546875
31201.28;159423.828125
31201.29;139648.4375
31201.3;143310.546875
31201.31;142089.84375
31201.32;141845.703125
31201.33;171386.71875
31201.34;216308.59375
31201.35;133300.78125
31201.36;144775.390625
31201.37;142089.84375
31201.38;142333.984375
31201.39;143066.40625
31201.4;222167.96875
31201.41;159912.109375
31201.42;139892.578125
31201.43;143554.6875
31201.44;142089.84375
31201.45;142089.84375
31201.46;171630.859375
31201.47;216552.734375
31201.48;133544.921875
31201.49;145019.53125
31201.5;142089.84375
31201.51;142333.984375
31201.52;143066.40625
31201.53;222167.96875
31201.54;159912.109375
31201.55;140136.71875
31201.56;143554.6875
31201.57;142089.84375
31201.58;142089.84375
31201.59;171630.859375
31201.6;216308.59375
31201.61;133544.921875
31201.62;145019.53125
31201.63;142089.84375
31201.64;142333.984375
31201.65;143066.40625
31201.66;222167.96875
31201.67;159912.109375
31201.68;140136.71875
31201.69;143554.6875
31201.7;142333.984375
31201.71;142089.84375
31201.72;171630.859375
31201.73;216308.59375
31201.74;133544.921875
31201.75;145019.53125
31201.76;142089.84375
31201.77;142333.984375
31201.78;143066.40625
31201.79;222167.96875
31201.8;159667.96875
31201.81;139892.578125
31201.82;143554.6875
31201.83;142089.84375
31201.84;142089.84375
31201.85;141845.703125
31201.86;141601.5625
31201.87;141601.5625
31201.88;141601.5625
31201.89;141357.421875
31201.9;141357.421875
31201.91;142578.125
31201.92;221679.6875
31201.93;159423.828125
31201.94;139892.578125
31201.95;143310.546875
31201.96;142089.84375
31201.97;142089.84375
31201.98;141845.703125
31201.99;141845.703125
31202.0;141601.5625
31202.01;141357.421875
31202.02;141357.421875
31202.03;141357.421875
31202.04;142578.125
31202.05;221679.6875
31202.06;159423.828125
31202.07;139648.4375
31202.08;143310.546875
31202.09;142089.84375
31202.1;142089.84375
31202.11;141601.5625
31202.12;141845.703125
31202.13;141601.5625
31202.14;141357.421875
31202.15;141357.421875
31202.16;141357.421875
31202.17;142333.984375
31202.18;221679.6875
31202.19;159423.828125
31202.2;139648.4375
31202.21;143310.546875
31202.22;142089.84375
31202.23;142089.84375
31202.24;141845.703125
31202.25;141601.5625
31202.26;141601.5625
31202.27;141601.5625
31202.28;141357.421875
31202.29;141357.421875
31202.3;142333.984375
31202.31;221679.6875
31202.32;159423.828125
31202.33;139648.4375
31202.34;143310.546875
31202.35;142089.84375
31202.36;141845.703125
31202.37;141845.703125
31202.38;141845.703125
31202.39;141601.5625
31202.4;141601.5625
31202.41;141357.421875
31202.42;141357.421875
31202.43;142578.125
31202.44;221679.6875
31202.45;159423.828125
31202.46;139648.4375
31202.47;143310.546875
31202.48;142089.84375
31202.49;142089.84375
31202.5;141845.703125
31202.51;141601.5625
31202.52;141601.5625
31202.53;141601.5625
31202.54;141357.421875
31202.55;141357.421875
31202.56;142578.125
31202.57;221679.6875
31202.58;159423.828125
31202.59;139648.4375
31202.6;143310.546875
31202.61;142089.84375
31202.62;141845.703125
31202.63;141845.703125
31202.64;141601.5625
31202.65;141601.5625
31202.66;141601.5625
31202.67;141357.421875
31202.68;141357.421875
31202.69;142333.984375
31202.7;221679.6875
31202.71;159423.828125
31202.72;139648.4375
31202.73;143310.546875
31202.74;142089.84375
31202.75;142089.84375
31202.76;141845.703125
31202.77;141601.5625
31202.78;141601.5625
31202.79;141357.421875
31202.8;141601.5625
31202.81;141357.421875
31202.82;141357.421875
31202.83;141357.421875
31202.84;141357.421875
31202.85;141357.421875
31202.86;141113.28125
31202.87;141113.28125
31202.88;141357.421875
31202.89;141357.421875
31202.9;141113.28125
31202.91;141357.421875
31202.92;141357.421875
31202.93;141113.28125
31202.94;141113.28125
31202.95;141357.421875
31202.96;141357.421875
31202.97;141357.421875
31202.98;141357.421875
31202.99;141357.421875
31203.0;141113.28125
31203.01;141357.421875
31203.02;141113.28125
31203.03;141357.421875
31203.04;141113.28125
31203.05;141113.28125
31203.06;141357.421875
31203.07;141113.28125
31203.08;141113.28125
31203.09;141357.421875
31203.1;141113.28125
31203.11;141357.421875
31203.12;141113.28125
31203.13;141357.421875
31203.14;141357.421875
31203.15;141113.28125
31203.16;141113.28125
31203.17;141113.28125
31203.18;141113.28125
31203.19;141357.421875
31203.2;141113.28125
31203.21;141113.28125
31203.22;141357.421875
31203.23;141113.28125
31203.24;141113.28125
31203.25;141113.28125
31203.26;141113.28125
31203.27;141357.421875
31203.28;141113.28125
31203.29;141113.28125
31203.3;141357.421875
31203.31;141357.421875
31203.32;141113.28125
31203.33;141113.28125
31203.34;141357.421875
31203.35;141113.28125
31203.36;141357.421875
31203.37;141357.421875
31203.38;141357.421875
31203.39;141357.421875
31203.4;141113.28125
31203.41;141357.421875
31203.42;141357.421875
31203.43;141357.421875
31203.44;141357.421875
31203.45;141357.421875
31203.46;141357.421875
31203.47;141357.421875
31203.48;141357.421875
31203.49;141357.421875
31203.5;141357.421875
31203.51;141357.421875
31203.52;141357.421875
31203.53;141357.421875
31203.54;141357.421875
31203.55;141357.421875
31203.56;141357.421875
31203.57;141357.421875
31203.58;141357.421875
31203.59;141357.421875
31203.6;141357.421875
31203.61;141113.28125
31203.62;141357.421875
31203.63;141357.421875
31203.64;141357.421875
31203.65;141357.421875
31203.66;141357.421875
31203.67;141113.28125
31203.68;141357.421875
31203.69;141113.28125
31203.7;141357.421875
31203.71;141357.421875
31203.72;141113.28125
31203.73;141357.421875
31203.74;141357.421875
31203.75;141357.421875
31203.76;141113.28125
31203.77;141113.28125
31203.78;141113.28125
31203.79;141357.421875
31203.8;141357.421875
31203.81;141113.28125
31203.82;141357.421875
31203.83;141357.421875
31203.84;141357.421875
31203.85;141357.421875
31203.86;141357.421875
31203.87;141357.421875
31203.88;141113.28125
31203.89;141357.421875
31203.9;141113.28125
31203.91;141357.421875
31203.92;141357.421875
31203.93;141357.421875
31203.94;141357.421875
31203.95;141357.421875
31203.96;141357.421875
31203.97;141357.421875
31203.98;141357.421875
31203.99;141357.421875
31204.0;141113.28125
31204.01;141113.28125
31204.02;141113.28125
31204.03;141357.421875
31204.04;141357.421875
31204.05;141357.421875
31204.06;141357.421875
31204.07;141357.421875
31204.08;141357.421875
31204.09;141357.421875
31204.1;141113.28125
31204.11;141357.421875
31204.12;141357.421875
31204.13;141357.421875
31204.14;141113.28125
31204.15;141357.421875
31204.16;141357.421875
31204.17;141357.421875
31204.18;141357.421875
31204.19;141357.421875
31204.2;141113.28125
31204.21;141113.28125
31204.22;141357.421875
31204.23;141357.421875
31204.24;141357.421875
31204.25;141113.28125
31204.26;141357.421875
31204.27;141357.421875
31204.28;141357.421875
31204.29;141357.421875
31204.3;141113.28125
31204.31;141357.421875
31204.32;141357.421875
31204.33;141357.421875
31204.34;141357.421875
31204.35;141357.421875
31204.36;141357.421875
31204.37;141357.421875
31204.38;141357.421875
31204.39;141357.421875
31204.4;141357.421875
31204.41;141113.28125
31204.42;141113.28125
31204.43;141113.28125
31204.44;141113.28125
31204.45;141113.28125
31204.46;141357.421875
31204.47;141113.28125
31204.48;141113.28125
31204.49;141113.28125
31204.5;141113.28125
31204.51;141113.28125
31204.52;141113.28125
31204.53;141113.28125
31204.54;141113.28125
31204.55;141113.28125
31204.56;141113.28125
31204.57;141113.28125
31204.58;141113.28125
31204.59;141113.28125
31204.6;141113.28125
31204.61;141113.28125
31204.62;141113.28125
31204.63;140869.140625
31204.64;141113.28125
31204.65;141357.421875
31204.66;141113.28125
31204.67;141113.28125
31204.68;141113.28125
31204.69;141113.28125
31204.7;141113.28125
31204.71;141113.28125
31204.72;141113.28125
31204.73;141113.28125
31204.74;141113.28125
31204.75;141113.28125
31204.76;141113.28125
31204.77;141113.28125
31204.78;141113.28125
31204.79;141113.28125
31204.8;141113.28125
31204.81;141113.28125
31204.82;141113.28125
31204.83;141113.28125
31204.84;141113.28125
31204.85;141113.28125
31204.86;141113.28125
31204.87;141113.28125
31204.88;141113.28125
31204.89;141113.28125
31204.9;141113.28125
31204.91;141113.28125
31204.92;141113.28125
31204.93;141113.28125
31204.94;141113.28125
31204.95;141113.28125
31204.96;141113.28125
31204.97;141113.28125
31204.98;141113.28125
31204.99;141113.28125
31205.0;141113.28125
31205.01;141113.28125
31205.02;141113.28125
31205.03;141113.28125
31205.04;141113.28125
31205.05;141113.28125
31205.06;141113.28125
31205.07;141113.28125
31205.08;141113.28125
31205.09;141113.28125
31205.1;141113.28125
31205.11;141113.28125
31205.12;141113.28125
31205.13;141113.28125
31205.14;141113.28125
31205.15;141113.28125
31205.16;141113.28125
31205.17;141113.28125
31205.18;141113.28125
31205.19;141113.28125
31205.2;141113.28125
31205.21;141113.28125
31205.22;141113.28125
31205.23;141113.28125
31205.24;141113.28125
31205.25;141113.28125
31205.26;141113.28125
31205.27;141113.28125
31205.28;141113.28125
31205.29;141113.28125
31205.3;141113.28125
31205.31;141113.28125
31205.32;141357.421875
31205.33;141113.28125
31205.34;141113.28125
31205.35;141357.421875
31205.36;141113.28125
31205.37;141113.28125
31205.38;141113.28125
31205.39;141113.28125
31205.4;141113.28125
31205.41;141113.28125
31205.42;141113.28125
31205.43;141113.28125
31205.44;141357.421875
31205.45;141113.28125
31205.46;141113.28125
31205.47;141113.28125
31205.48;141357.421875
31205.49;141113.28125
31205.5;141113.28125
31205.51;141113.28125
31205.52;141113.28125
31205.53;141113.28125
31205.54;141113.28125
31205.55;141113.28125
31205.56;141113.28125
31205.57;141113.28125
31205.58;141357.421875
31205.59;141113.28125
31205.6;141113.28125
31205.61;141113.28125
31205.62;141113.28125
31205.63;141113.28125
31205.64;141113.28125
31205.65;141113.28125
31205.66;141113.28125
31205.67;141357.421875
31205.68;141113.28125
31205.69;141113.28125
31205.7;141113.28125
31205.71;141113.28125
31205.72;141113.28125
31205.73;141113.28125
31205.74;141113.28125
31205.75;141113.28125
31205.76;141113.28125
31205.77;141113.28125
31205.78;141357.421875
31205.79;141357.421875
31205.8;141113.28125
31205.81;141113.28125
31205.82;141113.28125
31205.83;141113.28125
31205.84;141113.28125
31205.85;141113.28125
31205.86;141113.28125
31205.87;141357.421875
31205.88;141113.28125
31205.89;141113.28125
31205.9;141113.28125
31205.91;141113.28125
31205.92;141113.28125
31205.93;141113.28125
31205.94;141113.28125
31205.95;141113.28125
31205.96;141113.28125
31205.97;141113.28125
31205.98;141113.28125
31205.99;141113.28125
31206.0;141113.28125
31206.01;141357.421875
31206.02;141113.28125
31206.03;141113.28125
31206.04;141113.28125
31206.05;141113.28125
31206.06;141113.28125
31206.07;141357.421875
31206.08;141113.28125
31206.09;141113.28125
31206.1;141357.421875
31206.11;141113.28125
31206.12;141113.28125
31206.13;141113.28125
31206.14;141113.28125
31206.15;141113.28125
31206.16;141113.28125
31206.17;141113.28125
31206.18;141113.28125
31206.19;141113.28125
31206.2;141113.28125
31206.21;141113.28125
31206.22;141357.421875
31206.23;141113.28125
31206.24;141113.28125
31206.25;141357.421875
31206.26;141113.28125
31206.27;141357.421875
31206.28;141113.28125
31206.29;141113.28125
31206.3;141113.28125
31206.31;141113.28125
31206.32;141357.421875
31206.33;141113.28125
31206.34;141357.421875
31206.35;141113.28125
31206.36;141113.28125
31206.37;141113.28125
31206.38;141113.28125
31206.39;141113.28125
31206.4;141357.421875
31206.41;141113.28125
31206.42;141113.28125
31206.43;141113.28125
31206.44;141113.28125
31206.45;141113.28125
31206.46;141113.28125
31206.47;141113.28125
31206.48;141113.28125
31206.49;141113.28125
31206.5;141113.28125
31206.51;141113.28125
31206.52;141113.28125
31206.53;141113.28125
31206.54;141357.421875
31206.55;141113.28125
31206.56;141113.28125
31206.57;141113.28125
31206.58;141357.421875
31206.59;141113.28125
31206.6;141113.28125
31206.61;141113.28125
31206.62;141113.28125
31206.63;141113.28125
31206.64;141113.28125
31206.65;141113.28125
31206.66;141113.28125
31206.67;141113.28125
31206.68;141113.28125
31206.69;141113.28125
31206.7;141113.28125
31206.71;141113.28125
31206.72;141113.28125
31206.73;141357.421875
31206.74;141113.28125
31206.75;141357.421875
31206.76;141113.28125
31206.77;141113.28125
31206.78;141113.28125
31206.79;141113.28125
31206.8;141113.28125
31206.81;141113.28125
31206.82;141113.28125
31206.83;141113.28125
31206.84;141113.28125
31206.85;141113.28125
31206.86;141113.28125
31206.87;141113.28125
31206.88;141113.28125
31206.89;141113.28125
31206.9;141113.28125
31206.91;141113.28125
31206.92;141113.28125
31206.93;141113.28125
31206.94;141113.28125
31206.95;141113.28125
31206.96;141113.28125
31206.97;141113.28125
31206.98;141113.28125
31206.99;141113.28125
31207.0;141113.28125
31207.01;141113.28125
31207.02;141113.28125
31207.03;141113.28125
31207.04;141113.28125
31207.05;141357.421875
31207.06;141113.28125
31207.07;141113.28125
31207.08;141113.28125
31207.09;141113.28125
31207.1;141113.28125
31207.11;141113.28125
31207.12;141113.28125
31207.13;141113.28125
31207.14;141113.28125
31207.15;141113.28125
31207.16;141357.421875
31207.17;141113.28125
31207.18;141113.28125
31207.19;141113.28125
31207.2;141113.28125
31207.21;141113.28125
31207.22;141113.28125
31207.23;141113.28125
31207.24;141113.28125
31207.25;141113.28125
31207.26;141113.28125
31207.27;141113.28125
31207.28;141113.28125
31207.29;141357.421875
31207.3;141113.28125
31207.31;141357.421875
31207.32;141113.28125
31207.33;141113.28125
31207.34;141113.28125
31207.35;141113.28125
31207.36;141113.28125
31207.37;141113.28125
31207.38;141357.421875
31207.39;141113.28125
31207.4;141113.28125
31207.41;141113.28125
31207.42;141113.28125
31207.43;141357.421875
31207.44;141357.421875
31207.45;141357.421875
31207.46;141357.421875
31207.47;141113.28125
31207.48;141357.421875
31207.49;141113.28125
31207.5;141113.28125
31207.51;141357.421875
31207.52;141357.421875
31207.53;141113.28125
31207.54;141357.421875
31207.55;141113.28125
31207.56;141113.28125
31207.57;141113.28125
31207.58;141357.421875
31207.59;141113.28125
31207.6;141357.421875
31207.61;141113.28125
31207.62;141113.28125
31207.63;141357.421875
31207.64;141113.28125
31207.65;141113.28125
31207.66;141357.421875
31207.67;141113.28125
31207.68;141113.28125
31207.69;141357.421875
31207.7;141113.28125
31207.71;141357.421875
31207.72;141357.421875
31207.73;141113.28125
31207.74;141113.28125
31207.75;141113.28125
31207.76;141113.28125
31207.77;141357.421875
31207.78;141113.28125
31207.79;141357.421875
31207.8;141357.421875
31207.81;141357.421875
31207.82;141357.421875
31207.83;141357.421875
31207.84;141357.421875
31207.85;141113.28125
31207.86;141357.421875
31207.87;141113.28125
31207.88;141113.28125
31207.89;141357.421875
31207.9;141357.421875
31207.91;141113.28125
31207.92;141357.421875
31207.93;141357.421875
31207.94;141357.421875
31207.95;141113.28125
31207.96;141113.28125
31207.97;141113.28125
31207.98;141357.421875
31207.99;141113.28125
31208.0;141357.421875
31208.01;141357.421875
31208.02;141357.421875
31208.03;141113.28125
31208.04;141357.421875
31208.05;141357.421875
31208.06;141357.421875
31208.07;141357.421875
31208.08;141113.28125
31208.09;141357.421875
31208.1;141357.421875
31208.11;141357.421875
31208.12;141113.28125
31208.13;141357.421875
31208.14;141357.421875
31208.15;141357.421875
31208.16;141357.421875
31208.17;141357.421875
31208.18;141113.28125
31208.19;141357.421875
31208.2;141113.28125
31208.21;141113.28125
31208.22;141113.28125
31208.23;141357.421875
31208.24;141357.421875
31208.25;141357.421875
31208.26;141357.421875
31208.27;141357.421875
31208.28;141113.28125
31208.29;141357.421875
31208.3;141357.421875
31208.31;141357.421875
31208.32;141113.28125
31208.33;141113.28125
31208.34;141113.28125
31208.35;141113.28125
31208.36;141357.421875
31208.37;141357.421875
31208.38;141357.421875
31208.39;141357.421875
31208.4;141357.421875
31208.41;141113.28125
31208.42;141113.28125
31208.43;141113.28125
31208.44;141357.421875
31208.45;141113.28125
31208.46;141113.28125
31208.47;141357.421875
31208.48;141357.421875
31208.49;141357.421875
31208.5;141357.421875
31208.51;141113.28125
31208.52;141113.28125
31208.53;141113.28125
31208.54;141113.28125
31208.55;141357.421875
31208.56;141113.28125
31208.57;141113.28125
31208.58;141357.421875
31208.59;141113.28125
31208.6;141357.421875
31208.61;141113.28125
31208.62;141357.421875
31208.63;141113.28125
31208.64;141113.28125
31208.65;141357.421875
31208.66;141357.421875
31208.67;141357.421875
31208.68;141113.28125
31208.69;141357.421875
31208.7;141357.421875
31208.71;141113.28125
31208.72;141357.421875
31208.73;141357.421875
31208.74;141113.28125
31208.75;141113.28125
31208.76;141357.421875
31208.77;141113.28125
31208.78;141357.421875
31208.79;141113.28125
31208.8;141113.28125
31208.81;141357.421875
31208.82;141357.421875
31208.83;141113.28125
31208.84;141113.28125
31208.85;141357.421875
31208.86;141357.421875
31208.87;141113.28125
31208.88;141113.28125
31208.89;141357.421875
31208.9;141357.421875
31208.91;141357.421875
31208.92;141113.28125
31208.93;141357.421875
31208.94;141113.28125
31208.95;141113.28125
31208.96;141113.28125
31208.97;141113.28125
31208.98;141357.421875
31208.99;141113.28125
31209.0;141113.28125
31209.01;141357.421875
31209.02;141357.421875
31209.03;141357.421875
31209.04;141113.28125
31209.05;141357.421875
31209.06;141357.421875
31209.07;141113.28125
31209.08;141357.421875
31209.09;141357.421875
31209.1;141357.421875
31209.11;141357.421875
31209.12;141357.421875
31209.13;141357.421875
31209.14;141357.421875
31209.15;141113.28125
31209.16;141357.421875
31209.17;141357.421875
31209.18;141357.421875
31209.19;141113.28125
31209.2;141357.421875
31209.21;141357.421875
31209.22;141357.421875
31209.23;141357.421875
31209.24;141357.421875
31209.25;141357.421875
31209.26;141357.421875
31209.27;141357.421875
31209.28;141357.421875
31209.29;141357.421875
31209.3;141357.421875
31209.31;141357.421875
31209.32;141357.421875
31209.33;141357.421875
31209.34;141357.421875
31209.35;141357.421875
31209.36;141357.421875
31209.37;141357.421875
31209.38;141357.421875
31209.39;141357.421875
31209.4;141357.421875
31209.41;141357.421875
31209.42;141357.421875
31209.43;141357.421875
31209.44;141357.421875
31209.45;141357.421875
31209.46;141357.421875
31209.47;141357.421875
31209.48;141357.421875
31209.49;141357.421875
31209.5;141357.421875
31209.51;141357.421875
31209.52;141357.421875
31209.53;141357.421875
31209.54;141357.421875
31209.55;141357.421875
31209.56;141357.421875
31209.57;141357.421875
31209.58;141357.421875
31209.59;141357.421875
31209.6;141357.421875
31209.61;141357.421875
31209.62;141357.421875
31209.63;141357.421875
31209.64;141357.421875
31209.65;141357.421875
31209.66;141357.421875
31209.67;141357.421875
31209.68;141357.421875
31209.69;141357.421875
31209.7;141357.421875
31209.71;141357.421875
31209.72;141357.421875
31209.73;141357.421875
31209.74;141357.421875
31209.75;141357.421875
31209.76;141357.421875
31209.77;141357.421875
31209.78;141357.421875
31209.79;141357.421875
31209.8;141357.421875
31209.81;141357.421875
31209.82;141357.421875
31209.83;141357.421875
31209.84;141357.421875
31209.85;141357.421875
31209.86;141357.421875
31209.87;141357.421875
31209.88;141357.421875
31209.89;141357.421875
31209.9;141357.421875
31209.91;141357.421875
31209.92;141357.421875
31209.93;141357.421875
31209.94;141357.421875
31209.95;141357.421875
31209.96;141357.421875
31209.97;141357.421875
31209.98;141357.421875
31209.99;141357.421875
31210.0;141357.421875
31210.01;141357.421875
31210.02;141357.421875
31210.03;141357.421875
31210.04;141357.421875
31210.05;141357.421875
31210.06;141357.421875
31210.07;141601.5625
31210.08;141357.421875
31210.09;141601.5625
31210.1;141357.421875
31210.11;141357.421875
31210.12;141357.421875
31210.13;141357.421875
31210.14;141357.421875
31210.15;141357.421875
31210.16;141357.421875
31210.17;141357.421875
31210.18;141601.5625
31210.19;141357.421875
31210.2;141357.421875
31210.21;141357.421875
31210.22;141357.421875
31210.23;141357.421875
31210.24;141357.421875
31210.25;141357.421875
31210.26;141357.421875
31210.27;141601.5625
31210.28;141601.5625
31210.29;141601.5625
31210.3;141601.5625
31210.31;141357.421875
31210.32;141601.5625
31210.33;141357.421875
31210.34;141357.421875
31210.35;141357.421875
31210.36;141357.421875
31210.37;141357.421875
31210.38;141601.5625
31210.39;141601.5625
31210.4;141601.5625
31210.41;141357.421875
31210.42;141601.5625
31210.43;141357.421875
31210.44;141357.421875
31210.45;141601.5625
31210.46;141357.421875
31210.47;141601.5625
31210.48;141601.5625
31210.49;141357.421875
31210.5;141601.5625
31210.51;141357.421875
31210.52;141601.5625
31210.53;141357.421875
31210.54;141601.5625
31210.55;141357.421875
31210.56;141601.5625
31210.57;141357.421875
31210.58;141357.421875
31210.59;141601.5625
31210.6;141601.5625
31210.61;141357.421875
31210.62;141601.5625
31210.63;141357.421875
31210.64;141601.5625
31210.65;141601.5625
31210.66;141357.421875
31210.67;141357.421875
31210.68;141601.5625
31210.69;141601.5625
31210.7;141601.5625
31210.71;141357.421875
31210.72;141601.5625
31210.73;141601.5625
31210.74;141357.421875
31210.75;141601.5625
31210.76;141357.421875
31210.77;141601.5625
31210.78;141601.5625
31210.79;141357.421875
31210.8;141601.5625
31210.81;141357.421875
31210.82;141601.5625
31210.83;141357.421875
31210.84;141601.5625
31210.85;141601.5625
31210.86;141357.421875
31210.87;141601.5625
31210.88;141601.5625
31210.89;141601.5625
31210.9;141357.421875
31210.91;141601.5625
31210.92;141601.5625
31210.93;141601.5625
31210.94;141601.5625
31210.95;141601.5625
31210.96;141357.421875
31210.97;141601.5625
31210.98;141357.421875
31210.99;141601.5625
31211.0;141601.5625
31211.01;141601.5625
31211.02;141601.5625
31211.03;141601.5625
31211.04;141601.5625
31211.05;141601.5625
31211.06;141357.421875
31211.07;141601.5625
31211.08;141601.5625
31211.09;141601.5625
31211.1;141601.5625
31211.11;141601.5625
31211.12;141357.421875
31211.13;141601.5625
31211.14;141601.5625
31211.15;141601.5625
31211.16;141601.5625
31211.17;141601.5625
31211.18;141601.5625
31211.19;141601.5625
31211.2;141601.5625
31211.21;141601.5625
31211.22;141601.5625
31211.23;141601.5625
31211.24;141601.5625
31211.25;141601.5625
31211.26;141601.5625
31211.27;141601.5625
31211.28;141601.5625
31211.29;141601.5625
31211.3;141601.5625
31211.31;141601.5625
31211.32;141601.5625
31211.33;141601.5625
31211.34;141601.5625
31211.35;141601.5625
31211.36;141601.5625
31211.37;141601.5625
31211.38;141601.5625
31211.39;141601.5625
31211.4;141601.5625
31211.41;141601.5625
31211.42;141601.5625
31211.43;141601.5625
31211.44;141601.5625
31211.45;141601.5625
31211.46;141601.5625
31211.47;141601.5625
31211.48;141601.5625
31211.49;141601.5625
31211.5;141601.5625
31211.51;141601.5625
31211.52;141601.5625
31211.53;141601.5625
31211.54;141601.5625
31211.55;141601.5625
31211.56;141601.5625
31211.57;141601.5625
31211.58;141601.5625
31211.59;141601.5625
31211.6;141601.5625
31211.61;141601.5625
31211.62;141601.5625
31211.63;141601.5625
31211.64;141601.5625
31211.65;141601.5625
31211.66;141601.5625
31211.67;141601.5625
31211.68;141601.5625
31211.69;141601.5625
31211.7;141601.5625
31211.71;141601.5625
31211.72;141601.5625
31211.73;141601.5625
31211.74;141601.5625
31211.75;141601.5625
31211.76;141601.5625
31211.77;141601.5625
31211.78;141601.5625
31211.79;141601.5625
31211.8;141601.5625
31211.81;141601.5625
31211.82;141601.5625
31211.83;141601.5625
31211.84;141601.5625
31211.85;141601.5625
31211.86;141601.5625
31211.87;141601.5625
31211.88;141601.5625
31211.89;141601.5625
31211.9;141601.5625
31211.91;141601.5625
31211.92;141601.5625
31211.93;141601.5625
31211.94;141601.5625
31211.95;141601.5625
31211.96;141601.5625
31211.97;141601.5625
31211.98;141601.5625
31211.99;141601.5625
31212.0;141601.5625
31212.01;141601.5625
31212.02;141601.5625
31212.03;141601.5625
31212.04;141601.5625
31212.05;141601.5625
31212.06;141601.5625
31212.07;141601.5625
31212.08;141601.5625
31212.09;141845.703125
31212.1;141601.5625
31212.11;141601.5625
31212.12;141601.5625
31212.13;141601.5625
31212.14;141601.5625
31212.15;141601.5625
31212.16;141601.5625
31212.17;141601.5625
31212.18;141601.5625
31212.19;141601.5625
31212.2;141601.5625
31212.21;141601.5625
31212.22;141601.5625
31212.23;141845.703125
31212.24;141601.5625
31212.25;141601.5625
31212.26;141601.5625
31212.27;141601.5625
31212.28;141601.5625
31212.29;141601.5625
31212.3;141601.5625
31212.31;141601.5625
31212.32;141601.5625
31212.33;141601.5625
31212.34;141845.703125
31212.35;141601.5625
31212.36;141845.703125
31212.37;141601.5625
31212.38;141601.5625
31212.39;141845.703125
31212.4;141601.5625
31212.41;141601.5625
31212.42;141601.5625
31212.43;141601.5625
31212.44;141601.5625
31212.45;141601.5625
31212.46;141601.5625
31212.47;141601.5625
31212.48;141601.5625
31212.49;141601.5625
31212.5;141601.5625
31212.51;141601.5625
31212.52;141601.5625
31212.53;141601.5625
31212.54;141601.5625
31212.55;141601.5625
31212.56;141601.5625
31212.57;141601.5625
31212.58;141601.5625
31212.59;141601.5625
31212.6;141601.5625
31212.61;141601.5625
31212.62;141601.5625
31212.63;141601.5625
31212.64;141601.5625
31212.65;141601.5625
31212.66;141601.5625
31212.67;141601.5625
31212.68;141601.5625
31212.69;141601.5625
31212.7;141601.5625
31212.71;141601.5625
31212.72;141601.5625
31212.73;141601.5625
31212.74;141601.5625
31212.75;141601.5625
31212.76;141601.5625
31212.77;141601.5625
31212.78;141601.5625
31212.79;141601.5625
31212.8;141601.5625
31212.81;141601.5625
31212.82;141601.5625
31212.83;141601.5625
31212.84;141601.5625
31212.85;141601.5625
31212.86;141601.5625
31212.87;141601.5625
31212.88;141601.5625
31212.89;141601.5625
31212.9;141601.5625
31212.91;141601.5625
31212.92;141601.5625
31212.93;141601.5625
31212.94;141601.5625
31212.95;141601.5625
31212.96;141601.5625
31212.97;141601.5625
31212.98;141601.5625
31212.99;141601.5625
31213.0;141601.5625
31213.01;141357.421875
31213.02;141601.5625
31213.03;141601.5625
31213.04;141601.5625
31213.05;141357.421875
31213.06;141601.5625
31213.07;141601.5625
31213.08;141601.5625
31213.09;141601.5625
31213.1;141601.5625
31213.11;141601.5625
31213.12;141601.5625
31213.13;141601.5625
31213.14;141601.5625
31213.15;141601.5625
31213.16;141601.5625
31213.17;141601.5625
31213.18;141601.5625
31213.19;141601.5625
31213.2;141601.5625
31213.21;141601.5625
31213.22;141601.5625
31213.23;141601.5625
31213.24;141601.5625
31213.25;141601.5625
31213.26;141601.5625
31213.27;141601.5625
31213.28;141601.5625
31213.29;141601.5625
31213.3;141601.5625
31213.31;141601.5625
31213.32;141601.5625
31213.33;141601.5625
31213.34;141601.5625
31213.35;141601.5625
31213.36;141601.5625
31213.37;141601.5625
31213.38;141601.5625
31213.39;141601.5625
31213.4;141601.5625
31213.41;141601.5625
31213.42;141601.5625
31213.43;141601.5625
31213.44;141601.5625
31213.45;141601.5625
31213.46;141601.5625
31213.47;141601.5625
31213.48;141601.5625
31213.49;141601.5625
31213.5;141601.5625
31213.51;141601.5625
31213.52;141601.5625
31213.53;141601.5625
31213.54;141601.5625
31213.55;141601.5625
31213.56;141601.5625
31213.57;141601.5625
31213.58;141601.5625
31213.59;141601.5625
31213.6;141601.5625
31213.61;141601.5625
31213.62;141601.5625
31213.63;141601.5625
31213.64;141601.5625
31213.65;141601.5625
31213.66;141601.5625
31213.67;141601.5625
31213.68;141601.5625
31213.69;141601.5625
31213.7;141601.5625
31213.71;141601.5625
31213.72;141601.5625
31213.73;141601.5625
31213.74;141601.5625
31213.75;141601.5625
31213.76;141601.5625
31213.77;141601.5625
31213.78;141601.5625
31213.79;141601.5625
31213.8;141601.5625
31213.81;141601.5625
31213.82;141601.5625
31213.83;141601.5625
31213.84;141601.5625
31213.85;141601.5625
31213.86;141845.703125
31213.87;141601.5625
31213.88;141601.5625
31213.89;141601.5625
31213.9;141601.5625
31213.91;141601.5625
31213.92;141601.5625
31213.93;141601.5625
31213.94;141601.5625
31213.95;141601.5625
31213.96;141601.5625
31213.97;141601.5625
31213.98;141601.5625
31213.99;141601.5625
31214.0;141601.5625
31214.01;141601.5625
31214.02;141601.5625
31214.03;141601.5625
31214.04;141601.5625
31214.05;141601.5625
31214.06;141601.5625
31214.07;141601.5625
31214.08;141601.5625
31214.09;141601.5625
31214.1;141601.5625
31214.11;141601.5625
31214.12;141601.5625
31214.13;141601.5625
31214.14;141601.5625
31214.15;141601.5625
31214.16;141601.5625
31214.17;141601.5625
31214.18;141601.5625
31214.19;141601.5625
31214.2;141601.5625
31214.21;141601.5625
31214.22;141601.5625
31214.23;141601.5625
31214.24;141601.5625
31214.25;141601.5625
31214.26;141601.5625
31214.27;141601.5625
31214.28;141601.5625
31214.29;141601.5625
31214.3;141601.5625
31214.31;141601.5625
31214.32;141601.5625
31214.33;141601.5625
31214.34;141601.5625
31214.35;141601.5625
31214.36;141601.5625
31214.37;141601.5625
31214.38;141601.5625
31214.39;141601.5625
31214.4;141601.5625
31214.41;141601.5625
31214.42;141601.5625
31214.43;141601.5625
31214.44;141601.5625
31214.45;141601.5625
31214.46;141601.5625
31214.47;141601.5625
31214.48;141601.5625
31214.49;141601.5625
31214.5;141601.5625
31214.51;141601.5625
31214.52;141601.5625
31214.53;141601.5625
31214.54;141601.5625
31214.55;141601.5625
31214.56;141601.5625
31214.57;141601.5625
31214.58;141601.5625
31214.59;141601.5625
31214.6;141601.5625
31214.61;141601.5625
31214.62;141601.5625
31214.63;141601.5625
31214.64;141601.5625
31214.65;141601.5625
31214.66;141601.5625
31214.67;141601.5625
31214.68;141601.5625
31214.69;141601.5625
31214.7;141601.5625
31214.71;141601.5625
31214.72;141601.5625
31214.73;141601.5625
31214.74;141601.5625
31214.75;141601.5625
31214.76;141601.5625
31214.77;141601.5625
31214.78;141601.5625
31214.79;141601.5625
31214.8;141601.5625
31214.81;141601.5625
31214.82;141601.5625
31214.83;141601.5625
31214.84;141601.5625
31214.85;141601.5625
31214.86;141601.5625
31214.87;141357.421875
31214.88;141601.5625
31214.89;141601.5625
31214.9;141601.5625
31214.91;141601.5625
31214.92;141601.5625
31214.93;141601.5625
31214.94;141601.5625
31214.95;141601.5625
31214.96;141601.5625
31214.97;141601.5625
31214.98;141601.5625
31214.99;141357.421875
31215.0;141601.5625
31215.01;141601.5625
31215.02;141601.5625
31215.03;141601.5625
31215.04;141601.5625
31215.05;141601.5625
31215.06;141601.5625
31215.07;141601.5625
31215.08;141601.5625
31215.09;141601.5625
31215.1;141601.5625
31215.11;141601.5625
31215.12;141601.5625
31215.13;141601.5625
31215.14;141601.5625
31215.15;141601.5625
31215.16;141601.5625
31215.17;141601.5625
31215.18;141601.5625
31215.19;141601.5625
31215.2;141601.5625
31215.21;141601.5625
31215.22;141601.5625
31215.23;141601.5625
31215.24;141601.5625
31215.25;141601.5625
31215.26;141601.5625
31215.27;141601.5625
31215.28;141357.421875
31215.29;141601.5625
31215.3;141357.421875
31215.31;141601.5625
31215.32;141601.5625
31215.33;141601.5625
31215.34;141601.5625
31215.35;141601.5625
31215.36;141601.5625
31215.37;141601.5625
31215.38;141601.5625
31215.39;141357.421875
31215.4;141601.5625
31215.41;141601.5625
31215.42;141601.5625
31215.43;141601.5625
31215.44;141601.5625
31215.45;141601.5625
31215.46;141601.5625
31215.47;141601.5625
31215.48;141601.5625
31215.49;141601.5625
31215.5;141601.5625
31215.51;141601.5625
31215.52;141601.5625
31215.53;141601.5625
31215.54;141601.5625
31215.55;141601.5625
31215.56;141601.5625
31215.57;141601.5625
31215.58;141601.5625
31215.59;141601.5625
31215.6;141601.5625
31215.61;141601.5625
31215.62;141601.5625
31215.63;141601.5625
31215.64;141601.5625
31215.65;141601.5625
31215.66;141601.5625
31215.67;141601.5625
31215.68;141601.5625
31215.69;141601.5625
31215.7;141601.5625
31215.71;141601.5625
31215.72;141601.5625
31215.73;141601.5625
31215.74;141601.5625
31215.75;141601.5625
31215.76;141601.5625
31215.77;141601.5625
31215.78;141601.5625
31215.79;141601.5625
31215.8;141601.5625
31215.81;141601.5625
31215.82;141601.5625
31215.83;141601.5625
31215.84;141601.5625
31215.85;141601.5625
31215.86;141601.5625
31215.87;141601.5625
31215.88;141601.5625
31215.89;141601.5625
31215.9;141601.5625
31215.91;141601.5625
31215.92;141601.5625
31215.93;141601.5625
31215.94;141601.5625
31215.95;141601.5625
31215.96;141601.5625
31215.97;141601.5625
31215.98;141601.5625
31215.99;141601.5625
31216.0;141601.5625
31216.01;141601.5625
31216.02;141601.5625
31216.03;141601.5625
31216.04;141601.5625
31216.05;141601.5625
31216.06;141601.5625
31216.07;141601.5625
31216.08;141601.5625
31216.09;141601.5625
31216.1;141601.5625
31216.11;141601.5625
31216.12;141601.5625
31216.13;141601.5625
31216.14;141601.5625
31216.15;141601.5625
31216.16;141601.5625
31216.17;141601.5625
31216.18;141601.5625
31216.19;141601.5625
31216.2;141601.5625
31216.21;141601.5625
31216.22;141601.5625
31216.23;141601.5625
31216.24;141601.5625
31216.25;141601.5625
31216.26;141601.5625
31216.27;141601.5625
31216.28;141601.5625
31216.29;141601.5625
31216.3;141601.5625
31216.31;141601.5625
31216.32;141601.5625
31216.33;141601.5625
31216.34;141601.5625
31216.35;141601.5625
31216.36;141601.5625
31216.37;141601.5625
31216.38;141601.5625
31216.39;141601.5625
31216.4;141601.5625
31216.41;141601.5625
31216.42;141601.5625
31216.43;141601.5625
31216.44;141601.5625
31216.45;141357.421875
31216.46;141601.5625
31216.47;141601.5625
31216.48;141601.5625
31216.49;141601.5625
31216.5;141601.5625
31216.51;141601.5625
31216.52;141601.5625
31216.53;141601.5625
31216.54;141601.5625
31216.55;141601.5625
31216.56;141601.5625
31216.57;141601.5625
31216.58;141601.5625
31216.59;141601.5625
31216.6;141601.5625
31216.61;141601.5625
31216.62;141601.5625
31216.63;141601.5625
31216.64;141601.5625
31216.65;141601.5625
31216.66;141601.5625
31216.67;141601.5625
31216.68;141601.5625
31216.69;141601.5625
31216.7;141601.5625
31216.71;141601.5625
31216.72;141601.5625
31216.73;141601.5625
31216.74;141601.5625
31216.75;141601.5625
31216.76;141601.5625
31216.77;141601.5625
31216.78;141601.5625
31216.79;141601.5625
31216.8;141601.5625
31216.81;141357.421875
31216.82;141601.5625
31216.83;141601.5625
31216.84;141601.5625
31216.85;141601.5625
31216.86;141601.5625
31216.87;141601.5625
31216.88;141601.5625
31216.89;141601.5625
31216.9;141601.5625
31216.91;141601.5625
31216.92;141601.5625
31216.93;141601.5625
31216.94;141357.421875
31216.95;141601.5625
31216.96;141601.5625
31216.97;141601.5625
31216.98;141601.5625
31216.99;141601.5625
31217.0;141357.421875
31217.01;141601.5625
31217.02;141601.5625
31217.03;141601.5625
31217.04;141601.5625
31217.05;141601.5625
31217.06;141601.5625
31217.07;141357.421875
31217.08;141601.5625
31217.09;141601.5625
31217.1;141601.5625
31217.11;141601.5625
31217.12;141601.5625
31217.13;141601.5625
31217.14;141357.421875
31217.15;141601.5625
31217.16;141601.5625
31217.17;141601.5625
31217.18;141601.5625
31217.19;141601.5625
31217.2;141357.421875
31217.21;141357.421875
31217.22;141601.5625
31217.23;141601.5625
31217.24;141357.421875
31217.25;141601.5625
31217.26;141601.5625
31217.27;141601.5625
31217.28;141357.421875
31217.29;141601.5625
31217.3;141601.5625
31217.31;141601.5625
31217.32;141601.5625
31217.33;141601.5625
31217.34;141601.5625
31217.35;141357.421875
31217.36;141357.421875
31217.37;141601.5625
31217.38;141601.5625
31217.39;141601.5625
31217.4;141601.5625
31217.41;141601.5625
31217.42;141357.421875
31217.43;141601.5625
31217.44;141601.5625
31217.45;141601.5625
31217.46;141601.5625
31217.47;141357.421875
31217.48;141601.5625
31217.49;141601.5625
31217.5;141601.5625
31217.51;141601.5625
31217.52;141601.5625
31217.53;141601.5625
31217.54;141601.5625
31217.55;141357.421875
31217.56;141601.5625
31217.57;141601.5625
31217.58;141601.5625
31217.59;141601.5625
31217.6;141601.5625
31217.61;141601.5625
31217.62;141601.5625
31217.63;141601.5625
31217.64;141601.5625
31217.65;141601.5625
31217.66;141601.5625
31217.67;141601.5625
31217.68;141601.5625
31217.69;141601.5625
31217.7;141601.5625
31217.71;141601.5625
31217.72;141601.5625
31217.73;141601.5625
31217.74;141601.5625
31217.75;141601.5625
31217.76;141601.5625
31217.77;141601.5625
31217.78;141601.5625
31217.79;141357.421875
31217.8;141601.5625
31217.81;141357.421875
31217.82;141601.5625
31217.83;141601.5625
31217.84;141601.5625
31217.85;141601.5625
31217.86;141601.5625
31217.87;141357.421875
31217.88;141357.421875
31217.89;141601.5625
31217.9;141601.5625
31217.91;141357.421875
31217.92;141601.5625
31217.93;141601.5625
31217.94;141357.421875
31217.95;141357.421875
31217.96;141357.421875
31217.97;141357.421875
31217.98;141601.5625
31217.99;141357.421875
31218.0;141601.5625
31218.01;141357.421875
31218.02;141357.421875
31218.03;141357.421875
31218.04;141357.421875
31218.05;141357.421875
31218.06;141357.421875
31218.07;141601.5625
31218.08;141357.421875
31218.09;141601.5625
31218.1;141601.5625
31218.11;141357.421875
31218.12;141601.5625
31218.13;141601.5625
31218.14;141357.421875
31218.15;141357.421875
31218.16;141357.421875
31218.17;141357.421875
31218.18;141357.421875
31218.19;141357.421875
31218.2;141357.421875
31218.21;141357.421875
31218.22;141601.5625
31218.23;141357.421875
31218.24;141357.421875
31218.25;141601.5625
31218.26;141357.421875
31218.27;141601.5625
31218.28;141357.421875
31218.29;141357.421875
31218.3;141357.421875
31218.31;141357.421875
31218.32;141357.421875
31218.33;141357.421875
31218.34;141357.421875
31218.35;141357.421875
31218.36;141357.421875
31218.37;141357.421875
31218.38;141357.421875
31218.39;141357.421875
31218.4;141357.421875
31218.41;141357.421875
31218.42;141357.421875
31218.43;141357.421875
31218.44;141357.421875
31218.45;141357.421875
31218.46;141357.421875
31218.47;141357.421875
31218.48;141357.421875
31218.49;141357.421875
31218.5;141357.421875
31218.51;141357.421875
31218.52;141357.421875
31218.53;141357.421875
31218.54;141357.421875
31218.55;141357.421875
31218.56;141357.421875
31218.57;141357.421875
31218.58;141357.421875
31218.59;141357.421875
31218.6;141357.421875
31218.61;142578.125
31218.62;221923.828125
31218.63;157958.984375
31218.64;139892.578125
31218.65;143310.546875
31218.66;142089.84375
31218.67;142089.84375
31218.68;173095.703125
31218.69;215087.890625
31218.7;133300.78125
31218.71;145019.53125
31218.72;142333.984375
31218.73;142333.984375
31218.74;143310.546875
31218.75;223388.671875
31218.76;158203.125
31218.77;140380.859375
31218.78;143554.6875
31218.79;142333.984375
31218.8;142333.984375
31218.81;142089.84375
31218.82;141845.703125
31218.83;141601.5625
31218.84;141601.5625
31218.85;141601.5625
31218.86;141601.5625
31218.87;142822.265625
31218.88;222900.390625
31218.89;157958.984375
31218.9;140136.71875
31218.91;143310.546875
31218.92;142089.84375
31218.93;142089.84375
31218.94;141845.703125
31218.95;141845.703125
31218.96;141601.5625
31218.97;141601.5625
31218.98;141601.5625
31218.99;141357.421875
31219.0;142822.265625
31219.01;222900.390625
31219.02;157958.984375
31219.03;140136.71875
31219.04;143310.546875
31219.05;142089.84375
31219.06;142089.84375
31219.07;141845.703125
31219.08;141845.703125
31219.09;141601.5625
31219.1;141845.703125
31219.11;141601.5625
31219.12;141601.5625
31219.13;142822.265625
31219.14;222900.390625
31219.15;157958.984375
31219.16;140136.71875
31219.17;143310.546875
31219.18;142089.84375
31219.19;142089.84375
31219.2;142089.84375
31219.21;141601.5625
31219.22;141601.5625
31219.23;141601.5625
31219.24;141601.5625
31219.25;141357.421875
31219.26;142822.265625
31219.27;222900.390625
31219.28;157714.84375
31219.29;140136.71875
31219.3;143310.546875
31219.31;142089.84375
31219.32;142089.84375
31219.33;173095.703125
31219.34;214843.75
31219.35;133300.78125
31219.36;145019.53125
31219.37;142089.84375
31219.38;142333.984375
31219.39;143554.6875
31219.4;223388.671875
31219.41;158203.125
31219.42;140380.859375
31219.43;143554.6875
31219.44;142333.984375
31219.45;142333.984375
31219.46;173339.84375
31219.47;215087.890625
31219.48;133300.78125
31219.49;145019.53125
31219.5;142333.984375
31219.51;142333.984375
31219.52;143554.6875
31219.53;223388.671875
31219.54;158203.125
31219.55;140380.859375
31219.56;143554.6875
31219.57;142333.984375
31219.58;142089.84375
31219.59;173339.84375
31219.6;214843.75
31219.61;133544.921875
31219.62;145019.53125
31219.63;142333.984375
31219.64;142333.984375
31219.65;143554.6875
31219.66;223388.671875
31219.67;158203.125
31219.68;140380.859375
31219.69;143310.546875
31219.7;142333.984375
31219.71;142333.984375
31219.72;173339.84375
31219.73;214843.75
31219.74;133544.921875
31219.75;145019.53125
31219.76;142333.984375
31219.77;142333.984375
31219.78;143554.6875
31219.79;223388.671875
31219.8;158203.125
31219.81;140380.859375
31219.82;143310.546875
31219.83;142333.984375
31219.84;142333.984375
31219.85;142089.84375
31219.86;141845.703125
31219.87;141845.703125
31219.88;141601.5625
31219.89;141357.421875
31219.9;141601.5625
31219.91;142822.265625
31219.92;222900.390625
31219.93;157714.84375
31219.94;140136.71875
31219.95;143310.546875
31219.96;142089.84375
31219.97;142089.84375
31219.98;141845.703125
31219.99;141845.703125
31220.0;141601.5625
31220.01;141601.5625
31220.02;141601.5625
31220.03;141357.421875
31220.04;142822.265625
31220.05;222900.390625
31220.06;157714.84375
31220.07;140136.71875
31220.08;143310.546875
31220.09;142089.84375
31220.1;142089.84375
31220.11;141845.703125
31220.12;141601.5625
31220.13;141601.5625
31220.14;141601.5625
31220.15;141357.421875
31220.16;141357.421875
31220.17;142822.265625
31220.18;222900.390625
31220.19;157958.984375
31220.2;139892.578125
31220.21;143310.546875
31220.22;142089.84375
31220.23;142089.84375
31220.24;141845.703125
31220.25;141601.5625
31220.26;141601.5625
31220.27;141357.421875
31220.28;141357.421875
31220.29;141357.421875
31220.3;142822.265625
31220.31;222900.390625
31220.32;157714.84375
31220.33;140136.71875
31220.34;143066.40625
31220.35;142089.84375
31220.36;142089.84375
31220.37;141845.703125
31220.38;141601.5625
31220.39;141601.5625
31220.4;141601.5625
31220.41;141357.421875
31220.42;141357.421875
31220.43;142822.265625
31220.44;222900.390625
31220.45;157714.84375
31220.46;140136.71875
31220.47;143066.40625
31220.48;142089.84375
31220.49;142089.84375
31220.5;141845.703125
31220.51;141601.5625
31220.52;141601.5625
31220.53;141601.5625
31220.54;141357.421875
31220.55;141357.421875
31220.56;142822.265625
31220.57;222656.25
31220.58;157470.703125
31220.59;139892.578125
31220.6;143066.40625
31220.61;142089.84375
31220.62;142089.84375
31220.63;141845.703125
31220.64;141601.5625
31220.65;141601.5625
31220.66;141357.421875
31220.67;141357.421875
31220.68;141113.28125
31220.69;142822.265625
31220.7;222656.25
31220.71;157714.84375
31220.72;140136.71875
31220.73;143066.40625
31220.74;142089.84375
31220.75;141845.703125
31220.76;141845.703125
31220.77;141601.5625
31220.78;141601.5625
31220.79;141357.421875
31220.8;141357.421875
31220.81;141357.421875
31220.82;141357.421875
31220.83;141357.421875
31220.84;141113.28125
31220.85;141113.28125
31220.86;141357.421875
31220.87;141113.28125
31220.88;141113.28125
31220.89;141113.28125
31220.9;141113.28125
31220.91;141113.28125
31220.92;141113.28125
31220.93;141113.28125
31220.94;141113.28125
31220.95;141113.28125
31220.96;141113.28125
31220.97;141113.28125
31220.98;141113.28125
31220.99;141113.28125
31221.0;141113.28125
31221.01;141113.28125
31221.02;141113.28125
31221.03;141113.28125
31221.04;141113.28125
31221.05;141113.28125
31221.06;141113.28125
31221.07;141113.28125
31221.08;141113.28125
31221.09;141357.421875
31221.1;141113.28125
31221.11;141113.28125
31221.12;141113.28125
31221.13;141113.28125
31221.14;141113.28125
31221.15;141357.421875
31221.16;141113.28125
31221.17;141113.28125
31221.18;141113.28125
31221.19;141113.28125
31221.2;141113.28125
31221.21;141113.28125
31221.22;141113.28125
31221.23;141113.28125
31221.24;141113.28125
31221.25;141113.28125
31221.26;141113.28125
31221.27;141113.28125
31221.28;141113.28125
31221.29;141113.28125
31221.3;141113.28125
31221.31;141113.28125
31221.32;141113.28125
31221.33;141113.28125
31221.34;141113.28125
31221.35;141113.28125
31221.36;141113.28125
31221.37;141113.28125
31221.38;141113.28125
31221.39;141113.28125
31221.4;141113.28125
31221.41;141113.28125
31221.42;141113.28125
31221.43;141113.28125
31221.44;141113.28125
31221.45;141113.28125
31221.46;141113.28125
31221.47;141113.28125
31221.48;141357.421875
31221.49;141113.28125
31221.5;141113.28125
31221.51;141113.28125
31221.52;141113.28125
31221.53;141113.28125
31221.54;141113.28125
31221.55;141113.28125
31221.56;141113.28125
31221.57;141113.28125
31221.58;141113.28125
31221.59;141113.28125
31221.6;141113.28125
31221.61;141113.28125
31221.62;141113.28125
31221.63;141113.28125
31221.64;141357.421875
31221.65;141113.28125
31221.66;141113.28125
31221.67;141113.28125
31221.68;141113.28125
31221.69;141113.28125
31221.7;141113.28125
31221.71;141113.28125
31221.72;141113.28125
31221.73;141113.28125
31221.74;141113.28125
31221.75;141113.28125
31221.76;141113.28125
31221.77;141357.421875
31221.78;141113.28125
31221.79;141113.28125
31221.8;141357.421875
31221.81;141113.28125
31221.82;141113.28125
31221.83;141113.28125
31221.84;141113.28125
31221.85;141113.28125
31221.86;141113.28125
31221.87;141113.28125
31221.88;141113.28125
31221.89;141113.28125
31221.9;141113.28125
31221.91;141113.28125
31221.92;141113.28125
31221.93;141113.28125
31221.94;141113.28125
31221.95;141113.28125
31221.96;141113.28125
31221.97;141113.28125
31221.98;141113.28125
31221.99;141113.28125
31222.0;141113.28125
31222.01;141113.28125
31222.02;141113.28125
31222.03;141113.28125
31222.04;141113.28125
31222.05;141113.28125
31222.06;141113.28125
31222.07;141113.28125
31222.08;141357.421875
31222.09;141113.28125
31222.1;141357.421875
31222.11;141357.421875
31222.12;141113.28125
31222.13;141357.421875
31222.14;141113.28125
31222.15;141113.28125
31222.16;141113.28125
31222.17;141113.28125
31222.18;141357.421875
31222.19;141113.28125
31222.2;141113.28125
31222.21;141113.28125
31222.22;141113.28125
31222.23;141357.421875
31222.24;141113.28125
31222.25;141357.421875
31222.26;141113.28125
31222.27;141357.421875
31222.28;141113.28125
31222.29;141357.421875
31222.3;141357.421875
31222.31;141113.28125
31222.32;141113.28125
31222.33;141357.421875
31222.34;141113.28125
31222.35;141113.28125
31222.36;141113.28125
31222.37;141113.28125
31222.38;141113.28125
31222.39;141113.28125
31222.4;141113.28125
31222.41;141113.28125
31222.42;141113.28125
31222.43;141113.28125
31222.44;141113.28125
31222.45;141113.28125
31222.46;141113.28125
31222.47;141113.28125
31222.48;141357.421875
31222.49;141113.28125
31222.5;141357.421875
31222.51;141113.28125
31222.52;141357.421875
31222.53;141113.28125
31222.54;141113.28125
31222.55;141113.28125
31222.56;141113.28125
31222.57;141113.28125
31222.58;141113.28125
31222.59;141113.28125
31222.6;141357.421875
31222.61;141113.28125
31222.62;141113.28125
31222.63;141113.28125
31222.64;141113.28125
31222.65;141357.421875
31222.66;141357.421875
31222.67;141113.28125
31222.68;141113.28125
31222.69;141357.421875
31222.7;141113.28125
31222.71;141113.28125
31222.72;141113.28125
31222.73;141113.28125
31222.74;141357.421875
31222.75;141113.28125
31222.76;141113.28125
31222.77;141113.28125
31222.78;141113.28125
31222.79;141357.421875
31222.8;141113.28125
31222.81;141357.421875
31222.82;141113.28125
31222.83;141113.28125
31222.84;141113.28125
31222.85;141357.421875
31222.86;141113.28125
31222.87;141357.421875
31222.88;141113.28125
31222.89;141113.28125
31222.9;141113.28125
31222.91;141113.28125
31222.92;141113.28125
31222.93;141113.28125
31222.94;141113.28125
31222.95;141113.28125
31222.96;141113.28125
31222.97;141113.28125
31222.98;141113.28125
31222.99;141113.28125
31223.0;141113.28125
31223.01;141113.28125
31223.02;141113.28125
31223.03;141113.28125
31223.04;141357.421875
31223.05;141113.28125
31223.06;141113.28125
31223.07;141113.28125
31223.08;141113.28125
31223.09;141113.28125
31223.1;141113.28125
31223.11;141113.28125
31223.12;141113.28125
31223.13;141113.28125
31223.14;141113.28125
31223.15;141113.28125
31223.16;141113.28125
31223.17;141113.28125
31223.18;141357.421875
31223.19;141113.28125
31223.2;141113.28125
31223.21;141357.421875
31223.22;141113.28125
31223.23;141357.421875
31223.24;141113.28125
31223.25;141113.28125
31223.26;141113.28125
31223.27;141113.28125
31223.28;141113.28125
31223.29;141113.28125
31223.3;141113.28125
31223.31;141113.28125
31223.32;141357.421875
31223.33;141357.421875
31223.34;141113.28125
31223.35;141113.28125
31223.36;141113.28125
31223.37;141113.28125
31223.38;141113.28125
31223.39;141113.28125
31223.4;141113.28125
31223.41;141357.421875
31223.42;141357.421875
31223.43;141113.28125
31223.44;141113.28125
31223.45;141113.28125
31223.46;141113.28125
31223.47;141357.421875
31223.48;141113.28125
31223.49;141113.28125
31223.5;141357.421875
31223.51;141113.28125
31223.52;141113.28125
31223.53;141357.421875
31223.54;141357.421875
31223.55;141113.28125
31223.56;141357.421875
31223.57;141113.28125
31223.58;141113.28125
31223.59;141357.421875
31223.6;141113.28125
31223.61;141113.28125
31223.62;141113.28125
31223.63;141113.28125
31223.64;141113.28125
31223.65;141113.28125
31223.66;141113.28125
31223.67;141113.28125
31223.68;141113.28125
31223.69;141113.28125
31223.7;141357.421875
31223.71;141357.421875
31223.72;141113.28125
31223.73;141357.421875
31223.74;141113.28125
31223.75;141357.421875
31223.76;141113.28125
31223.77;141113.28125
31223.78;141113.28125
31223.79;141113.28125
31223.8;141113.28125
31223.81;141357.421875
31223.82;141113.28125
31223.83;141357.421875
31223.84;141357.421875
31223.85;141113.28125
31223.86;141113.28125
31223.87;141113.28125
31223.88;141357.421875
31223.89;141357.421875
31223.9;141113.28125
31223.91;141113.28125
31223.92;141113.28125
31223.93;141357.421875
31223.94;141113.28125
31223.95;141357.421875
31223.96;141357.421875
31223.97;141357.421875
31223.98;141113.28125
31223.99;141113.28125
31224.0;141357.421875
31224.01;141357.421875
31224.02;141113.28125
31224.03;141357.421875
31224.04;141357.421875
31224.05;141113.28125
31224.06;141357.421875
31224.07;141357.421875
31224.08;141113.28125
31224.09;141357.421875
31224.1;141113.28125
31224.11;141113.28125
31224.12;141357.421875
31224.13;141357.421875
31224.14;141357.421875
31224.15;141113.28125
31224.16;141357.421875
31224.17;141357.421875
31224.18;141357.421875
31224.19;141357.421875
31224.2;141357.421875
31224.21;141357.421875
31224.22;141113.28125
31224.23;141357.421875
31224.24;141113.28125
31224.25;141357.421875
31224.26;141357.421875
31224.27;141357.421875
31224.28;141357.421875
31224.29;141357.421875
31224.3;141357.421875
31224.31;141357.421875
31224.32;141357.421875
31224.33;141357.421875
31224.34;141357.421875
31224.35;141113.28125
31224.36;141113.28125
31224.37;141113.28125
31224.38;141357.421875
31224.39;141357.421875
31224.4;141113.28125
31224.41;141113.28125
31224.42;141113.28125
31224.43;141113.28125
31224.44;141357.421875
31224.45;141113.28125
31224.46;141113.28125
31224.47;141113.28125
31224.48;141113.28125
31224.49;141357.421875
31224.5;141113.28125
31224.51;141113.28125
31224.52;141113.28125
31224.53;141113.28125
31224.54;141357.421875
31224.55;141113.28125
31224.56;141357.421875
31224.57;141113.28125
31224.58;141113.28125
31224.59;141357.421875
31224.6;141113.28125
31224.61;141113.28125
31224.62;141357.421875
31224.63;141113.28125
31224.64;141113.28125
31224.65;141113.28125
31224.66;141357.421875
31224.67;141113.28125
31224.68;141113.28125
31224.69;141113.28125
31224.7;141113.28125
31224.71;141357.421875
31224.72;141113.28125
31224.73;141113.28125
31224.74;141113.28125
31224.75;141113.28125
31224.76;141357.421875
31224.77;141113.28125
31224.78;141113.28125
31224.79;141113.28125
31224.8;141113.28125
31224.81;141113.28125
31224.82;141113.28125
31224.83;141113.28125
31224.84;141357.421875
31224.85;141357.421875
31224.86;141113.28125
31224.87;141113.28125
31224.88;141357.421875
31224.89;141113.28125
31224.9;141113.28125
31224.91;141357.421875
31224.92;141113.28125
31224.93;141357.421875
31224.94;141113.28125
31224.95;141113.28125
31224.96;141113.28125
31224.97;141113.28125
31224.98;141113.28125
31224.99;141357.421875
31225.0;141113.28125
31225.01;141113.28125
31225.02;141113.28125
31225.03;141113.28125
31225.04;141113.28125
31225.05;141113.28125
31225.06;141113.28125
31225.07;141113.28125
31225.08;141113.28125
31225.09;141113.28125
31225.1;141357.421875
31225.11;141113.28125
31225.12;141113.28125
31225.13;141113.28125
31225.14;141113.28125
31225.15;141357.421875
31225.16;141113.28125
31225.17;141113.28125
31225.18;141113.28125
31225.19;141113.28125
31225.2;141113.28125
31225.21;141357.421875
31225.22;141113.28125
31225.23;141113.28125
31225.24;141113.28125
31225.25;141113.28125
31225.26;141113.28125
31225.27;141113.28125
31225.28;141113.28125
31225.29;141113.28125
31225.3;141113.28125
31225.31;141113.28125
31225.32;141113.28125
31225.33;141113.28125
31225.34;141113.28125
31225.35;141113.28125
31225.36;141113.28125
31225.37;141113.28125
31225.38;141113.28125
31225.39;141113.28125
31225.4;141113.28125
31225.41;141113.28125
31225.42;141357.421875
31225.43;141113.28125
31225.44;141357.421875
31225.45;141113.28125
31225.46;141357.421875
31225.47;141357.421875
31225.48;141113.28125
31225.49;141113.28125
31225.5;141357.421875
31225.51;141113.28125
31225.52;141113.28125
31225.53;141113.28125
31225.54;141113.28125
31225.55;141357.421875
31225.56;141113.28125
31225.57;141113.28125
31225.58;141113.28125
31225.59;141357.421875
31225.6;141113.28125
31225.61;141113.28125
31225.62;141113.28125
31225.63;141113.28125
31225.64;141357.421875
31225.65;141113.28125
31225.66;141113.28125
31225.67;141113.28125
31225.68;141113.28125
31225.69;141113.28125
31225.7;141113.28125
31225.71;141113.28125
31225.72;141113.28125
31225.73;141113.28125
31225.74;141113.28125
31225.75;141113.28125
31225.76;141113.28125
31225.77;141113.28125
31225.78;141113.28125
31225.79;141113.28125
31225.8;141113.28125
31225.81;141357.421875
31225.82;141113.28125
31225.83;141113.28125
31225.84;141113.28125
31225.85;141113.28125
31225.86;141357.421875
31225.87;141113.28125
31225.88;141113.28125
31225.89;141357.421875
31225.9;141113.28125
31225.91;141113.28125
31225.92;141113.28125
31225.93;141113.28125
31225.94;141113.28125
31225.95;141113.28125
31225.96;141113.28125
31225.97;141357.421875
31225.98;141113.28125
31225.99;141357.421875
31226.0;141113.28125
31226.01;141357.421875
31226.02;141113.28125
31226.03;141113.28125
31226.04;141113.28125
31226.05;141113.28125
31226.06;141357.421875
31226.07;141113.28125
31226.08;141113.28125
31226.09;141113.28125
31226.1;141113.28125
31226.11;141113.28125
31226.12;141357.421875
31226.13;141113.28125
31226.14;141113.28125
31226.15;141113.28125
31226.16;141113.28125
31226.17;141113.28125
31226.18;141357.421875
31226.19;141113.28125
31226.2;141357.421875
31226.21;141113.28125
31226.22;141357.421875
31226.23;141357.421875
31226.24;141113.28125
31226.25;141113.28125
31226.26;141113.28125
31226.27;141113.28125
31226.28;141113.28125
31226.29;141113.28125
31226.3;141357.421875
31226.31;141357.421875
31226.32;141357.421875
31226.33;141113.28125
31226.34;141357.421875
31226.35;141113.28125
31226.36;141113.28125
31226.37;141113.28125
31226.38;141357.421875
31226.39;141113.28125
31226.4;141357.421875
31226.41;141113.28125
31226.42;141357.421875
31226.43;141113.28125
31226.44;141113.28125
31226.45;141113.28125
31226.46;141357.421875
31226.47;141113.28125
31226.48;141113.28125
31226.49;141357.421875
31226.5;141357.421875
31226.51;141113.28125
31226.52;141357.421875
31226.53;141113.28125
31226.54;141113.28125
31226.55;141357.421875
31226.56;141357.421875
31226.57;141113.28125
31226.58;141113.28125
31226.59;141113.28125
31226.6;141113.28125
31226.61;141113.28125
31226.62;141357.421875
31226.63;141357.421875
31226.64;141357.421875
31226.65;141113.28125
31226.66;141357.421875
31226.67;141113.28125
31226.68;141113.28125
31226.69;141113.28125
31226.7;141357.421875
31226.71;141113.28125
31226.72;141113.28125
31226.73;141357.421875
31226.74;141113.28125
31226.75;141113.28125
31226.76;141357.421875
31226.77;141113.28125
31226.78;141113.28125
31226.79;141113.28125
31226.8;141357.421875
31226.81;141113.28125
31226.82;141113.28125
31226.83;141113.28125
31226.84;141357.421875
31226.85;141113.28125
31226.86;141357.421875
31226.87;141113.28125
31226.88;141113.28125
31226.89;141113.28125
31226.9;141113.28125
31226.91;141113.28125
31226.92;141357.421875
31226.93;141113.28125
31226.94;141113.28125
31226.95;141357.421875
31226.96;141113.28125
31226.97;141357.421875
31226.98;141113.28125
31226.99;141113.28125
31227.0;141113.28125
31227.01;141113.28125
31227.02;141113.28125
31227.03;141113.28125
31227.04;141357.421875
31227.05;141113.28125
31227.06;141113.28125
31227.07;141357.421875
31227.08;141113.28125
31227.09;141113.28125
31227.1;141113.28125
31227.11;141113.28125
31227.12;141113.28125
31227.13;141113.28125
31227.14;141357.421875
31227.15;141357.421875
31227.16;141113.28125
31227.17;141357.421875
31227.18;141113.28125
31227.19;141357.421875
31227.2;141113.28125
31227.21;141113.28125
31227.22;141357.421875
31227.23;141113.28125
31227.24;141113.28125
31227.25;141113.28125
31227.26;141113.28125
31227.27;141113.28125
31227.28;141113.28125
31227.29;141113.28125
31227.3;141357.421875
31227.31;141113.28125
31227.32;141357.421875
31227.33;141113.28125
31227.34;141357.421875
31227.35;141113.28125
31227.36;141113.28125
31227.37;141113.28125
31227.38;141357.421875
31227.39;141113.28125
31227.4;141357.421875
31227.41;141357.421875
31227.42;141357.421875
31227.43;141113.28125
31227.44;141113.28125
31227.45;141357.421875
31227.46;141357.421875
31227.47;141357.421875
31227.48;141357.421875
31227.49;141357.421875
31227.5;141113.28125
31227.51;141357.421875
31227.52;141357.421875
31227.53;141113.28125
31227.54;141113.28125
31227.55;141357.421875
31227.56;141113.28125
31227.57;141357.421875
31227.58;141113.28125
31227.59;141357.421875
31227.6;141357.421875
31227.61;141113.28125
31227.62;141357.421875
31227.63;141113.28125
31227.64;141357.421875
31227.65;141357.421875
31227.66;141113.28125
31227.67;141113.28125
31227.68;141357.421875
31227.69;141113.28125
31227.7;141113.28125
31227.71;141113.28125
31227.72;141357.421875
31227.73;141113.28125
31227.74;141357.421875
31227.75;141113.28125
31227.76;141113.28125
31227.77;141113.28125
31227.78;141357.421875
31227.79;141113.28125
31227.8;141357.421875
31227.81;141357.421875
31227.82;141113.28125
31227.83;141357.421875
31227.84;141357.421875
31227.85;141113.28125
31227.86;141113.28125
31227.87;141357.421875
31227.88;141113.28125
31227.89;141357.421875
31227.9;141357.421875
31227.91;141113.28125
31227.92;141357.421875
31227.93;141357.421875
31227.94;141357.421875
31227.95;141357.421875
31227.96;141357.421875
31227.97;141113.28125
31227.98;141113.28125
31227.99;141357.421875
31228.0;141357.421875
31228.01;141357.421875
31228.02;141357.421875
31228.03;141357.421875
31228.04;141357.421875
31228.05;141357.421875
31228.06;141357.421875
31228.07;141357.421875
31228.08;141357.421875
31228.09;141357.421875
31228.1;141113.28125
31228.11;141357.421875
31228.12;141357.421875
31228.13;141357.421875
31228.14;141357.421875
31228.15;141357.421875
31228.16;141113.28125
31228.17;141357.421875
31228.18;141113.28125
31228.19;141357.421875
31228.2;141357.421875
31228.21;141357.421875
31228.22;141357.421875
31228.23;141357.421875
31228.24;141113.28125
31228.25;141357.421875
31228.26;141357.421875
31228.27;141357.421875
31228.28;141357.421875
31228.29;141357.421875
31228.3;141357.421875
31228.31;141357.421875
31228.32;141357.421875
31228.33;141357.421875
31228.34;141357.421875
31228.35;141357.421875
31228.36;141357.421875
31228.37;141357.421875
31228.38;141357.421875
31228.39;141357.421875
31228.4;141357.421875
31228.41;141113.28125
31228.42;141357.421875
31228.43;141357.421875
31228.44;141357.421875
31228.45;141113.28125
31228.46;141357.421875
31228.47;141357.421875
31228.48;141357.421875
31228.49;141113.28125
31228.5;141357.421875
31228.51;141357.421875
31228.52;141357.421875
31228.53;141113.28125
31228.54;141357.421875
31228.55;141113.28125
31228.56;141357.421875
31228.57;141357.421875
31228.58;141113.28125
31228.59;141357.421875
31228.6;141357.421875
31228.61;141113.28125
31228.62;141357.421875
31228.63;141357.421875
31228.64;141357.421875
31228.65;141357.421875
31228.66;141357.421875
31228.67;141357.421875
31228.68;141113.28125
31228.69;141357.421875
31228.7;141113.28125
31228.71;141113.28125
31228.72;141357.421875
31228.73;141357.421875
31228.74;141113.28125
31228.75;141357.421875
31228.76;141357.421875
31228.77;141357.421875
31228.78;141113.28125
31228.79;141357.421875
31228.8;141357.421875
31228.81;141357.421875
31228.82;141357.421875
31228.83;141357.421875
31228.84;141357.421875
31228.85;141357.421875
31228.86;141357.421875
31228.87;141357.421875
31228.88;141357.421875
31228.89;141357.421875
31228.9;141357.421875
31228.91;141357.421875
31228.92;141357.421875
31228.93;141357.421875
31228.94;141113.28125
31228.95;141357.421875
31228.96;141113.28125
31228.97;141357.421875
31228.98;141357.421875
31228.99;141357.421875
31229.0;141357.421875
31229.01;141113.28125
31229.02;141357.421875
31229.03;141357.421875
31229.04;141113.28125
31229.05;141357.421875
31229.06;141357.421875
31229.07;141113.28125
31229.08;141357.421875
31229.09;141357.421875
31229.1;141113.28125
31229.11;141357.421875
31229.12;141357.421875
31229.13;141357.421875
31229.14;141357.421875
31229.15;141357.421875
31229.16;141113.28125
31229.17;141357.421875
31229.18;141357.421875
31229.19;141113.28125
31229.2;141113.28125
31229.21;141357.421875
31229.22;141357.421875
31229.23;141357.421875
31229.24;141357.421875
31229.25;141113.28125
31229.26;141357.421875
31229.27;141357.421875
31229.28;141357.421875
31229.29;141357.421875
31229.3;141357.421875
31229.31;141357.421875
31229.32;141357.421875
31229.33;141357.421875
31229.34;141357.421875
31229.35;141113.28125
31229.36;141357.421875
31229.37;141357.421875
31229.38;141357.421875
31229.39;141113.28125
31229.4;141357.421875
31229.41;141357.421875
31229.42;141357.421875
31229.43;141357.421875
31229.44;141357.421875
31229.45;141357.421875
31229.46;141113.28125
31229.47;141357.421875
31229.48;141357.421875
31229.49;141357.421875
31229.5;141357.421875
31229.51;141357.421875
31229.52;141357.421875
31229.53;141357.421875
31229.54;141357.421875
31229.55;141357.421875
31229.56;141357.421875
31229.57;141357.421875
31229.58;141357.421875
31229.59;141357.421875
31229.6;141357.421875
31229.61;141357.421875
31229.62;141357.421875
31229.63;141357.421875
31229.64;141357.421875
31229.65;141357.421875
31229.66;141357.421875
31229.67;141357.421875
31229.68;141357.421875
31229.69;141357.421875
31229.7;141357.421875
31229.71;141357.421875
31229.72;141357.421875
31229.73;141357.421875
31229.74;141357.421875
31229.75;141357.421875
31229.76;141357.421875
31229.77;141357.421875
31229.78;141357.421875
31229.79;141357.421875
31229.8;141357.421875
31229.81;141357.421875
31229.82;141357.421875
31229.83;141357.421875
31229.84;141357.421875
31229.85;141357.421875
31229.86;141357.421875
31229.87;141357.421875
31229.88;141357.421875
31229.89;141357.421875
31229.9;141357.421875
31229.91;141357.421875
31229.92;141357.421875
31229.93;141357.421875
31229.94;141357.421875
31229.95;141357.421875
31229.96;141357.421875
31229.97;141601.5625
31229.98;141357.421875
31229.99;141357.421875
31230.0;141357.421875
31230.01;141357.421875
31230.02;141357.421875
31230.03;141357.421875
31230.04;141357.421875
31230.05;141357.421875
31230.06;141357.421875
31230.07;141357.421875
31230.08;141357.421875
31230.09;141357.421875
31230.1;141357.421875
31230.11;141357.421875
31230.12;141357.421875
31230.13;141357.421875
31230.14;141357.421875
31230.15;141357.421875
31230.16;141357.421875
31230.17;141357.421875
31230.18;141357.421875
31230.19;141357.421875
31230.2;141357.421875
31230.21;141357.421875
31230.22;141601.5625
31230.23;141357.421875
31230.24;141357.421875
31230.25;141357.421875
31230.26;141601.5625
31230.27;141357.421875
31230.28;141357.421875
31230.29;141357.421875
31230.3;141601.5625
31230.31;141357.421875
31230.32;141357.421875
31230.33;141357.421875
31230.34;141357.421875
31230.35;141357.421875
31230.36;141357.421875
31230.37;141357.421875
31230.38;141357.421875
31230.39;141357.421875
31230.4;141601.5625
31230.41;141357.421875
31230.42;141601.5625
31230.43;141601.5625
31230.44;141357.421875
31230.45;141601.5625
31230.46;141357.421875
31230.47;141357.421875
31230.48;141357.421875
31230.49;141357.421875
31230.5;141357.421875
31230.51;141357.421875
31230.52;141601.5625
31230.53;141357.421875
31230.54;141357.421875
31230.55;141601.5625
31230.56;141357.421875
31230.57;141357.421875
31230.58;141357.421875
31230.59;141357.421875
31230.6;141601.5625
31230.61;141357.421875
31230.62;141601.5625
31230.63;141357.421875
31230.64;141601.5625
31230.65;141601.5625
31230.66;141357.421875
31230.67;141357.421875
31230.68;141357.421875
31230.69;141601.5625
31230.7;141357.421875
31230.71;141601.5625
31230.72;141601.5625
31230.73;141601.5625
31230.74;141601.5625
31230.75;141601.5625
31230.76;141357.421875
31230.77;141357.421875
31230.78;141357.421875
31230.79;141601.5625
31230.8;141601.5625
31230.81;141357.421875
31230.82;141601.5625
31230.83;141601.5625
31230.84;141601.5625
31230.85;141601.5625
31230.86;141601.5625
31230.87;141357.421875
31230.88;141601.5625
31230.89;141357.421875
31230.9;141601.5625
31230.91;141357.421875
31230.92;141601.5625
31230.93;141357.421875
31230.94;141601.5625
31230.95;141601.5625
31230.96;141357.421875
31230.97;141357.421875
31230.98;141601.5625
31230.99;141601.5625
31231.0;141357.421875
31231.01;141601.5625
31231.02;141601.5625
31231.03;141357.421875
31231.04;141601.5625
31231.05;141601.5625
31231.06;141601.5625
31231.07;141601.5625
31231.08;141357.421875
31231.09;141601.5625
31231.1;141601.5625
31231.11;141601.5625
31231.12;141601.5625
31231.13;141601.5625
31231.14;141601.5625
31231.15;141601.5625
31231.16;141601.5625
31231.17;141601.5625
31231.18;141601.5625
31231.19;141601.5625
31231.2;141601.5625
31231.21;141601.5625
31231.22;141601.5625
31231.23;141601.5625
31231.24;141601.5625
31231.25;141601.5625
31231.26;141601.5625
31231.27;141601.5625
31231.28;141601.5625
31231.29;141601.5625
31231.3;141601.5625
31231.31;141601.5625
31231.32;141601.5625
31231.33;141601.5625
31231.34;141601.5625
31231.35;141601.5625
31231.36;141601.5625
31231.37;141601.5625
31231.38;141601.5625
31231.39;141601.5625
31231.4;141601.5625
31231.41;141601.5625
31231.42;141601.5625
31231.43;141601.5625
31231.44;141601.5625
31231.45;141601.5625
31231.46;141601.5625
31231.47;141601.5625
31231.48;141601.5625
31231.49;141601.5625
31231.5;141601.5625
31231.51;141601.5625
31231.52;141601.5625
31231.53;141601.5625
31231.54;141601.5625
31231.55;141601.5625
31231.56;141601.5625
31231.57;141601.5625
31231.58;141601.5625
31231.59;141601.5625
31231.6;141601.5625
31231.61;141601.5625
31231.62;141601.5625
31231.63;141601.5625
31231.64;141601.5625
31231.65;141601.5625
31231.66;141845.703125
31231.67;141601.5625
31231.68;141601.5625
31231.69;141601.5625
31231.7;141601.5625
31231.71;141601.5625
31231.72;141601.5625
31231.73;141601.5625
31231.74;141601.5625
31231.75;141601.5625
31231.76;141601.5625
31231.77;141601.5625
31231.78;141601.5625
31231.79;141601.5625
31231.8;141601.5625
31231.81;141601.5625
31231.82;141601.5625
31231.83;141601.5625
31231.84;141601.5625
31231.85;141601.5625
31231.86;141601.5625
31231.87;141601.5625
31231.88;141601.5625
31231.89;141601.5625
31231.9;141601.5625
31231.91;141601.5625
31231.92;141601.5625
31231.93;141601.5625
31231.94;141601.5625
31231.95;141601.5625
31231.96;141601.5625
31231.97;141601.5625
31231.98;141601.5625
31231.99;141601.5625
31232.0;141601.5625
31232.01;141845.703125
31232.02;141601.5625
31232.03;141601.5625
31232.04;141601.5625
31232.05;141601.5625
31232.06;141601.5625
31232.07;141601.5625
31232.08;141601.5625
31232.09;141601.5625
31232.1;141845.703125
31232.11;141601.5625
31232.12;141601.5625
31232.13;141601.5625
31232.14;141601.5625
31232.15;141601.5625
31232.16;141601.5625
31232.17;141601.5625
31232.18;141601.5625
31232.19;141601.5625
31232.2;141601.5625
31232.21;141601.5625
31232.22;141601.5625
31232.23;141601.5625
31232.24;141601.5625
31232.25;141601.5625
31232.26;141601.5625
31232.27;141601.5625
31232.28;141601.5625
31232.29;141601.5625
31232.3;141601.5625
31232.31;141845.703125
31232.32;141601.5625
31232.33;141601.5625
31232.34;141601.5625
31232.35;141601.5625
31232.36;141601.5625
31232.37;141601.5625
31232.38;141601.5625
31232.39;141601.5625
31232.4;141601.5625
31232.41;141601.5625
31232.42;141601.5625
31232.43;141601.5625
31232.44;141601.5625
31232.45;141601.5625
31232.46;141601.5625
31232.47;141601.5625
31232.48;141601.5625
31232.49;141601.5625
31232.5;141601.5625
31232.51;141601.5625
31232.52;141601.5625
31232.53;141601.5625
31232.54;141601.5625
31232.55;141601.5625
31232.56;141601.5625
31232.57;141601.5625
31232.58;141601.5625
31232.59;141601.5625
31232.6;141601.5625
31232.61;141601.5625
31232.62;141601.5625
31232.63;141601.5625
31232.64;141601.5625
31232.65;141601.5625
31232.66;141601.5625
31232.67;141601.5625
31232.68;141601.5625
31232.69;141601.5625
31232.7;141601.5625
31232.71;141601.5625
31232.72;141601.5625
31232.73;141601.5625
31232.74;141601.5625
31232.75;141601.5625
31232.76;141601.5625
31232.77;141601.5625
31232.78;141601.5625
31232.79;141601.5625
31232.8;141601.5625
31232.81;141601.5625
31232.82;141601.5625
31232.83;141601.5625
31232.84;141601.5625
31232.85;141601.5625
31232.86;141601.5625
31232.87;141601.5625
31232.88;141601.5625
31232.89;141601.5625
31232.9;141601.5625
31232.91;141601.5625
31232.92;141601.5625
31232.93;141601.5625
31232.94;141601.5625
31232.95;141601.5625
31232.96;141601.5625
31232.97;141601.5625
31232.98;141601.5625
31232.99;141601.5625
31233.0;141601.5625
31233.01;141601.5625
31233.02;141601.5625
31233.03;141601.5625
31233.04;141601.5625
31233.05;141601.5625
31233.06;141601.5625
31233.07;141601.5625
31233.08;141601.5625
31233.09;141601.5625
31233.1;141601.5625
31233.11;141601.5625
31233.12;141601.5625
31233.13;141601.5625
31233.14;141601.5625
31233.15;141601.5625
31233.16;141601.5625
31233.17;141601.5625
31233.18;141601.5625
31233.19;141601.5625
31233.2;141601.5625
31233.21;141601.5625
31233.22;141601.5625
31233.23;141601.5625
31233.24;141601.5625
31233.25;141601.5625
31233.26;141601.5625
31233.27;141601.5625
31233.28;141601.5625
31233.29;141601.5625
31233.3;141601.5625
31233.31;141601.5625
31233.32;141601.5625
31233.33;141601.5625
31233.34;141601.5625
31233.35;141601.5625
31233.36;141601.5625
31233.37;141601.5625
31233.38;141601.5625
31233.39;141601.5625
31233.4;141601.5625
31233.41;141601.5625
31233.42;141601.5625
31233.43;141601.5625
31233.44;141601.5625
31233.45;141601.5625
31233.46;141601.5625
31233.47;141601.5625
31233.48;141601.5625
31233.49;141601.5625
31233.5;141601.5625
31233.51;141601.5625
31233.52;141601.5625
31233.53;141601.5625
31233.54;141601.5625
31233.55;141601.5625
31233.56;141601.5625
31233.57;141601.5625
31233.58;141601.5625
31233.59;141601.5625
31233.6;141601.5625
31233.61;141601.5625
31233.62;141601.5625
31233.63;141601.5625
31233.64;141601.5625
31233.65;141601.5625
31233.66;141601.5625
31233.67;141601.5625
31233.68;141601.5625
31233.69;141601.5625
31233.7;141601.5625
31233.71;141601.5625
31233.72;141845.703125
31233.73;141601.5625
31233.74;141601.5625
31233.75;141601.5625
31233.76;141601.5625
31233.77;141601.5625
31233.78;141601.5625
31233.79;141601.5625
31233.8;141601.5625
31233.81;141601.5625
31233.82;141601.5625
31233.83;141601.5625
31233.84;141601.5625
31233.85;141845.703125
31233.86;141601.5625
31233.87;141601.5625
31233.88;141601.5625
31233.89;141601.5625
31233.9;141601.5625
31233.91;141601.5625
31233.92;141601.5625
31233.93;141601.5625
31233.94;141601.5625
31233.95;141601.5625
31233.96;141601.5625
31233.97;141601.5625
31233.98;141601.5625
31233.99;141601.5625
31234.0;141601.5625
31234.01;141601.5625
31234.02;141601.5625
31234.03;141601.5625
31234.04;141601.5625
31234.05;141601.5625
31234.06;141845.703125
31234.07;141601.5625
31234.08;141601.5625
31234.09;141601.5625
31234.1;141601.5625
31234.11;141601.5625
31234.12;141601.5625
31234.13;141601.5625
31234.14;141601.5625
31234.15;141601.5625
31234.16;141601.5625
31234.17;141601.5625
31234.18;141601.5625
31234.19;141601.5625
31234.2;141601.5625
31234.21;141601.5625
31234.22;141601.5625
31234.23;141601.5625
31234.24;141601.5625
31234.25;141601.5625
31234.26;141601.5625
31234.27;141601.5625
31234.28;141601.5625
31234.29;141601.5625
31234.3;141601.5625
31234.31;141601.5625
31234.32;141601.5625
31234.33;141601.5625
31234.34;141601.5625
31234.35;141601.5625
31234.36;141601.5625
31234.37;141845.703125
31234.38;141601.5625
31234.39;141601.5625
31234.4;141601.5625
31234.41;141601.5625
31234.42;141601.5625
31234.43;141601.5625
31234.44;141601.5625
31234.45;141601.5625
31234.46;141601.5625
31234.47;141601.5625
31234.48;141601.5625
31234.49;141601.5625
31234.5;141601.5625
31234.51;141601.5625
31234.52;141601.5625
31234.53;141601.5625
31234.54;141601.5625
31234.55;141601.5625
31234.56;141601.5625
31234.57;141601.5625
31234.58;141601.5625
31234.59;141601.5625
31234.6;141601.5625
31234.61;141601.5625
31234.62;141601.5625
31234.63;141601.5625
31234.64;141601.5625
31234.65;141601.5625
31234.66;141601.5625
31234.67;141601.5625
31234.68;141601.5625
31234.69;141601.5625
31234.7;141601.5625
31234.71;141601.5625
31234.72;141601.5625
31234.73;141601.5625
31234.74;141601.5625
31234.75;141601.5625
31234.76;141601.5625
31234.77;141601.5625
31234.78;141845.703125
31234.79;141601.5625
31234.8;141601.5625
31234.81;141601.5625
31234.82;141601.5625
31234.83;141601.5625
31234.84;141601.5625
31234.85;141601.5625
31234.86;141601.5625
31234.87;141601.5625
31234.88;141601.5625
31234.89;141601.5625
31234.9;141601.5625
31234.91;141601.5625
31234.92;141601.5625
31234.93;141601.5625
31234.94;141601.5625
31234.95;141601.5625
31234.96;141601.5625
31234.97;141601.5625
31234.98;141601.5625
31234.99;141601.5625
31235.0;141601.5625
31235.01;141601.5625
31235.02;141601.5625
31235.03;141601.5625
31235.04;141601.5625
31235.05;141601.5625
31235.06;141601.5625
31235.07;141601.5625
31235.08;141601.5625
31235.09;141601.5625
31235.1;141601.5625
31235.11;141601.5625
31235.12;141601.5625
31235.13;141601.5625
31235.14;141601.5625
31235.15;141601.5625
31235.16;141601.5625
31235.17;141601.5625
31235.18;141601.5625
31235.19;141601.5625
31235.2;141601.5625
31235.21;141845.703125
31235.22;141601.5625
31235.23;141601.5625
31235.24;141601.5625
31235.25;141601.5625
31235.26;141601.5625
31235.27;141601.5625
31235.28;141601.5625
31235.29;141601.5625
31235.3;141601.5625
31235.31;141601.5625
31235.32;141601.5625
31235.33;141601.5625
31235.34;141601.5625
31235.35;141601.5625
31235.36;141601.5625
31235.37;141601.5625
31235.38;141601.5625
31235.39;141601.5625
31235.4;141601.5625
31235.41;141601.5625
31235.42;141601.5625
31235.43;141601.5625
31235.44;141601.5625
31235.45;141601.5625
31235.46;141601.5625
31235.47;141601.5625
31235.48;141601.5625
31235.49;141601.5625
31235.5;141601.5625
31235.51;141601.5625
31235.52;141601.5625
31235.53;141601.5625
31235.54;141601.5625
31235.55;141601.5625
31235.56;141601.5625
31235.57;141601.5625
31235.58;141601.5625
31235.59;141601.5625
31235.6;141601.5625
31235.61;141601.5625
31235.62;141601.5625
31235.63;141601.5625
31235.64;141601.5625
31235.65;141601.5625
31235.66;141601.5625
31235.67;141601.5625
31235.68;141601.5625
31235.69;141601.5625
31235.7;141601.5625
31235.71;141601.5625
31235.72;141601.5625
31235.73;141601.5625
31235.74;141601.5625
31235.75;141601.5625
31235.76;141601.5625
31235.77;141601.5625
31235.78;141601.5625
31235.79;141601.5625
31235.8;141601.5625
31235.81;141601.5625
31235.82;141601.5625
31235.83;141601.5625
31235.84;141601.5625
31235.85;141601.5625
31235.86;141601.5625
31235.87;141601.5625
31235.88;141601.5625
31235.89;141845.703125
31235.9;141601.5625
31235.91;141601.5625
31235.92;141601.5625
31235.93;141601.5625
31235.94;141601.5625
31235.95;141601.5625
31235.96;141601.5625
31235.97;141601.5625
31235.98;141601.5625
31235.99;141601.5625
31236.0;141601.5625
31236.01;141601.5625
31236.02;141601.5625
31236.03;141601.5625
31236.04;141601.5625
31236.05;141601.5625
31236.06;141601.5625
31236.07;141601.5625
31236.08;141601.5625
31236.09;141601.5625
31236.1;141601.5625
31236.11;141601.5625
31236.12;141601.5625
31236.13;141601.5625
31236.14;141601.5625
31236.15;141601.5625
31236.16;141601.5625
31236.17;141601.5625
31236.18;141601.5625
31236.19;141601.5625
31236.2;141601.5625
31236.21;141601.5625
31236.22;141601.5625
31236.23;141601.5625
31236.24;141601.5625
31236.25;141601.5625
31236.26;141601.5625
31236.27;141601.5625
31236.28;141601.5625
31236.29;141845.703125
31236.3;141601.5625
31236.31;141601.5625
31236.32;141601.5625
31236.33;141601.5625
31236.34;141601.5625
31236.35;141601.5625
31236.36;141601.5625
31236.37;141601.5625
31236.38;141601.5625
31236.39;141601.5625
31236.4;141601.5625
31236.41;141357.421875
31236.42;141601.5625
31236.43;141601.5625
31236.44;141601.5625
31236.45;141601.5625
31236.46;141601.5625
31236.47;141601.5625
31236.48;141601.5625
31236.49;141357.421875
31236.5;141601.5625
31236.51;141601.5625
31236.52;141357.421875
31236.53;141601.5625
31236.54;141601.5625
31236.55;141601.5625
31236.56;141357.421875
31236.57;141601.5625
31236.58;141601.5625
31236.59;141601.5625
31236.6;141601.5625
31236.61;143066.40625
31236.62;223144.53125
31236.63;156494.140625
31236.64;140625.0
31236.65;143310.546875
31236.66;142333.984375
31236.67;142333.984375
31236.68;174804.6875
31236.69;213623.046875
31236.7;133544.921875
31236.71;145263.671875
31236.72;142333.984375
31236.73;142578.125
31236.74;144042.96875
31236.75;224609.375
31236.76;156982.421875
31236.77;140869.140625
31236.78;143798.828125
31236.79;142578.125
31236.8;142333.984375
31236.81;142333.984375
31236.82;142089.84375
31236.83;141845.703125
31236.84;141845.703125
31236.85;141845.703125
31236.86;141601.5625
31236.87;143554.6875
31236.88;224121.09375
31236.89;156494.140625
31236.9;140625.0
31236.91;143310.546875
31236.92;142333.984375
31236.93;142333.984375
31236.94;142333.984375
31236.95;142089.84375
31236.96;141845.703125
31236.97;141845.703125
31236.98;141845.703125
31236.99;141601.5625
31237.0;143554.6875
31237.01;224121.09375
31237.02;156494.140625
31237.03;140625.0
31237.04;143554.6875
31237.05;142333.984375
31237.06;142333.984375
31237.07;142089.84375
31237.08;142089.84375
31237.09;141845.703125
31237.1;141845.703125
31237.11;141601.5625
31237.12;141601.5625
31237.13;143310.546875
31237.14;224121.09375
31237.15;156494.140625
31237.16;140625.0
31237.17;143310.546875
31237.18;142333.984375
31237.19;142333.984375
31237.2;142089.84375
31237.21;142089.84375
31237.22;141845.703125
31237.23;141845.703125
31237.24;141601.5625
31237.25;141601.5625
31237.26;143554.6875
31237.27;224121.09375
31237.28;156494.140625
31237.29;140625.0
31237.3;143310.546875
31237.31;142333.984375
31237.32;142333.984375
31237.33;175048.828125
31237.34;213623.046875
31237.35;133544.921875
31237.36;145263.671875
31237.37;142333.984375
31237.38;142578.125
31237.39;144042.96875
31237.4;224609.375
31237.41;156738.28125
31237.42;140869.140625
31237.43;143798.828125
31237.44;142333.984375
31237.45;142333.984375
31237.46;175048.828125
31237.47;213623.046875
31237.48;133544.921875
31237.49;145263.671875
31237.5;142578.125
31237.51;142578.125
31237.52;144042.96875
31237.53;224853.515625
31237.54;156738.28125
31237.55;140869.140625
31237.56;143554.6875
31237.57;142578.125
31237.58;142333.984375
31237.59;175048.828125
31237.6;213867.1875
31237.61;133789.0625
31237.62;145263.671875
31237.63;142578.125
31237.64;142578.125
31237.65;144042.96875
31237.66;224609.375
31237.67;156738.28125
31237.68;140869.140625
31237.69;143798.828125
31237.7;142578.125
31237.71;142578.125
31237.72;175292.96875
31237.73;213623.046875
31237.74;133544.921875
31237.75;145263.671875
31237.76;142333.984375
31237.77;142578.125
31237.78;144042.96875
31237.79;224853.515625
31237.8;156738.28125
31237.81;140869.140625
31237.82;143554.6875
31237.83;142578.125
31237.84;142333.984375
31237.85;142089.84375
31237.86;142089.84375
31237.87;142089.84375
31237.88;141845.703125
31237.89;141845.703125
31237.9;141601.5625
31237.91;143310.546875
31237.92;224121.09375
31237.93;156250.0
31237.94;140625.0
31237.95;143310.546875
31237.96;142333.984375
31237.97;142333.984375
31237.98;142089.84375
31237.99;141845.703125
31238.0;141845.703125
31238.01;141601.5625
31238.02;141845.703125
31238.03;141601.5625
31238.04;143310.546875
31238.05;224121.09375
31238.06;156494.140625
31238.07;140380.859375
31238.08;143310.546875
31238.09;142333.984375
31238.1;142333.984375
31238.11;142089.84375
31238.12;141845.703125
31238.13;141845.703125
31238.14;141601.5625
31238.15;141601.5625
31238.16;141601.5625
31238.17;143310.546875
31238.18;224121.09375
31238.19;156250.0
31238.2;140625.0
31238.21;143310.546875
31238.22;142089.84375
31238.23;142089.84375
31238.24;141845.703125
31238.25;141845.703125
31238.26;141845.703125
31238.27;141601.5625
31238.28;141601.5625
31238.29;141601.5625
31238.3;143310.546875
31238.31;224121.09375
31238.32;156250.0
31238.33;140380.859375
31238.34;143310.546875
31238.35;142333.984375
31238.36;142089.84375
31238.37;141845.703125
31238.38;141845.703125
31238.39;141601.5625
31238.4;141845.703125
31238.41;141601.5625
31238.42;141601.5625
31238.43;143310.546875
31238.44;224121.09375
31238.45;156005.859375
31238.46;140625.0
31238.47;143310.546875
31238.48;142089.84375
31238.49;142089.84375
31238.5;142089.84375
31238.51;141845.703125
31238.52;141601.5625
31238.53;141601.5625
31238.54;141601.5625
31238.55;141601.5625
31238.56;143310.546875
31238.57;224121.09375
31238.58;156250.0
31238.59;140625.0
31238.6;143066.40625
31238.61;142333.984375
31238.62;142089.84375
31238.63;141845.703125
31238.64;141845.703125
31238.65;141601.5625
31238.66;141601.5625
31238.67;141601.5625
31238.68;141357.421875
31238.69;143310.546875
31238.7;223876.953125
31238.71;156005.859375
31238.72;140380.859375
31238.73;143310.546875
31238.74;142089.84375
31238.75;142089.84375
31238.76;141845.703125
31238.77;141845.703125
31238.78;141601.5625
31238.79;141601.5625
31238.8;141601.5625
31238.81;141357.421875
31238.82;141357.421875
31238.83;141357.421875
31238.84;141357.421875
31238.85;141357.421875
31238.86;141357.421875
31238.87;141357.421875
31238.88;141357.421875
31238.89;141357.421875
31238.9;141357.421875
31238.91;141357.421875
31238.92;141357.421875
31238.93;141357.421875
31238.94;141357.421875
31238.95;141357.421875
31238.96;141357.421875
31238.97;141357.421875
31238.98;141357.421875
31238.99;141357.421875
31239.0;141357.421875
31239.01;141357.421875
31239.02;141357.421875
31239.03;141357.421875
31239.04;141357.421875
31239.05;141357.421875
31239.06;141357.421875
31239.07;141357.421875
31239.08;141113.28125
31239.09;141357.421875
31239.1;141357.421875
31239.11;141357.421875
31239.12;141357.421875
31239.13;141357.421875
31239.14;141357.421875
31239.15;141357.421875
31239.16;141357.421875
31239.17;141357.421875
31239.18;141357.421875
31239.19;141357.421875
31239.2;141113.28125
31239.21;141357.421875
31239.22;141113.28125
31239.23;141357.421875
31239.24;141357.421875
31239.25;141357.421875
31239.26;141357.421875
31239.27;141113.28125
31239.28;141113.28125
31239.29;141357.421875
31239.3;141357.421875
31239.31;141357.421875
31239.32;141113.28125
31239.33;141357.421875
31239.34;141113.28125
31239.35;141357.421875
31239.36;141357.421875
31239.37;141357.421875
31239.38;141113.28125
31239.39;141357.421875
31239.4;141357.421875
31239.41;141113.28125
31239.42;141357.421875
31239.43;141357.421875
31239.44;141357.421875
31239.45;141357.421875
31239.46;141113.28125
31239.47;141357.421875
31239.48;141357.421875
31239.49;141357.421875
31239.5;141357.421875
31239.51;141113.28125
31239.52;141357.421875
31239.53;141357.421875
31239.54;141357.421875
31239.55;141113.28125
31239.56;141357.421875
31239.57;141357.421875
31239.58;141357.421875
31239.59;141357.421875
31239.6;141357.421875
31239.61;141113.28125
31239.62;141357.421875
31239.63;141357.421875
31239.64;141357.421875
31239.65;141357.421875
31239.66;141357.421875
31239.67;141113.28125
31239.68;141357.421875
31239.69;141357.421875
31239.7;141357.421875
31239.71;141113.28125
31239.72;141357.421875
31239.73;141357.421875
31239.74;141357.421875
31239.75;141357.421875
31239.76;141357.421875
31239.77;141113.28125
31239.78;141357.421875
31239.79;141113.28125
31239.8;141357.421875
31239.81;141113.28125
31239.82;141357.421875
31239.83;141357.421875
31239.84;141113.28125
31239.85;141357.421875
31239.86;141113.28125
31239.87;141357.421875
31239.88;141357.421875
31239.89;141113.28125
31239.9;141113.28125
31239.91;141357.421875
31239.92;141357.421875
31239.93;141357.421875
31239.94;141113.28125
31239.95;141113.28125
31239.96;141113.28125
31239.97;141357.421875
31239.98;141113.28125
31239.99;141357.421875
31240.0;141113.28125
31240.01;141357.421875
31240.02;141357.421875
31240.03;141113.28125
31240.04;141357.421875
31240.05;141357.421875
31240.06;141357.421875
31240.07;141113.28125
31240.08;141357.421875
31240.09;141357.421875
31240.1;141113.28125
31240.11;141357.421875
31240.12;141357.421875
31240.13;141357.421875
31240.14;141113.28125
31240.15;141357.421875
31240.16;141357.421875
31240.17;141357.421875
31240.18;141357.421875
31240.19;141357.421875
31240.2;141113.28125
31240.21;141357.421875
31240.22;141113.28125
31240.23;141357.421875
31240.24;141357.421875
31240.25;141113.28125
31240.26;141357.421875
31240.27;141357.421875
31240.28;141113.28125
31240.29;141357.421875
31240.3;141357.421875
31240.31;141357.421875
31240.32;141113.28125
31240.33;141357.421875
31240.34;141113.28125
31240.35;141113.28125
31240.36;141357.421875
31240.37;141357.421875
31240.38;141357.421875
31240.39;141113.28125
31240.4;141357.421875
31240.41;141113.28125
31240.42;141113.28125
31240.43;141113.28125
31240.44;141113.28125
31240.45;141113.28125
31240.46;141113.28125
31240.47;141113.28125
31240.48;141113.28125
31240.49;141113.28125
31240.5;141113.28125
31240.51;141113.28125
31240.52;141113.28125
31240.53;141113.28125
31240.54;141113.28125
31240.55;141113.28125
31240.56;141113.28125
31240.57;141113.28125
31240.58;141113.28125
31240.59;141357.421875
31240.6;141113.28125
31240.61;141113.28125
31240.62;141113.28125
31240.63;141113.28125
31240.64;141113.28125
31240.65;141113.28125
31240.66;141113.28125
31240.67;141113.28125
31240.68;141357.421875
31240.69;141113.28125
31240.7;141113.28125
31240.71;141357.421875
31240.72;141113.28125
31240.73;141113.28125
31240.74;141113.28125
31240.75;141113.28125
31240.76;141113.28125
31240.77;141113.28125
31240.78;141113.28125
31240.79;141113.28125
31240.8;141113.28125
31240.81;141113.28125
31240.82;141113.28125
31240.83;141357.421875
31240.84;141113.28125
31240.85;141113.28125
31240.86;141357.421875
31240.87;141113.28125
31240.88;141113.28125
31240.89;141113.28125
31240.9;141113.28125
31240.91;141113.28125
31240.92;141113.28125
31240.93;141357.421875
31240.94;141113.28125
31240.95;141113.28125
31240.96;141113.28125
31240.97;141113.28125
31240.98;141113.28125
31240.99;141113.28125
31241.0;141113.28125
31241.01;141113.28125
31241.02;141113.28125
31241.03;141357.421875
31241.04;141113.28125
31241.05;141113.28125
31241.06;141113.28125
31241.07;141113.28125
31241.08;141113.28125
31241.09;141113.28125
31241.1;141113.28125
31241.11;141113.28125
31241.12;141113.28125
31241.13;141113.28125
31241.14;141113.28125
31241.15;141113.28125
31241.16;141113.28125
31241.17;141113.28125
31241.18;141113.28125
31241.19;141113.28125
31241.2;141113.28125
31241.21;141113.28125
31241.22;141113.28125
31241.23;141113.28125
31241.24;141113.28125
31241.25;141113.28125
31241.26;141113.28125
31241.27;141113.28125
31241.28;141113.28125
31241.29;141113.28125
31241.3;141113.28125
31241.31;141113.28125
31241.32;141113.28125
31241.33;141113.28125
31241.34;141113.28125
31241.35;141113.28125
31241.36;141357.421875
31241.37;141113.28125
31241.38;141113.28125
31241.39;141113.28125
31241.4;141113.28125
31241.41;141113.28125
31241.42;141113.28125
31241.43;141357.421875
31241.44;141113.28125
31241.45;141113.28125
31241.46;141113.28125
31241.47;141357.421875
31241.48;141113.28125
31241.49;141113.28125
31241.5;141113.28125
31241.51;141113.28125
31241.52;141113.28125
31241.53;141113.28125
31241.54;141113.28125
31241.55;141113.28125
31241.56;141113.28125
31241.57;141113.28125
31241.58;141357.421875
31241.59;141113.28125
31241.6;141113.28125
31241.61;141113.28125
31241.62;141113.28125
31241.63;141113.28125
31241.64;141113.28125
31241.65;141113.28125
31241.66;141113.28125
31241.67;141357.421875
31241.68;141113.28125
31241.69;141113.28125
31241.7;141113.28125
31241.71;141113.28125
31241.72;141113.28125
31241.73;141113.28125
31241.74;141113.28125
31241.75;141113.28125
31241.76;141113.28125
31241.77;141113.28125
31241.78;141113.28125
31241.79;141357.421875
31241.8;141357.421875
31241.81;141113.28125
31241.82;141357.421875
31241.83;141113.28125
31241.84;141113.28125
31241.85;141113.28125
31241.86;141357.421875
31241.87;141113.28125
31241.88;141113.28125
31241.89;141113.28125
31241.9;141113.28125
31241.91;141357.421875
31241.92;141113.28125
31241.93;141357.421875
31241.94;141113.28125
31241.95;141113.28125
31241.96;141113.28125
31241.97;141113.28125
31241.98;141113.28125
31241.99;141113.28125
31242.0;141113.28125
31242.01;141357.421875
31242.02;141357.421875
31242.03;141113.28125
31242.04;141113.28125
31242.05;141113.28125
31242.06;141357.421875
31242.07;141113.28125
31242.08;141113.28125
31242.09;141113.28125
31242.1;141113.28125
31242.11;141113.28125
31242.12;141113.28125
31242.13;141113.28125
31242.14;141113.28125
31242.15;141357.421875
31242.16;141113.28125
31242.17;141113.28125
31242.18;141357.421875
31242.19;141113.28125
31242.2;141113.28125
31242.21;141357.421875
31242.22;141113.28125
31242.23;141113.28125
31242.24;141113.28125
31242.25;141113.28125
31242.26;141357.421875
31242.27;141113.28125
31242.28;141113.28125
31242.29;141113.28125
31242.3;141113.28125
31242.31;141357.421875
31242.32;141113.28125
31242.33;141113.28125
31242.34;141357.421875
31242.35;141113.28125
31242.36;141113.28125
31242.37;141357.421875
31242.38;141113.28125
31242.39;141113.28125
31242.4;141113.28125
31242.41;141113.28125
31242.42;141113.28125
31242.43;141113.28125
31242.44;141113.28125
31242.45;141113.28125
31242.46;141357.421875
31242.47;141113.28125
31242.48;141113.28125
31242.49;141113.28125
31242.5;141113.28125
31242.51;141113.28125
31242.52;141113.28125
31242.53;141357.421875
31242.54;141357.421875
31242.55;141113.28125
31242.56;141357.421875
31242.57;141113.28125
31242.58;141113.28125
31242.59;141113.28125
31242.6;141357.421875
31242.61;141113.28125
31242.62;141113.28125
31242.63;141357.421875
31242.64;141113.28125
31242.65;141357.421875
31242.66;141113.28125
31242.67;141113.28125
31242.68;141113.28125
31242.69;141113.28125
31242.7;141113.28125
31242.71;141113.28125
31242.72;141113.28125
31242.73;141113.28125
31242.74;141113.28125
31242.75;141113.28125
31242.76;141113.28125
31242.77;141113.28125
31242.78;141113.28125
31242.79;141357.421875
31242.8;141113.28125
31242.81;141357.421875
31242.82;141113.28125
31242.83;141113.28125
31242.84;141113.28125
31242.85;141357.421875
31242.86;141113.28125
31242.87;141113.28125
31242.88;141357.421875
31242.89;141113.28125
31242.9;141113.28125
31242.91;141113.28125
31242.92;141113.28125
31242.93;141113.28125
31242.94;141113.28125
31242.95;141357.421875
31242.96;141113.28125
31242.97;141113.28125
31242.98;141113.28125
31242.99;141113.28125
31243.0;141113.28125
31243.01;141113.28125
31243.02;141113.28125
31243.03;141357.421875
31243.04;141113.28125
31243.05;141113.28125
31243.06;141113.28125
31243.07;141357.421875
31243.08;141113.28125
31243.09;141357.421875
31243.1;141357.421875
31243.11;141113.28125
31243.12;141113.28125
31243.13;141113.28125
31243.14;141113.28125
31243.15;141113.28125
31243.16;141113.28125
31243.17;141113.28125
31243.18;141113.28125
31243.19;141113.28125
31243.2;141113.28125
31243.21;141113.28125
31243.22;141357.421875
31243.23;141113.28125
31243.24;141113.28125
31243.25;141113.28125
31243.26;141113.28125
31243.27;141113.28125
31243.28;141357.421875
31243.29;141113.28125
31243.3;141357.421875
31243.31;141113.28125
31243.32;141357.421875
31243.33;141113.28125
31243.34;141113.28125
31243.35;141113.28125
31243.36;141113.28125
31243.37;141113.28125
31243.38;141113.28125
31243.39;141113.28125
31243.4;141357.421875
31243.41;141113.28125
31243.42;141113.28125
31243.43;141113.28125
31243.44;141357.421875
31243.45;141357.421875
31243.46;141357.421875
31243.47;141357.421875
31243.48;141113.28125
31243.49;141357.421875
31243.5;141113.28125
31243.51;141357.421875
31243.52;141113.28125
31243.53;141357.421875
31243.54;141113.28125
31243.55;141357.421875
31243.56;141357.421875
31243.57;141357.421875
31243.58;141113.28125
31243.59;141113.28125
31243.6;141113.28125
31243.61;141357.421875
31243.62;141113.28125
31243.63;141357.421875
31243.64;141113.28125
31243.65;141113.28125
31243.66;141357.421875
31243.67;141113.28125
31243.68;141113.28125
31243.69;141113.28125
31243.7;141113.28125
31243.71;141113.28125
31243.72;141357.421875
31243.73;141357.421875
31243.74;141113.28125
31243.75;141357.421875
31243.76;141113.28125
31243.77;141113.28125
31243.78;141357.421875
31243.79;141113.28125
31243.8;141113.28125
31243.81;141357.421875
31243.82;141113.28125
31243.83;141357.421875
31243.84;141113.28125
31243.85;141113.28125
31243.86;141113.28125
31243.87;141113.28125
31243.88;141357.421875
31243.89;141357.421875
31243.9;141113.28125
31243.91;141357.421875
31243.92;141113.28125
31243.93;141357.421875
31243.94;141357.421875
31243.95;141113.28125
31243.96;141357.421875
31243.97;141113.28125
31243.98;141357.421875
31243.99;141113.28125
31244.0;141357.421875
31244.01;141357.421875
31244.02;141113.28125
31244.03;141357.421875
31244.04;141113.28125
31244.05;141113.28125
31244.06;141357.421875
31244.07;141357.421875
31244.08;141113.28125
31244.09;141113.28125
31244.1;141113.28125
31244.11;141113.28125
31244.12;141113.28125
31244.13;141357.421875
31244.14;141113.28125
31244.15;141357.421875
31244.16;141357.421875
31244.17;141113.28125
31244.18;141357.421875
31244.19;141357.421875
31244.2;141113.28125
31244.21;141357.421875
31244.22;141357.421875
31244.23;141357.421875
31244.24;141113.28125
31244.25;141113.28125
31244.26;141357.421875
31244.27;141357.421875
31244.28;141113.28125
31244.29;141357.421875
31244.3;141113.28125
31244.31;141357.421875
31244.32;141357.421875
31244.33;141357.421875
31244.34;141113.28125
31244.35;141113.28125
31244.36;141357.421875
31244.37;141113.28125
31244.38;141113.28125
31244.39;141357.421875
31244.4;141113.28125
31244.41;141113.28125
31244.42;141113.28125
31244.43;141113.28125
31244.44;141113.28125
31244.45;141113.28125
31244.46;141113.28125
31244.47;141113.28125
31244.48;141113.28125
31244.49;141113.28125
31244.5;141113.28125
31244.51;141113.28125
31244.52;141113.28125
31244.53;141113.28125
31244.54;141113.28125
31244.55;141113.28125
31244.56;141113.28125
31244.57;141357.421875
31244.58;141113.28125
31244.59;141113.28125
31244.6;141113.28125
31244.61;141113.28125
31244.62;141113.28125
31244.63;141113.28125
31244.64;141113.28125
31244.65;141113.28125
31244.66;141113.28125
31244.67;141113.28125
31244.68;141113.28125
31244.69;141113.28125
31244.7;141113.28125
31244.71;141113.28125
31244.72;141113.28125
31244.73;141113.28125
31244.74;141113.28125
31244.75;141113.28125
31244.76;141113.28125
31244.77;141113.28125
31244.78;141113.28125
31244.79;141113.28125
31244.8;141113.28125
31244.81;141113.28125
31244.82;141113.28125
31244.83;141113.28125
31244.84;141113.28125
31244.85;141113.28125
31244.86;141113.28125
31244.87;141113.28125
31244.88;141113.28125
31244.89;141113.28125
31244.9;141113.28125
31244.91;141113.28125
31244.92;141113.28125
31244.93;141113.28125
31244.94;141357.421875
31244.95;141113.28125
31244.96;141113.28125
31244.97;141113.28125
31244.98;141113.28125
31244.99;141113.28125
31245.0;141113.28125
31245.01;141113.28125
31245.02;141113.28125
31245.03;141113.28125
31245.04;141113.28125
31245.05;141113.28125
31245.06;141113.28125
31245.07;141357.421875
31245.08;141113.28125
31245.09;141113.28125
31245.1;141113.28125
31245.11;141113.28125
31245.12;141113.28125
31245.13;141113.28125
31245.14;141113.28125
31245.15;141113.28125
31245.16;141113.28125
31245.17;141113.28125
31245.18;141113.28125
31245.19;141113.28125
31245.2;141113.28125
31245.21;141113.28125
31245.22;141113.28125
31245.23;141113.28125
31245.24;141113.28125
31245.25;141113.28125
31245.26;141113.28125
31245.27;141113.28125
31245.28;141113.28125
31245.29;141113.28125
31245.3;141113.28125
31245.31;141113.28125
31245.32;141113.28125
31245.33;141113.28125
31245.34;141113.28125
31245.35;141113.28125
31245.36;141113.28125
31245.37;141113.28125
31245.38;141113.28125
31245.39;141113.28125
31245.4;141113.28125
31245.41;141113.28125
31245.42;141113.28125
31245.43;141113.28125
31245.44;141113.28125
31245.45;141113.28125
31245.46;141113.28125
31245.47;141113.28125
31245.48;141113.28125
31245.49;141113.28125
31245.5;141113.28125
31245.51;141113.28125
31245.52;141113.28125
31245.53;141357.421875
31245.54;141113.28125
31245.55;141113.28125
31245.56;141113.28125
31245.57;141113.28125
31245.58;141113.28125
31245.59;141113.28125
31245.6;141113.28125
31245.61;141113.28125
31245.62;141113.28125
31245.63;141113.28125
31245.64;141113.28125
31245.65;141113.28125
31245.66;141113.28125
31245.67;141113.28125
31245.68;141113.28125
31245.69;141113.28125
31245.7;141357.421875
31245.71;141113.28125
31245.72;141113.28125
31245.73;141113.28125
31245.74;141113.28125
31245.75;141113.28125
31245.76;141113.28125
31245.77;141357.421875
31245.78;141113.28125
31245.79;141113.28125
31245.8;141113.28125
31245.81;141113.28125
31245.82;141113.28125
31245.83;141113.28125
31245.84;141113.28125
31245.85;141113.28125
31245.86;141113.28125
31245.87;141113.28125
31245.88;141113.28125
31245.89;141113.28125
31245.9;141113.28125
31245.91;141357.421875
31245.92;141113.28125
31245.93;141113.28125
31245.94;141357.421875
31245.95;141113.28125
31245.96;141113.28125
31245.97;141113.28125
31245.98;141113.28125
31245.99;141113.28125
31246.0;141113.28125
31246.01;141113.28125
31246.02;141113.28125
31246.03;141113.28125
31246.04;141113.28125
31246.05;141113.28125
31246.06;141113.28125
31246.07;141113.28125
31246.08;141113.28125
31246.09;141113.28125
31246.1;141113.28125
31246.11;141357.421875
31246.12;141113.28125
31246.13;141357.421875
31246.14;141357.421875
31246.15;141113.28125
31246.16;141113.28125
31246.17;141113.28125
31246.18;141113.28125
31246.19;141113.28125
31246.2;141113.28125
31246.21;141113.28125
31246.22;141113.28125
31246.23;141113.28125
31246.24;141113.28125
31246.25;141113.28125
31246.26;141113.28125
31246.27;141113.28125
31246.28;141113.28125
31246.29;141357.421875
31246.3;141113.28125
31246.31;141113.28125
31246.32;141113.28125
31246.33;141113.28125
31246.34;141113.28125
31246.35;141113.28125
31246.36;141113.28125
31246.37;141113.28125
31246.38;141113.28125
31246.39;141113.28125
31246.4;141113.28125
31246.41;141357.421875
31246.42;141113.28125
31246.43;141113.28125
31246.44;141113.28125
31246.45;141113.28125
31246.46;141113.28125
31246.47;141113.28125
31246.48;141113.28125
31246.49;141113.28125
31246.5;141113.28125
31246.51;141113.28125
31246.52;141113.28125
31246.53;141113.28125
31246.54;141113.28125
31246.55;141113.28125
31246.56;141357.421875
31246.57;141113.28125
31246.58;141113.28125
31246.59;141113.28125
31246.6;141113.28125
31246.61;141113.28125
31246.62;141113.28125
31246.63;141113.28125
31246.64;141113.28125
31246.65;141113.28125
31246.66;141113.28125
31246.67;141113.28125
31246.68;141113.28125
31246.69;141113.28125
31246.7;141357.421875
31246.71;141113.28125
31246.72;141113.28125
31246.73;141113.28125
31246.74;141357.421875
31246.75;141113.28125
31246.76;141113.28125
31246.77;141113.28125
31246.78;141113.28125
31246.79;141113.28125
31246.8;141113.28125
31246.81;141113.28125
31246.82;141113.28125
31246.83;141113.28125
31246.84;141113.28125
31246.85;141113.28125
31246.86;141113.28125
31246.87;141113.28125
31246.88;140869.140625
31246.89;141113.28125
31246.9;141113.28125
31246.91;141113.28125
31246.92;141113.28125
31246.93;141113.28125
31246.94;141113.28125
31246.95;141113.28125
31246.96;141113.28125
31246.97;141113.28125
31246.98;141113.28125
31246.99;141113.28125
31247.0;141113.28125
31247.01;141113.28125
31247.02;141113.28125
31247.03;141113.28125
31247.04;141113.28125
31247.05;141113.28125
31247.06;141113.28125
31247.07;141357.421875
31247.08;141113.28125
31247.09;141113.28125
31247.1;141113.28125
31247.11;141113.28125
31247.12;141113.28125
31247.13;141113.28125
31247.14;141113.28125
31247.15;141113.28125
31247.16;141113.28125
31247.17;141113.28125
31247.18;141113.28125
31247.19;141113.28125
31247.2;141113.28125
31247.21;141113.28125
31247.22;141113.28125
31247.23;141113.28125
31247.24;141113.28125
31247.25;141113.28125
31247.26;141113.28125
31247.27;141113.28125
31247.28;141113.28125
31247.29;141113.28125
31247.3;141113.28125
31247.31;140869.140625
31247.32;141113.28125
31247.33;141113.28125
31247.34;141113.28125
31247.35;141113.28125
31247.36;141113.28125
31247.37;141113.28125
31247.38;141113.28125
31247.39;141113.28125
31247.4;141113.28125
31247.41;141113.28125
31247.42;141113.28125
31247.43;141113.28125
31247.44;141113.28125
31247.45;141113.28125
31247.46;141113.28125
31247.47;141113.28125
31247.48;141357.421875
31247.49;141113.28125
31247.5;141357.421875
31247.51;141113.28125
31247.52;141357.421875
31247.53;141113.28125
31247.54;141113.28125
31247.55;141113.28125
31247.56;141113.28125
31247.57;141113.28125
31247.58;141113.28125
31247.59;141113.28125
31247.6;141113.28125
31247.61;141113.28125
31247.62;141113.28125
31247.63;141357.421875
31247.64;141113.28125
31247.65;141113.28125
31247.66;141357.421875
31247.67;141113.28125
31247.68;141357.421875
31247.69;141113.28125
31247.7;141113.28125
31247.71;141357.421875
31247.72;141113.28125
31247.73;141113.28125
31247.74;141113.28125
31247.75;141113.28125
31247.76;141357.421875
31247.77;141113.28125
31247.78;141113.28125
31247.79;141357.421875
31247.8;141113.28125
31247.81;141113.28125
31247.82;141113.28125
31247.83;141357.421875
31247.84;141113.28125
31247.85;141113.28125
31247.86;141357.421875
31247.87;141113.28125
31247.88;141113.28125
31247.89;141113.28125
31247.9;141113.28125
31247.91;141357.421875
31247.92;141113.28125
31247.93;141113.28125
31247.94;141113.28125
31247.95;141113.28125
31247.96;141113.28125
31247.97;141357.421875
31247.98;141357.421875
31247.99;141357.421875
31248.0;141357.421875
31248.01;141113.28125
31248.02;141113.28125
31248.03;141357.421875
31248.04;141113.28125
31248.05;141357.421875
31248.06;141113.28125
31248.07;141113.28125
31248.08;141113.28125
31248.09;141113.28125
31248.1;141113.28125
31248.11;141113.28125
31248.12;141113.28125
31248.13;141357.421875
31248.14;141357.421875
31248.15;141357.421875
31248.16;141357.421875
31248.17;141113.28125
31248.18;141357.421875
31248.19;141357.421875
31248.2;141113.28125
31248.21;141357.421875
31248.22;141113.28125
31248.23;141113.28125
31248.24;141113.28125
31248.25;141357.421875
31248.26;141357.421875
31248.27;141357.421875
31248.28;141113.28125
31248.29;141113.28125
31248.3;141357.421875
31248.31;141357.421875
31248.32;141357.421875
31248.33;141357.421875
31248.34;141357.421875
31248.35;141113.28125
31248.36;141357.421875
31248.37;141113.28125
31248.38;141357.421875
31248.39;141357.421875
31248.4;141113.28125
31248.41;141113.28125
31248.42;141113.28125
31248.43;141113.28125
31248.44;141357.421875
31248.45;141357.421875
31248.46;141113.28125
31248.47;141357.421875
31248.48;141113.28125
31248.49;141113.28125
31248.5;141113.28125
31248.51;141357.421875
31248.52;141113.28125
31248.53;141357.421875
31248.54;141357.421875
31248.55;141113.28125
31248.56;141357.421875
31248.57;141113.28125
31248.58;141113.28125
31248.59;141113.28125
31248.6;141357.421875
31248.61;141113.28125
31248.62;141357.421875
31248.63;141113.28125
31248.64;141113.28125
31248.65;141357.421875
31248.66;141113.28125
31248.67;141357.421875
31248.68;141113.28125
31248.69;141113.28125
31248.7;141357.421875
31248.71;141357.421875
31248.72;141113.28125
31248.73;141113.28125
31248.74;141113.28125
31248.75;141357.421875
31248.76;141357.421875
31248.77;141357.421875
31248.78;141113.28125
31248.79;141357.421875
31248.8;141357.421875
31248.81;141357.421875
31248.82;141113.28125
31248.83;141357.421875
31248.84;141357.421875
31248.85;141113.28125
31248.86;141357.421875
31248.87;141113.28125
31248.88;141113.28125
31248.89;141357.421875
31248.9;141357.421875
31248.91;141357.421875
31248.92;141113.28125
31248.93;141113.28125
31248.94;141357.421875
31248.95;141357.421875
31248.96;141113.28125
31248.97;141357.421875
31248.98;141357.421875
31248.99;141357.421875
31249.0;141357.421875
31249.01;141113.28125
31249.02;141113.28125
31249.03;141357.421875
31249.04;141357.421875
31249.05;141357.421875
31249.06;141113.28125
31249.07;141357.421875
31249.08;141113.28125
31249.09;141113.28125
31249.1;141113.28125
31249.11;141357.421875
31249.12;141113.28125
31249.13;141113.28125
31249.14;141357.421875
31249.15;141113.28125
31249.16;141113.28125
31249.17;141357.421875
31249.18;141357.421875
31249.19;141113.28125
31249.2;141113.28125
31249.21;141357.421875
31249.22;141357.421875
31249.23;141357.421875
31249.24;141357.421875
31249.25;141113.28125
31249.26;141113.28125
31249.27;141113.28125
31249.28;141357.421875
31249.29;141113.28125
31249.3;141357.421875
31249.31;141357.421875
31249.32;141357.421875
31249.33;141357.421875
31249.34;141113.28125
31249.35;141357.421875
31249.36;141113.28125
31249.37;141113.28125
31249.38;141357.421875
31249.39;141113.28125
31249.4;141113.28125
31249.41;141357.421875
31249.42;141357.421875
31249.43;141357.421875
31249.44;141357.421875
31249.45;141357.421875
31249.46;141357.421875
31249.47;141113.28125
31249.48;141357.421875
31249.49;141113.28125
31249.5;141357.421875
31249.51;141357.421875
31249.52;141357.421875
31249.53;141357.421875
31249.54;141357.421875
31249.55;141357.421875
31249.56;141113.28125
31249.57;141357.421875
31249.58;141357.421875
31249.59;141357.421875
31249.6;141357.421875
31249.61;141357.421875
31249.62;141357.421875
31249.63;141357.421875
31249.64;141357.421875
31249.65;141357.421875
31249.66;141357.421875
31249.67;141357.421875
31249.68;141357.421875
31249.69;141357.421875
31249.7;141357.421875
31249.71;141357.421875
31249.72;141357.421875
31249.73;141113.28125
31249.74;141357.421875
31249.75;141357.421875
31249.76;141357.421875
31249.77;141357.421875
31249.78;141357.421875
31249.79;141357.421875
31249.8;141357.421875
31249.81;141357.421875
31249.82;141357.421875
31249.83;141357.421875
31249.84;141357.421875
31249.85;141357.421875
31249.86;141357.421875
31249.87;141357.421875
31249.88;141357.421875
31249.89;141357.421875
31249.9;141357.421875
31249.91;141357.421875
31249.92;141357.421875
31249.93;141357.421875
31249.94;141357.421875
31249.95;141357.421875
31249.96;141357.421875
31249.97;141357.421875
31249.98;141357.421875
31249.99;141357.421875
31250.0;141357.421875
31250.01;141357.421875
31250.02;141357.421875
31250.03;141357.421875
31250.04;141357.421875
31250.05;141357.421875
31250.06;141357.421875
31250.07;141357.421875
31250.08;141357.421875
31250.09;141357.421875
31250.1;141357.421875
31250.11;141357.421875
31250.12;141357.421875
31250.13;141357.421875
31250.14;141357.421875
31250.15;141357.421875
31250.16;141357.421875
31250.17;141357.421875
31250.18;141357.421875
31250.19;141357.421875
31250.2;141357.421875
31250.21;141357.421875
31250.22;141357.421875
31250.23;141357.421875
31250.24;141357.421875
31250.25;141357.421875
31250.26;141601.5625
31250.27;141357.421875
31250.28;141357.421875
31250.29;141357.421875
31250.3;141357.421875
31250.31;141357.421875
31250.32;141357.421875
31250.33;141357.421875
31250.34;141357.421875
31250.35;141357.421875
31250.36;141357.421875
31250.37;141357.421875
31250.38;141601.5625
31250.39;141357.421875
31250.4;141601.5625
31250.41;141357.421875
31250.42;141357.421875
31250.43;141357.421875
31250.44;141357.421875
31250.45;141357.421875
31250.46;141357.421875
31250.47;141357.421875
31250.48;141357.421875
31250.49;141357.421875
31250.5;141601.5625
31250.51;141357.421875
31250.52;141357.421875
31250.53;141357.421875
31250.54;141357.421875
31250.55;141357.421875
31250.56;141357.421875
31250.57;141601.5625
31250.58;141357.421875
31250.59;141357.421875
31250.6;141357.421875
31250.61;141601.5625
31250.62;141357.421875
31250.63;141357.421875
31250.64;141357.421875
31250.65;141357.421875
31250.66;141601.5625
31250.67;141357.421875
31250.68;141357.421875
31250.69;141357.421875
31250.7;141357.421875
31250.71;141601.5625
31250.72;141601.5625
31250.73;141357.421875
31250.74;141601.5625
31250.75;141357.421875
31250.76;141601.5625
31250.77;141357.421875
31250.78;141601.5625
31250.79;141601.5625
31250.8;141357.421875
31250.81;141601.5625
31250.82;141357.421875
31250.83;141601.5625
31250.84;141357.421875
31250.85;141601.5625
31250.86;141357.421875
31250.87;141601.5625
31250.88;141601.5625
31250.89;141357.421875
31250.9;141601.5625
31250.91;141357.421875
31250.92;141601.5625
31250.93;141357.421875
31250.94;141357.421875
31250.95;141601.5625
31250.96;141357.421875
31250.97;141601.5625
31250.98;141357.421875
31250.99;141601.5625
31251.0;141601.5625
31251.01;141357.421875
31251.02;141601.5625
31251.03;141601.5625
31251.04;141601.5625
31251.05;141601.5625
31251.06;141601.5625
31251.07;141357.421875
31251.08;141601.5625
31251.09;141601.5625
31251.1;141601.5625
31251.11;141357.421875
31251.12;141601.5625
31251.13;141601.5625
31251.14;141601.5625
31251.15;141357.421875
31251.16;141601.5625
31251.17;141601.5625
31251.18;141601.5625
31251.19;141601.5625
31251.2;141601.5625
31251.21;141357.421875
31251.22;141601.5625
31251.23;141601.5625
31251.24;141601.5625
31251.25;141601.5625
31251.26;141601.5625
31251.27;141601.5625
31251.28;141601.5625
31251.29;141601.5625
31251.3;141601.5625
31251.31;141601.5625
31251.32;141601.5625
31251.33;141601.5625
31251.34;141357.421875
31251.35;141601.5625
31251.36;141601.5625
31251.37;141601.5625
31251.38;141601.5625
31251.39;141601.5625
31251.4;141357.421875
31251.41;141601.5625
31251.42;141601.5625
31251.43;141601.5625
31251.44;141601.5625
31251.45;141601.5625
31251.46;141601.5625
31251.47;141601.5625
31251.48;141601.5625
31251.49;141601.5625
31251.5;141601.5625
31251.51;141601.5625
31251.52;141601.5625
31251.53;141601.5625
31251.54;141601.5625
31251.55;141601.5625
31251.56;141601.5625
31251.57;141601.5625
31251.58;141601.5625
31251.59;141601.5625
31251.6;141601.5625
31251.61;141601.5625
31251.62;141601.5625
31251.63;141601.5625
31251.64;141601.5625
31251.65;141601.5625
31251.66;141601.5625
31251.67;141601.5625
31251.68;141601.5625
31251.69;141601.5625
31251.7;141601.5625
31251.71;141601.5625
31251.72;141601.5625
31251.73;141601.5625
31251.74;141601.5625
31251.75;141601.5625
31251.76;141601.5625
31251.77;141601.5625
31251.78;141601.5625
31251.79;141601.5625
31251.8;141601.5625
31251.81;141601.5625
31251.82;141601.5625
31251.83;141601.5625
31251.84;141601.5625
31251.85;141601.5625
31251.86;141601.5625
31251.87;141601.5625
31251.88;141601.5625
31251.89;141601.5625
31251.9;141601.5625
31251.91;141601.5625
31251.92;141601.5625
31251.93;141601.5625
31251.94;141601.5625
31251.95;141601.5625
31251.96;141601.5625
31251.97;141601.5625
31251.98;141601.5625
31251.99;141601.5625
31252.0;141601.5625
31252.01;141601.5625
31252.02;141601.5625
31252.03;141601.5625
31252.04;141601.5625
31252.05;141601.5625
31252.06;141601.5625
31252.07;141601.5625
31252.08;141601.5625
31252.09;141601.5625
31252.1;141601.5625
31252.11;141601.5625
31252.12;141601.5625
31252.13;141601.5625
31252.14;141601.5625
31252.15;141601.5625
31252.16;141601.5625
31252.17;141601.5625
31252.18;141601.5625
31252.19;141601.5625
31252.2;141601.5625
31252.21;141601.5625
31252.22;141601.5625
31252.23;141601.5625
31252.24;141601.5625
31252.25;141601.5625
31252.26;141601.5625
31252.27;141601.5625
31252.28;141601.5625
31252.29;141601.5625
31252.3;141601.5625
31252.31;141601.5625
31252.32;141601.5625
31252.33;141601.5625
31252.34;141845.703125
31252.35;141601.5625
31252.36;141601.5625
31252.37;141601.5625
31252.38;141601.5625
31252.39;141601.5625
31252.4;141601.5625
31252.41;141601.5625
31252.42;141601.5625
31252.43;141601.5625
31252.44;141601.5625
31252.45;141601.5625
31252.46;141601.5625
31252.47;141601.5625
31252.48;141601.5625
31252.49;141601.5625
31252.5;141601.5625
31252.51;141601.5625
31252.52;141601.5625
31252.53;141601.5625
31252.54;141601.5625
31252.55;141601.5625
31252.56;141601.5625
31252.57;141601.5625
31252.58;141845.703125
31252.59;141601.5625
31252.6;141601.5625
31252.61;141601.5625
31252.62;141601.5625
31252.63;141601.5625
31252.64;141601.5625
31252.65;141601.5625
31252.66;141601.5625
31252.67;141601.5625
31252.68;141601.5625
31252.69;141601.5625
31252.7;141601.5625
31252.71;141601.5625
31252.72;141601.5625
31252.73;141601.5625
31252.74;141601.5625
31252.75;141601.5625
31252.76;141601.5625
31252.77;141601.5625
31252.78;141601.5625
31252.79;141601.5625
31252.8;141601.5625
31252.81;141601.5625
31252.82;141601.5625
31252.83;141601.5625
31252.84;141601.5625
31252.85;141601.5625
31252.86;141601.5625
31252.87;141601.5625
31252.88;141601.5625
31252.89;141601.5625
31252.9;141601.5625
31252.91;141601.5625
31252.92;141601.5625
31252.93;141601.5625
31252.94;141601.5625
31252.95;141601.5625
31252.96;141601.5625
31252.97;141601.5625
31252.98;141601.5625
31252.99;141601.5625
31253.0;141601.5625
31253.01;141601.5625
31253.02;141601.5625
31253.03;141601.5625
31253.04;141601.5625
31253.05;141601.5625
31253.06;141601.5625
31253.07;141845.703125
31253.08;141601.5625
31253.09;141601.5625
31253.1;141601.5625
31253.11;141601.5625
31253.12;141601.5625
31253.13;141601.5625
31253.14;141601.5625
31253.15;141601.5625
31253.16;141601.5625
31253.17;141601.5625
31253.18;141601.5625
31253.19;141601.5625
31253.2;141601.5625
31253.21;141601.5625
31253.22;141601.5625
31253.23;141601.5625
31253.24;141601.5625
31253.25;141601.5625
31253.26;141601.5625
31253.27;141601.5625
31253.28;141601.5625
31253.29;141601.5625
31253.3;141601.5625
31253.31;141601.5625
31253.32;141601.5625
31253.33;141601.5625
31253.34;141601.5625
31253.35;141357.421875
31253.36;141601.5625
31253.37;141601.5625
31253.38;141601.5625
31253.39;141601.5625
31253.4;141601.5625
31253.41;141601.5625
31253.42;141601.5625
31253.43;141601.5625
31253.44;141601.5625
31253.45;141601.5625
31253.46;141601.5625
31253.47;141601.5625
31253.48;141601.5625
31253.49;141357.421875
31253.5;141601.5625
31253.51;141601.5625
31253.52;141601.5625
31253.53;141601.5625
31253.54;141601.5625
31253.55;141601.5625
31253.56;141601.5625
31253.57;141601.5625
31253.58;141601.5625
31253.59;141601.5625
31253.6;141601.5625
31253.61;141601.5625
31253.62;141601.5625
31253.63;141601.5625
31253.64;141601.5625
31253.65;141601.5625
31253.66;141601.5625
31253.67;141601.5625
31253.68;141601.5625
31253.69;141601.5625
31253.7;141601.5625
31253.71;141601.5625
31253.72;141601.5625
31253.73;141601.5625
31253.74;141601.5625
31253.75;141601.5625
31253.76;141601.5625
31253.77;141601.5625
31253.78;141601.5625
31253.79;141357.421875
31253.8;141601.5625
31253.81;141601.5625
31253.82;141601.5625
31253.83;141601.5625
31253.84;141601.5625
31253.85;141601.5625
31253.86;141601.5625
31253.87;141601.5625
31253.88;141601.5625
31253.89;141601.5625
31253.9;141601.5625
31253.91;141601.5625
31253.92;141601.5625
31253.93;141601.5625
31253.94;141601.5625
31253.95;141601.5625
31253.96;141601.5625
31253.97;141601.5625
31253.98;141601.5625
31253.99;141601.5625
31254.0;141601.5625
31254.01;141601.5625
31254.02;141601.5625
31254.03;141601.5625
31254.04;141601.5625
31254.05;141601.5625
31254.06;141601.5625
31254.07;141601.5625
31254.08;141601.5625
31254.09;141601.5625
31254.1;141601.5625
31254.11;141601.5625
31254.12;141601.5625
31254.13;141601.5625
31254.14;141601.5625
31254.15;141601.5625
31254.16;141601.5625
31254.17;141601.5625
31254.18;141601.5625
31254.19;141601.5625
31254.2;141601.5625
31254.21;141601.5625
31254.22;141601.5625
31254.23;141601.5625
31254.24;141601.5625
31254.25;141601.5625
31254.26;141601.5625
31254.27;141601.5625
31254.28;141601.5625
31254.29;141601.5625
31254.3;141601.5625
31254.31;141601.5625
31254.32;141601.5625
31254.33;141601.5625
31254.34;141601.5625
31254.35;141601.5625
31254.36;141601.5625
31254.37;141601.5625
31254.38;141601.5625
31254.39;141601.5625
31254.4;141601.5625
31254.41;141601.5625
31254.42;141601.5625
31254.43;141601.5625
31254.44;141601.5625
31254.45;141601.5625
31254.46;141601.5625
31254.47;141601.5625
31254.48;141601.5625
31254.49;141601.5625
31254.5;141601.5625
31254.51;141601.5625
31254.52;141601.5625
31254.53;141601.5625
31254.54;141357.421875
31254.55;141601.5625
31254.56;141601.5625
31254.57;141601.5625
31254.58;141601.5625
31254.59;141601.5625
31254.6;141601.5625
31254.61;143554.6875
31254.62;224365.234375
31254.63;155029.296875
31254.64;140869.140625
31254.65;143310.546875
31254.66;142578.125
31254.67;142333.984375
31254.68;176513.671875
31254.69;212158.203125
31254.7;133789.0625
31254.71;145263.671875
31254.72;142333.984375
31254.73;142578.125
31254.74;144531.25
31254.75;225585.9375
31254.76;155273.4375
31254.77;141357.421875
31254.78;143554.6875
31254.79;142578.125
31254.8;142578.125
31254.81;142333.984375
31254.82;142089.84375
31254.83;142089.84375
31254.84;141845.703125
31254.85;141845.703125
31254.86;141845.703125
31254.87;144042.96875
31254.88;225097.65625
31254.89;155029.296875
31254.9;141113.28125
31254.91;143310.546875
31254.92;142333.984375
31254.93;142333.984375
31254.94;142089.84375
31254.95;142089.84375
31254.96;142089.84375
31254.97;141845.703125
31254.98;141845.703125
31254.99;141845.703125
31255.0;144042.96875
31255.01;225097.65625
31255.02;155029.296875
31255.03;140869.140625
31255.04;143310.546875
31255.05;142333.984375
31255.06;142333.984375
31255.07;142089.84375
31255.08;142089.84375
31255.09;141845.703125
31255.1;141845.703125
31255.11;141845.703125
31255.12;141845.703125
31255.13;144042.96875
31255.14;225097.65625
31255.15;155029.296875
31255.16;141113.28125
31255.17;143310.546875
31255.18;142333.984375
31255.19;142333.984375
31255.2;142089.84375
31255.21;142089.84375
31255.22;141845.703125
31255.23;141845.703125
31255.24;141845.703125
31255.25;141601.5625
31255.26;144042.96875
31255.27;225097.65625
31255.28;154785.15625
31255.29;140869.140625
31255.3;143554.6875
31255.31;142333.984375
31255.32;142333.984375
31255.33;176757.8125
31255.34;212158.203125
31255.35;133544.921875
31255.36;145263.671875
31255.37;142578.125
31255.38;142578.125
31255.39;144531.25
31255.4;225585.9375
31255.41;155273.4375
31255.42;141357.421875
31255.43;143554.6875
31255.44;142578.125
31255.45;142578.125
31255.46;177001.953125
31255.47;212158.203125
31255.48;133789.0625
31255.49;145507.8125
31255.5;142578.125
31255.51;142578.125
31255.52;144775.390625
31255.53;225830.078125
31255.54;155273.4375
31255.55;141357.421875
31255.56;143554.6875
31255.57;142578.125
31255.58;142578.125
31255.59;176757.8125
31255.6;212158.203125
31255.61;133789.0625
31255.62;145263.671875
31255.63;142578.125
31255.64;142578.125
31255.65;144531.25
31255.66;225830.078125
31255.67;155273.4375
31255.68;141357.421875
31255.69;143798.828125
31255.7;142578.125
31255.71;142578.125
31255.72;176757.8125
31255.73;212158.203125
31255.74;133544.921875
31255.75;145263.671875
31255.76;142578.125
31255.77;142578.125
31255.78;144531.25
31255.79;225830.078125
31255.8;155273.4375
31255.81;141357.421875
31255.82;143554.6875
31255.83;142578.125
31255.84;142578.125
31255.85;142333.984375
31255.86;142089.84375
31255.87;142089.84375
31255.88;142089.84375
31255.89;141845.703125
31255.9;141845.703125
31255.91;144042.96875
31255.92;225341.796875
31255.93;154785.15625
31255.94;141113.28125
31255.95;143310.546875
31255.96;142333.984375
31255.97;142333.984375
31255.98;142333.984375
31255.99;142089.84375
31256.0;141845.703125
31256.01;141845.703125
31256.02;141845.703125
31256.03;141601.5625
31256.04;144042.96875
31256.05;225341.796875
31256.06;154785.15625
31256.07;141113.28125
31256.08;143310.546875
31256.09;142578.125
31256.1;142333.984375
31256.11;142089.84375
31256.12;142089.84375
31256.13;141845.703125
31256.14;141845.703125
31256.15;141845.703125
31256.16;141845.703125
31256.17;144042.96875
31256.18;225341.796875
31256.19;154785.15625
31256.2;141113.28125
31256.21;143310.546875
31256.22;142333.984375
31256.23;142333.984375
31256.24;142333.984375
31256.25;142089.84375
31256.26;142089.84375
31256.27;141845.703125
31256.28;141845.703125
31256.29;141845.703125
31256.3;144042.96875
31256.31;225341.796875
31256.32;154785.15625
31256.33;141113.28125
31256.34;143310.546875
31256.35;142333.984375
31256.36;142333.984375
31256.37;142089.84375
31256.38;142089.84375
31256.39;141845.703125
31256.4;141845.703125
31256.41;141845.703125
31256.42;141601.5625
31256.43;144042.96875
31256.44;225097.65625
31256.45;154785.15625
31256.46;141113.28125
31256.47;143310.546875
31256.48;142333.984375
31256.49;142333.984375
31256.5;142089.84375
31256.51;142089.84375
31256.52;141845.703125
31256.53;141845.703125
31256.54;141845.703125
31256.55;141601.5625
31256.56;144042.96875
31256.57;225097.65625
31256.58;154785.15625
31256.59;140869.140625
31256.6;143310.546875
31256.61;142333.984375
31256.62;142333.984375
31256.63;142089.84375
31256.64;142089.84375
31256.65;141845.703125
31256.66;141845.703125
31256.67;141845.703125
31256.68;141601.5625
31256.69;144042.96875
31256.7;225097.65625
31256.71;154785.15625
31256.72;140869.140625
31256.73;143310.546875
31256.74;142333.984375
31256.75;142333.984375
31256.76;142089.84375
31256.77;142089.84375
31256.78;141845.703125
31256.79;141845.703125
31256.8;141845.703125
31256.81;141601.5625
31256.82;141601.5625
31256.83;141601.5625
31256.84;141601.5625
31256.85;141601.5625
31256.86;141601.5625
31256.87;141601.5625
31256.88;141601.5625
31256.89;141601.5625
31256.9;141601.5625
31256.91;141601.5625
31256.92;141601.5625
31256.93;141601.5625
31256.94;141601.5625
31256.95;141601.5625
31256.96;141601.5625
31256.97;141601.5625
31256.98;141601.5625
31256.99;141601.5625
31257.0;141601.5625
31257.01;141601.5625
31257.02;141601.5625
31257.03;141357.421875
31257.04;141601.5625
31257.05;141601.5625
31257.06;141601.5625
31257.07;141601.5625
31257.08;141601.5625
31257.09;141601.5625
31257.1;141601.5625
31257.11;141601.5625
31257.12;141601.5625
31257.13;141601.5625
31257.14;141601.5625
31257.15;141601.5625
31257.16;141601.5625
31257.17;141601.5625
31257.18;141601.5625
31257.19;141601.5625
31257.2;141601.5625
31257.21;141601.5625
31257.22;141601.5625
31257.23;141357.421875
31257.24;141601.5625
31257.25;141601.5625
31257.26;141357.421875
31257.27;141601.5625
31257.28;141601.5625
31257.29;141601.5625
31257.3;141601.5625
31257.31;141601.5625
31257.32;141601.5625
31257.33;141601.5625
31257.34;141357.421875
31257.35;141601.5625
31257.36;141601.5625
31257.37;141601.5625
31257.38;141601.5625
31257.39;141601.5625
31257.4;141357.421875
31257.41;141601.5625
31257.42;141357.421875
31257.43;141601.5625
31257.44;141601.5625
31257.45;141601.5625
31257.46;141601.5625
31257.47;141601.5625
31257.48;141601.5625
31257.49;141601.5625
31257.5;141601.5625
31257.51;141601.5625
31257.52;141601.5625
31257.53;141601.5625
31257.54;141601.5625
31257.55;141601.5625
31257.56;141601.5625
31257.57;141601.5625
31257.58;141601.5625
31257.59;141601.5625
31257.6;141601.5625
31257.61;141601.5625
31257.62;141601.5625
31257.63;141601.5625
31257.64;141601.5625
31257.65;141357.421875
31257.66;141601.5625
31257.67;141601.5625
31257.68;141601.5625
31257.69;141601.5625
31257.7;141601.5625
31257.71;141601.5625
31257.72;141601.5625
31257.73;141601.5625
31257.74;141601.5625
31257.75;141601.5625
31257.76;141601.5625
31257.77;141601.5625
31257.78;141601.5625
31257.79;141601.5625
31257.8;141601.5625
31257.81;141601.5625
31257.82;141601.5625
31257.83;141357.421875
31257.84;141601.5625
31257.85;141601.5625
31257.86;141601.5625
31257.87;141601.5625
31257.88;141601.5625
31257.89;141601.5625
31257.9;141601.5625
31257.91;141601.5625
31257.92;141601.5625
31257.93;141601.5625
31257.94;141601.5625
31257.95;141357.421875
31257.96;141601.5625
31257.97;141601.5625
31257.98;141601.5625
31257.99;141601.5625
31258.0;141357.421875
31258.01;141357.421875
31258.02;141601.5625
31258.03;141357.421875
31258.04;141601.5625
31258.05;141601.5625
31258.06;141357.421875
31258.07;141601.5625
31258.08;141601.5625
31258.09;141357.421875
31258.1;141601.5625
31258.11;141357.421875
31258.12;141357.421875
31258.13;141601.5625
31258.14;141357.421875
31258.15;141357.421875
31258.16;141357.421875
31258.17;141357.421875
31258.18;141601.5625
31258.19;141357.421875
31258.2;141357.421875
31258.21;141601.5625
31258.22;141357.421875
31258.23;141601.5625
31258.24;141601.5625
31258.25;141357.421875
31258.26;141601.5625
31258.27;141357.421875
31258.28;141357.421875
31258.29;141357.421875
31258.3;141601.5625
31258.31;141601.5625
31258.32;141601.5625
31258.33;141357.421875
31258.34;141357.421875
31258.35;141357.421875
31258.36;141357.421875
31258.37;141601.5625
31258.38;141357.421875
31258.39;141357.421875
31258.4;141357.421875
31258.41;141357.421875
31258.42;141357.421875
31258.43;141357.421875
31258.44;141357.421875
31258.45;141601.5625
31258.46;141357.421875
31258.47;141357.421875
31258.48;141357.421875
31258.49;141357.421875
31258.5;141357.421875
31258.51;141357.421875
31258.52;141357.421875
31258.53;141357.421875
31258.54;141357.421875
31258.55;141357.421875
31258.56;141357.421875
31258.57;141357.421875
31258.58;141357.421875
31258.59;141357.421875
31258.6;141357.421875
31258.61;141357.421875
31258.62;141357.421875
31258.63;141357.421875
31258.64;141357.421875
31258.65;141357.421875
31258.66;141357.421875
31258.67;141357.421875
31258.68;141357.421875
31258.69;141357.421875
31258.7;141357.421875
31258.71;141357.421875
31258.72;141357.421875
31258.73;141357.421875
31258.74;141357.421875
31258.75;141357.421875
31258.76;141357.421875
31258.77;141357.421875
31258.78;141357.421875
31258.79;141357.421875
31258.8;141357.421875
31258.81;141357.421875
31258.82;141357.421875
31258.83;141357.421875
31258.84;141357.421875
31258.85;141357.421875
31258.86;141357.421875
31258.87;141357.421875
31258.88;141357.421875
31258.89;141357.421875
31258.9;141357.421875
31258.91;141357.421875
31258.92;141357.421875
31258.93;141357.421875
31258.94;141357.421875
31258.95;141357.421875
31258.96;141357.421875
31258.97;141357.421875
31258.98;141357.421875
31258.99;141357.421875
31259.0;141357.421875
31259.01;141357.421875
31259.02;141357.421875
31259.03;141357.421875
31259.04;141357.421875
31259.05;141357.421875
31259.06;141357.421875
31259.07;141357.421875
31259.08;141357.421875
31259.09;141357.421875
31259.1;141357.421875
31259.11;141357.421875
31259.12;141357.421875
31259.13;141357.421875
31259.14;141357.421875
31259.15;141357.421875
31259.16;141357.421875
31259.17;141357.421875
31259.18;141357.421875
31259.19;141357.421875
31259.2;141357.421875
31259.21;141357.421875
31259.22;141357.421875
31259.23;141357.421875
31259.24;141357.421875
31259.25;141113.28125
31259.26;141357.421875
31259.27;141113.28125
31259.28;141357.421875
31259.29;141357.421875
31259.3;141357.421875
31259.31;141113.28125
31259.32;141357.421875
31259.33;141357.421875
31259.34;141357.421875
31259.35;141357.421875
31259.36;141357.421875
31259.37;141357.421875
31259.38;141357.421875
31259.39;141357.421875
31259.4;141357.421875
31259.41;141357.421875
31259.42;141357.421875
31259.43;141357.421875
31259.44;141357.421875
31259.45;141357.421875
31259.46;141357.421875
31259.47;141113.28125
31259.48;141357.421875
31259.49;141357.421875
31259.5;141357.421875
31259.51;141357.421875
31259.52;141357.421875
31259.53;141357.421875
31259.54;141357.421875
31259.55;141357.421875
31259.56;141357.421875
31259.57;141357.421875
31259.58;141357.421875
31259.59;141357.421875
31259.6;141357.421875
31259.61;141357.421875
31259.62;141357.421875
31259.63;141357.421875
31259.64;141357.421875
31259.65;141357.421875
31259.66;141357.421875
31259.67;141113.28125
31259.68;141357.421875
31259.69;141357.421875
31259.7;141357.421875
31259.71;141357.421875
31259.72;141357.421875
31259.73;141357.421875
31259.74;141357.421875
31259.75;141113.28125
31259.76;141357.421875
31259.77;141357.421875
31259.78;141357.421875
31259.79;141357.421875
31259.8;141357.421875
31259.81;141357.421875
31259.82;141113.28125
31259.83;141113.28125
31259.84;141357.421875
31259.85;141357.421875
31259.86;141357.421875
31259.87;141357.421875
31259.88;141357.421875
31259.89;141113.28125
31259.9;141357.421875
31259.91;141113.28125
31259.92;141357.421875
31259.93;141357.421875
31259.94;141113.28125
31259.95;141357.421875
31259.96;141357.421875
31259.97;141357.421875
31259.98;141357.421875
31259.99;141357.421875
31260.0;141357.421875
31260.01;141113.28125
31260.02;141357.421875
31260.03;141113.28125
31260.04;141357.421875
31260.05;141357.421875
31260.06;141357.421875
31260.07;141357.421875
31260.08;141357.421875
31260.09;141113.28125
31260.1;141357.421875
31260.11;141357.421875
31260.12;141357.421875
31260.13;141357.421875
31260.14;141357.421875
31260.15;141357.421875
31260.16;141357.421875
31260.17;141113.28125
31260.18;141357.421875
31260.19;141113.28125
31260.2;141357.421875
31260.21;141113.28125
31260.22;141357.421875
31260.23;141113.28125
31260.24;141357.421875
31260.25;141357.421875
31260.26;141357.421875
31260.27;141357.421875
31260.28;141357.421875
31260.29;141357.421875
31260.3;141113.28125
31260.31;141113.28125
31260.32;141357.421875
31260.33;141357.421875
31260.34;141113.28125
31260.35;141113.28125
31260.36;141357.421875
31260.37;141357.421875
31260.38;141113.28125
31260.39;141113.28125
31260.4;141357.421875
31260.41;141113.28125
31260.42;141113.28125
31260.43;141113.28125
31260.44;141113.28125
31260.45;141113.28125
31260.46;141113.28125
31260.47;141113.28125
31260.48;141113.28125
31260.49;141113.28125
31260.5;141357.421875
31260.51;141113.28125
31260.52;141357.421875
31260.53;141113.28125
31260.54;141113.28125
31260.55;141357.421875
31260.56;141113.28125
31260.57;141113.28125
31260.58;141357.421875
31260.59;141113.28125
31260.6;141357.421875
31260.61;141113.28125
31260.62;141357.421875
31260.63;141113.28125
31260.64;141113.28125
31260.65;141113.28125
31260.66;141113.28125
31260.67;141113.28125
31260.68;141357.421875
31260.69;141113.28125
31260.7;141113.28125
31260.71;141113.28125
31260.72;141357.421875
31260.73;141113.28125
31260.74;141113.28125
31260.75;141113.28125
31260.76;141113.28125
31260.77;141113.28125
31260.78;141113.28125
31260.79;141113.28125
31260.8;141113.28125
31260.81;141113.28125
31260.82;141357.421875
31260.83;141113.28125
31260.84;141113.28125
31260.85;141113.28125
31260.86;141113.28125
31260.87;141113.28125
31260.88;141113.28125
31260.89;141113.28125
31260.9;141113.28125
31260.91;141113.28125
31260.92;141113.28125
31260.93;141113.28125
31260.94;141113.28125
31260.95;141357.421875
31260.96;141113.28125
31260.97;141357.421875
31260.98;141113.28125
31260.99;141113.28125
31261.0;141113.28125
31261.01;141113.28125
31261.02;141113.28125
31261.03;141113.28125
31261.04;141113.28125
31261.05;141113.28125
31261.06;141113.28125
31261.07;141113.28125
31261.08;141113.28125
31261.09;141113.28125
31261.1;141113.28125
31261.11;141113.28125
31261.12;141113.28125
31261.13;141113.28125
31261.14;141113.28125
31261.15;141357.421875
31261.16;141357.421875
31261.17;141113.28125
31261.18;141113.28125
31261.19;141113.28125
31261.2;141113.28125
31261.21;141357.421875
31261.22;141113.28125
31261.23;141113.28125
31261.24;141113.28125
31261.25;141113.28125
31261.26;141113.28125
31261.27;141113.28125
31261.28;141113.28125
31261.29;141113.28125
31261.3;141113.28125
31261.31;141113.28125
31261.32;141113.28125
31261.33;141113.28125
31261.34;141113.28125
31261.35;141113.28125
31261.36;141113.28125
31261.37;141113.28125
31261.38;141113.28125
31261.39;141113.28125
31261.4;140869.140625
31261.41;141113.28125
31261.42;141113.28125
31261.43;141113.28125
31261.44;141113.28125
31261.45;141113.28125
31261.46;141357.421875
31261.47;141113.28125
31261.48;141113.28125
31261.49;141113.28125
31261.5;141113.28125
31261.51;141357.421875
31261.52;141113.28125
31261.53;141113.28125
31261.54;141113.28125
31261.55;141113.28125
31261.56;141113.28125
31261.57;141113.28125
31261.58;141357.421875
31261.59;141113.28125
31261.6;141113.28125
31261.61;141113.28125
31261.62;141113.28125
31261.63;141113.28125
31261.64;141113.28125
31261.65;141113.28125
31261.66;141113.28125
31261.67;141113.28125
31261.68;141113.28125
31261.69;141113.28125
31261.7;141113.28125
31261.71;141113.28125
31261.72;141113.28125
31261.73;141113.28125
31261.74;141113.28125
31261.75;141113.28125
31261.76;141113.28125
31261.77;141113.28125
31261.78;141357.421875
31261.79;141113.28125
31261.8;141113.28125
31261.81;141113.28125
31261.82;141113.28125
31261.83;141113.28125
31261.84;141113.28125
31261.85;141113.28125
31261.86;141113.28125
31261.87;141113.28125
31261.88;141113.28125
31261.89;141113.28125
31261.9;141113.28125
31261.91;141113.28125
31261.92;141113.28125
31261.93;141113.28125
31261.94;141357.421875
31261.95;141113.28125
31261.96;141113.28125
31261.97;141113.28125
31261.98;141113.28125
31261.99;141357.421875
31262.0;141113.28125
31262.01;141113.28125
31262.02;141113.28125
31262.03;141113.28125
31262.04;141113.28125
31262.05;141113.28125
31262.06;141113.28125
31262.07;141113.28125
31262.08;141113.28125
31262.09;141113.28125
31262.1;141113.28125
31262.11;141357.421875
31262.12;141113.28125
31262.13;141113.28125
31262.14;141113.28125
31262.15;141113.28125
31262.16;141113.28125
31262.17;141113.28125
31262.18;141113.28125
31262.19;141113.28125
31262.2;141113.28125
31262.21;141113.28125
31262.22;141113.28125
31262.23;141113.28125
31262.24;141113.28125
31262.25;141113.28125
31262.26;141113.28125
31262.27;141113.28125
31262.28;141113.28125
31262.29;141113.28125
31262.3;141113.28125
31262.31;141113.28125
31262.32;141113.28125
31262.33;141113.28125
31262.34;141113.28125
31262.35;141113.28125
31262.36;141113.28125
31262.37;141113.28125
31262.38;141113.28125
31262.39;141113.28125
31262.4;141357.421875
31262.41;141113.28125
31262.42;141113.28125
31262.43;141113.28125
31262.44;141113.28125
31262.45;141113.28125
31262.46;141113.28125
31262.47;141113.28125
31262.48;141113.28125
31262.49;141113.28125
31262.5;141113.28125
31262.51;141113.28125
31262.52;141113.28125
31262.53;141113.28125
31262.54;141113.28125
31262.55;141113.28125
31262.56;141113.28125
31262.57;141113.28125
31262.58;141113.28125
31262.59;141113.28125
31262.6;141113.28125
31262.61;141113.28125
31262.62;141113.28125
31262.63;141113.28125
31262.64;141113.28125
31262.65;141113.28125
31262.66;141113.28125
31262.67;141113.28125
31262.68;141113.28125
31262.69;141113.28125
31262.7;141113.28125
31262.71;141113.28125
31262.72;141113.28125
31262.73;141113.28125
31262.74;141113.28125
31262.75;141113.28125
31262.76;141357.421875
31262.77;141113.28125
31262.78;141113.28125
31262.79;141113.28125
31262.8;141113.28125
31262.81;141113.28125
31262.82;141113.28125
31262.83;141113.28125
31262.84;141357.421875
31262.85;141113.28125
31262.86;141113.28125
31262.87;141113.28125
31262.88;141113.28125
31262.89;141113.28125
31262.9;141113.28125
31262.91;141113.28125
31262.92;141113.28125
31262.93;141113.28125
31262.94;141113.28125
31262.95;141113.28125
31262.96;141357.421875
31262.97;141113.28125
31262.98;141113.28125
31262.99;141113.28125
31263.0;141113.28125
31263.01;141113.28125
31263.02;141113.28125
31263.03;141113.28125
31263.04;141113.28125
31263.05;141113.28125
31263.06;141113.28125
31263.07;141113.28125
31263.08;141357.421875
31263.09;141113.28125
31263.1;141113.28125
31263.11;141113.28125
31263.12;141113.28125
31263.13;141357.421875
31263.14;141113.28125
31263.15;141113.28125
31263.16;141113.28125
31263.17;141113.28125
31263.18;141113.28125
31263.19;141113.28125
31263.2;141113.28125
31263.21;141113.28125
31263.22;141113.28125
31263.23;141357.421875
31263.24;141113.28125
31263.25;141113.28125
31263.26;141113.28125
31263.27;141113.28125
31263.28;141357.421875
31263.29;141113.28125
31263.3;141113.28125
31263.31;141113.28125
31263.32;141113.28125
31263.33;141113.28125
31263.34;141113.28125
31263.35;141113.28125
31263.36;141357.421875
31263.37;141113.28125
31263.38;141113.28125
31263.39;141113.28125
31263.4;141113.28125
31263.41;141113.28125
31263.42;141113.28125
31263.43;141113.28125
31263.44;141113.28125
31263.45;141113.28125
31263.46;141113.28125
31263.47;141113.28125
31263.48;141357.421875
31263.49;141113.28125
31263.5;141357.421875
31263.51;141113.28125
31263.52;141357.421875
31263.53;141357.421875
31263.54;141113.28125
31263.55;141113.28125
31263.56;141357.421875
31263.57;141113.28125
31263.58;141113.28125
31263.59;141113.28125
31263.6;141113.28125
31263.61;141113.28125
31263.62;141113.28125
31263.63;141113.28125
31263.64;141113.28125
31263.65;141113.28125
31263.66;141113.28125
31263.67;141113.28125
31263.68;141113.28125
31263.69;141113.28125
31263.7;141113.28125
31263.71;141113.28125
31263.72;141113.28125
31263.73;141113.28125
31263.74;141357.421875
31263.75;141113.28125
31263.76;141113.28125
31263.77;141113.28125
31263.78;141113.28125
31263.79;141113.28125
31263.8;141113.28125
31263.81;141113.28125
31263.82;141357.421875
31263.83;141113.28125
31263.84;141357.421875
31263.85;141357.421875
31263.86;141357.421875
31263.87;141113.28125
31263.88;141113.28125
31263.89;141357.421875
31263.9;141113.28125
31263.91;141113.28125
31263.92;141113.28125
31263.93;141357.421875
31263.94;141357.421875
31263.95;141357.421875
31263.96;141113.28125
31263.97;141357.421875
31263.98;141113.28125
31263.99;141357.421875
31264.0;141113.28125
31264.01;141113.28125
31264.02;141113.28125
31264.03;141357.421875
31264.04;141113.28125
31264.05;141357.421875
31264.06;141113.28125
31264.07;141113.28125
31264.08;141113.28125
31264.09;141113.28125
31264.1;141113.28125
31264.11;141357.421875
31264.12;141113.28125
31264.13;141113.28125
31264.14;141357.421875
31264.15;141113.28125
31264.16;141113.28125
31264.17;141357.421875
31264.18;141113.28125
31264.19;141357.421875
31264.2;141113.28125
31264.21;141113.28125
31264.22;141357.421875
31264.23;141113.28125
31264.24;141357.421875
31264.25;141113.28125
31264.26;141357.421875
31264.27;141357.421875
31264.28;141113.28125
31264.29;141113.28125
31264.3;141113.28125
31264.31;141113.28125
31264.32;141357.421875
31264.33;141113.28125
31264.34;141113.28125
31264.35;141357.421875
31264.36;141113.28125
31264.37;141357.421875
31264.38;141113.28125
31264.39;141113.28125
31264.4;141113.28125
31264.41;141113.28125
31264.42;141113.28125
31264.43;141113.28125
31264.44;141113.28125
31264.45;141113.28125
31264.46;141113.28125
31264.47;141357.421875
31264.48;141113.28125
31264.49;141113.28125
31264.5;141113.28125
31264.51;141113.28125
31264.52;141113.28125
31264.53;141113.28125
31264.54;141113.28125
31264.55;141113.28125
31264.56;141113.28125
31264.57;141113.28125
31264.58;141113.28125
31264.59;141113.28125
31264.6;141357.421875
31264.61;141113.28125
31264.62;141113.28125
31264.63;141113.28125
31264.64;141113.28125
31264.65;141113.28125
31264.66;141113.28125
31264.67;141113.28125
31264.68;141113.28125
31264.69;141357.421875
31264.7;141113.28125
31264.71;141357.421875
31264.72;141113.28125
31264.73;141113.28125
31264.74;141113.28125
31264.75;141113.28125
31264.76;141357.421875
31264.77;141113.28125
31264.78;141113.28125
31264.79;141113.28125
31264.8;141113.28125
31264.81;141113.28125
31264.82;141357.421875
31264.83;141113.28125
31264.84;141113.28125
31264.85;141357.421875
31264.86;141113.28125
31264.87;141113.28125
31264.88;141113.28125
31264.89;141113.28125
31264.9;141113.28125
31264.91;141357.421875
31264.92;141113.28125
31264.93;141113.28125
31264.94;141113.28125
31264.95;141113.28125
31264.96;141357.421875
31264.97;141113.28125
31264.98;141113.28125
31264.99;141113.28125
31265.0;141113.28125
31265.01;141357.421875
31265.02;141113.28125
31265.03;141113.28125
31265.04;141113.28125
31265.05;141113.28125
31265.06;141357.421875
31265.07;141113.28125
31265.08;141357.421875
31265.09;141113.28125
31265.1;141113.28125
31265.11;141113.28125
31265.12;141113.28125
31265.13;141113.28125
31265.14;141113.28125
31265.15;141113.28125
31265.16;141113.28125
31265.17;141113.28125
31265.18;141113.28125
31265.19;141113.28125
31265.2;141113.28125
31265.21;141113.28125
31265.22;141113.28125
31265.23;141113.28125
31265.24;141113.28125
31265.25;141113.28125
31265.26;141113.28125
31265.27;141113.28125
31265.28;141113.28125
31265.29;141113.28125
31265.3;141113.28125
31265.31;141357.421875
31265.32;141357.421875
31265.33;141113.28125
31265.34;141113.28125
31265.35;141113.28125
31265.36;141113.28125
31265.37;141113.28125
31265.38;141113.28125
31265.39;141113.28125
31265.4;141113.28125
31265.41;141113.28125
31265.42;141113.28125
31265.43;141113.28125
31265.44;141113.28125
31265.45;141113.28125
31265.46;141357.421875
31265.47;141113.28125
31265.48;141113.28125
31265.49;141113.28125
31265.5;141113.28125
31265.51;141113.28125
31265.52;141113.28125
31265.53;141357.421875
31265.54;141113.28125
31265.55;141357.421875
31265.56;141113.28125
31265.57;141357.421875
31265.58;141113.28125
31265.59;141113.28125
31265.6;141357.421875
31265.61;141357.421875
31265.62;141357.421875
31265.63;141113.28125
31265.64;141113.28125
31265.65;141113.28125
31265.66;141113.28125
31265.67;141113.28125
31265.68;141357.421875
31265.69;141113.28125
31265.7;141113.28125
31265.71;141357.421875
31265.72;141113.28125
31265.73;141113.28125
31265.74;141113.28125
31265.75;141113.28125
31265.76;141113.28125
31265.77;141113.28125
31265.78;141357.421875
31265.79;141113.28125
31265.8;141113.28125
31265.81;141357.421875
31265.82;141113.28125
31265.83;141113.28125
31265.84;141113.28125
31265.85;141113.28125
31265.86;141113.28125
31265.87;141113.28125
31265.88;141113.28125
31265.89;141113.28125
31265.9;141113.28125
31265.91;141357.421875
31265.92;141113.28125
31265.93;141113.28125
31265.94;141113.28125
31265.95;141113.28125
31265.96;141113.28125
31265.97;141113.28125
31265.98;141113.28125
31265.99;141113.28125
31266.0;141357.421875
31266.01;141113.28125
31266.02;141357.421875
31266.03;141113.28125
31266.04;141113.28125
31266.05;141113.28125
31266.06;141113.28125
31266.07;141113.28125
31266.08;141113.28125
31266.09;141357.421875
31266.1;141113.28125
31266.11;141113.28125
31266.12;141357.421875
31266.13;141113.28125
31266.14;141113.28125
31266.15;141113.28125
31266.16;141113.28125
31266.17;141113.28125
31266.18;141357.421875
31266.19;141113.28125
31266.2;141113.28125
31266.21;141113.28125
31266.22;141113.28125
31266.23;141113.28125
31266.24;141113.28125
31266.25;141113.28125
31266.26;141113.28125
31266.27;141357.421875
31266.28;141113.28125
31266.29;141113.28125
31266.3;141113.28125
31266.31;141357.421875
31266.32;141357.421875
31266.33;141113.28125
31266.34;141357.421875
31266.35;141113.28125
31266.36;141357.421875
31266.37;141113.28125
31266.38;141113.28125
31266.39;141113.28125
31266.4;141357.421875
31266.41;141113.28125
31266.42;141113.28125
31266.43;141113.28125
31266.44;141113.28125
31266.45;141357.421875
31266.46;141113.28125
31266.47;141357.421875
31266.48;141357.421875
31266.49;141357.421875
31266.5;141113.28125
31266.51;141113.28125
31266.52;141357.421875
31266.53;141113.28125
31266.54;141357.421875
31266.55;141357.421875
31266.56;141113.28125
31266.57;141357.421875
31266.58;141357.421875
31266.59;141113.28125
31266.6;141113.28125
31266.61;141113.28125
31266.62;141357.421875
31266.63;141357.421875
31266.64;141113.28125
31266.65;141357.421875
31266.66;141113.28125
31266.67;141357.421875
31266.68;141113.28125
31266.69;141113.28125
31266.7;141357.421875
31266.71;141357.421875
31266.72;141357.421875
31266.73;141357.421875
31266.74;141357.421875
31266.75;141357.421875
31266.76;141113.28125
31266.77;141357.421875
31266.78;141357.421875
31266.79;141357.421875
31266.8;141113.28125
31266.81;141113.28125
31266.82;141113.28125
31266.83;141357.421875
31266.84;141113.28125
31266.85;141113.28125
31266.86;141113.28125
31266.87;141113.28125
31266.88;141113.28125
31266.89;141357.421875
31266.9;141113.28125
31266.91;141357.421875
31266.92;141113.28125
31266.93;141113.28125
31266.94;141113.28125
31266.95;141357.421875
31266.96;141357.421875
31266.97;141357.421875
31266.98;141113.28125
31266.99;141357.421875
31267.0;141113.28125
31267.01;141357.421875
31267.02;141113.28125
31267.03;141357.421875
31267.04;141113.28125
31267.05;141357.421875
31267.06;141113.28125
31267.07;141357.421875
31267.08;141357.421875
31267.09;141113.28125
31267.1;141113.28125
31267.11;141113.28125
31267.12;141357.421875
31267.13;141357.421875
31267.14;141357.421875
31267.15;141113.28125
31267.16;141357.421875
31267.17;141357.421875
31267.18;141357.421875
31267.19;141113.28125
31267.2;141113.28125
31267.21;141113.28125
31267.22;141357.421875
31267.23;141357.421875
31267.24;141113.28125
31267.25;141113.28125
31267.26;141357.421875
31267.27;141113.28125
31267.28;141113.28125
31267.29;141113.28125
31267.3;141113.28125
31267.31;141113.28125
31267.32;141357.421875
31267.33;141357.421875
31267.34;141113.28125
31267.35;141357.421875
31267.36;141113.28125
31267.37;141113.28125
31267.38;141357.421875
31267.39;141113.28125
31267.4;141357.421875
31267.41;141113.28125
31267.42;141113.28125
31267.43;141357.421875
31267.44;141357.421875
31267.45;141113.28125
31267.46;141357.421875
31267.47;141357.421875
31267.48;141357.421875
31267.49;141113.28125
31267.5;141113.28125
31267.51;141357.421875
31267.52;141113.28125
31267.53;141357.421875
31267.54;141357.421875
31267.55;141357.421875
31267.56;141357.421875
31267.57;141113.28125
31267.58;141113.28125
31267.59;141357.421875
31267.6;141357.421875
31267.61;141357.421875
31267.62;141113.28125
31267.63;141113.28125
31267.64;141113.28125
31267.65;141357.421875
31267.66;141357.421875
31267.67;141113.28125
31267.68;141357.421875
31267.69;141357.421875
31267.7;141357.421875
31267.71;141357.421875
31267.72;141357.421875
31267.73;141357.421875
31267.74;141357.421875
31267.75;141357.421875
31267.76;141113.28125
31267.77;141357.421875
31267.78;141113.28125
31267.79;141357.421875
31267.8;141113.28125
31267.81;141113.28125
31267.82;141357.421875
31267.83;141357.421875
31267.84;141113.28125
31267.85;141357.421875
31267.86;141357.421875
31267.87;141357.421875
31267.88;141113.28125
31267.89;141357.421875
31267.9;141113.28125
31267.91;141357.421875
31267.92;141357.421875
31267.93;141357.421875
31267.94;141357.421875
31267.95;141113.28125
31267.96;141357.421875
31267.97;141357.421875
31267.98;141357.421875
31267.99;141113.28125
31268.0;141357.421875
31268.01;141357.421875
31268.02;141113.28125
31268.03;141357.421875
31268.04;141357.421875
31268.05;141357.421875
31268.06;141357.421875
31268.07;141357.421875
31268.08;141357.421875
31268.09;141357.421875
31268.1;141357.421875
31268.11;141357.421875
31268.12;141113.28125
31268.13;141357.421875
31268.14;141113.28125
31268.15;141357.421875
31268.16;141357.421875
31268.17;141357.421875
31268.18;141357.421875
31268.19;141113.28125
31268.2;141113.28125
31268.21;141357.421875
31268.22;141357.421875
31268.23;141113.28125
31268.24;141357.421875
31268.25;141113.28125
31268.26;141357.421875
31268.27;141357.421875
31268.28;141113.28125
31268.29;141357.421875
31268.3;141113.28125
31268.31;141357.421875
31268.32;141357.421875
31268.33;141113.28125
31268.34;141357.421875
31268.35;141357.421875
31268.36;141357.421875
31268.37;141357.421875
31268.38;141357.421875
31268.39;141113.28125
31268.4;141357.421875
31268.41;141113.28125
31268.42;141113.28125
31268.43;141357.421875
31268.44;141113.28125
31268.45;141113.28125
31268.46;141113.28125
31268.47;141113.28125
31268.48;141113.28125
31268.49;141113.28125
31268.5;141113.28125
31268.51;141113.28125
31268.52;141113.28125
31268.53;141113.28125
31268.54;141113.28125
31268.55;141113.28125
31268.56;141357.421875
31268.57;141357.421875
31268.58;141113.28125
31268.59;141113.28125
31268.6;141113.28125
31268.61;141113.28125
31268.62;141113.28125
31268.63;141357.421875
31268.64;141113.28125
31268.65;141357.421875
31268.66;141113.28125
31268.67;141113.28125
31268.68;141357.421875
31268.69;141113.28125
31268.7;141113.28125
31268.71;141113.28125
31268.72;141113.28125
31268.73;141357.421875
31268.74;141357.421875
31268.75;141113.28125
31268.76;141113.28125
31268.77;141113.28125
31268.78;141357.421875
31268.79;141113.28125
31268.8;141113.28125
31268.81;141113.28125
31268.82;141357.421875
31268.83;141113.28125
31268.84;141113.28125
31268.85;141113.28125
31268.86;141357.421875
31268.87;141357.421875
31268.88;141113.28125
31268.89;141113.28125
31268.9;141357.421875
31268.91;141113.28125
31268.92;141357.421875
31268.93;141357.421875
31268.94;141113.28125
31268.95;141113.28125
31268.96;141357.421875
31268.97;141113.28125
31268.98;141357.421875
31268.99;141357.421875
31269.0;141357.421875
31269.01;141357.421875
31269.02;141113.28125
31269.03;141357.421875
31269.04;141113.28125
31269.05;141357.421875
31269.06;141113.28125
31269.07;141357.421875
31269.08;141113.28125
31269.09;141357.421875
31269.1;141357.421875
31269.11;141113.28125
31269.12;141357.421875
31269.13;141113.28125
31269.14;141357.421875
31269.15;141357.421875
31269.16;141113.28125
31269.17;141357.421875
31269.18;141113.28125
31269.19;141357.421875
31269.2;141357.421875
31269.21;141357.421875
31269.22;141357.421875
31269.23;141357.421875
31269.24;141113.28125
31269.25;141357.421875
31269.26;141113.28125
31269.27;141113.28125
31269.28;141357.421875
31269.29;141357.421875
31269.3;141113.28125
31269.31;141357.421875
31269.32;141113.28125
31269.33;141357.421875
31269.34;141357.421875
31269.35;141113.28125
31269.36;141113.28125
31269.37;141113.28125
31269.38;141113.28125
31269.39;141357.421875
31269.4;141113.28125
31269.41;141357.421875
31269.42;141357.421875
31269.43;141357.421875
31269.44;141357.421875
31269.45;141113.28125
31269.46;141357.421875
31269.47;141357.421875
31269.48;141113.28125
31269.49;141357.421875
31269.5;141357.421875
31269.51;141357.421875
31269.52;141357.421875
31269.53;141357.421875
31269.54;141357.421875
31269.55;141357.421875
31269.56;141357.421875
31269.57;141357.421875
31269.58;141357.421875
31269.59;141357.421875
31269.6;141357.421875
31269.61;141113.28125
31269.62;141357.421875
31269.63;141357.421875
31269.64;141357.421875
31269.65;141357.421875
31269.66;141357.421875
31269.67;141357.421875
31269.68;141357.421875
31269.69;141357.421875
31269.7;141113.28125
31269.71;141357.421875
31269.72;141357.421875
31269.73;141357.421875
31269.74;141357.421875
31269.75;141357.421875
31269.76;141357.421875
31269.77;141357.421875
31269.78;141357.421875
31269.79;141357.421875
31269.8;141357.421875
31269.81;141357.421875
31269.82;141357.421875
31269.83;141357.421875
31269.84;141357.421875
31269.85;141357.421875
31269.86;141357.421875
31269.87;141357.421875
31269.88;141113.28125
31269.89;141357.421875
31269.9;141357.421875
31269.91;141357.421875
31269.92;141113.28125
31269.93;141357.421875
31269.94;141357.421875
31269.95;141357.421875
31269.96;141357.421875
31269.97;141357.421875
31269.98;141357.421875
31269.99;141357.421875
31270.0;141357.421875
31270.01;141357.421875
31270.02;141357.421875
31270.03;141357.421875
31270.04;141357.421875
31270.05;141357.421875
31270.06;141357.421875
31270.07;141357.421875
31270.08;141357.421875
31270.09;141357.421875
31270.1;141357.421875
31270.11;141357.421875
31270.12;141357.421875
31270.13;141357.421875
31270.14;141357.421875
31270.15;141357.421875
31270.16;141357.421875
31270.17;141357.421875
31270.18;141357.421875
31270.19;141357.421875
31270.2;141357.421875
31270.21;141357.421875
31270.22;141357.421875
31270.23;141357.421875
31270.24;141357.421875
31270.25;141357.421875
31270.26;141357.421875
31270.27;141357.421875
31270.28;141357.421875
31270.29;141357.421875
31270.3;141357.421875
31270.31;141357.421875
31270.32;141357.421875
31270.33;141357.421875
31270.34;141357.421875
31270.35;141357.421875
31270.36;141357.421875
31270.37;141357.421875
31270.38;141357.421875
31270.39;141357.421875
31270.4;141357.421875
31270.41;141357.421875
31270.42;141357.421875
31270.43;141357.421875
31270.44;141357.421875
31270.45;141357.421875
31270.46;141357.421875
31270.47;141357.421875
31270.48;141357.421875
31270.49;141357.421875
31270.5;141357.421875
31270.51;141357.421875
31270.52;141357.421875
31270.53;141357.421875
31270.54;141601.5625
31270.55;141357.421875
31270.56;141357.421875
31270.57;141357.421875
31270.58;141601.5625
31270.59;141601.5625
31270.6;141357.421875
31270.61;141357.421875
31270.62;141357.421875
31270.63;141357.421875
31270.64;141357.421875
31270.65;141357.421875
31270.66;141357.421875
31270.67;141357.421875
31270.68;141357.421875
31270.69;141357.421875
31270.7;141357.421875
31270.71;141601.5625
31270.72;141601.5625
31270.73;141357.421875
31270.74;141601.5625
31270.75;141357.421875
31270.76;141601.5625
31270.77;141357.421875
31270.78;141357.421875
31270.79;141601.5625
31270.8;141357.421875
31270.81;141357.421875
31270.82;141601.5625
31270.83;141357.421875
31270.84;141601.5625
31270.85;141601.5625
31270.86;141357.421875
31270.87;141601.5625
31270.88;141357.421875
31270.89;141601.5625
31270.9;141357.421875
31270.91;141601.5625
31270.92;141601.5625
31270.93;141601.5625
31270.94;141601.5625
31270.95;141357.421875
31270.96;141357.421875
31270.97;141601.5625
31270.98;141357.421875
31270.99;141357.421875
31271.0;141357.421875
31271.01;141601.5625
31271.02;141357.421875
31271.03;141357.421875
31271.04;141601.5625
31271.05;141601.5625
31271.06;141601.5625
31271.07;141601.5625
31271.08;141601.5625
31271.09;141357.421875
31271.1;141357.421875
31271.11;141357.421875
31271.12;141357.421875
31271.13;141357.421875
31271.14;141601.5625
31271.15;141601.5625
31271.16;141601.5625
31271.17;141601.5625
31271.18;141601.5625
31271.19;141357.421875
31271.2;141601.5625
31271.21;141357.421875
31271.22;141601.5625
31271.23;141601.5625
31271.24;141601.5625
31271.25;141601.5625
31271.26;141601.5625
31271.27;141601.5625
31271.28;141357.421875
31271.29;141601.5625
31271.3;141601.5625
31271.31;141601.5625
31271.32;141601.5625
31271.33;141601.5625
31271.34;141601.5625
31271.35;141601.5625
31271.36;141601.5625
31271.37;141601.5625
31271.38;141601.5625
31271.39;141357.421875
31271.4;141601.5625
31271.41;141601.5625
31271.42;141601.5625
31271.43;141601.5625
31271.44;141601.5625
31271.45;141601.5625
31271.46;141601.5625
31271.47;141601.5625
31271.48;141601.5625
31271.49;141601.5625
31271.5;141601.5625
31271.51;141601.5625
31271.52;141601.5625
31271.53;141601.5625
31271.54;141601.5625
31271.55;141601.5625
31271.56;141601.5625
31271.57;141601.5625
31271.58;141601.5625
31271.59;141601.5625
31271.6;141601.5625
31271.61;141601.5625
31271.62;141601.5625
31271.63;141601.5625
31271.64;141601.5625
31271.65;141601.5625
31271.66;141601.5625
31271.67;141601.5625
31271.68;141601.5625
31271.69;141601.5625
31271.7;141601.5625
31271.71;141601.5625
31271.72;141357.421875
31271.73;141601.5625
31271.74;141601.5625
31271.75;141601.5625
31271.76;141601.5625
31271.77;141601.5625
31271.78;141601.5625
31271.79;141601.5625
31271.8;141601.5625
31271.81;141601.5625
31271.82;141601.5625
31271.83;141601.5625
31271.84;141601.5625
31271.85;141601.5625
31271.86;141601.5625
31271.87;141601.5625
31271.88;141601.5625
31271.89;141601.5625
31271.9;141601.5625
31271.91;141601.5625
31271.92;141601.5625
31271.93;141601.5625
31271.94;141601.5625
31271.95;141601.5625
31271.96;141601.5625
31271.97;141601.5625
31271.98;141601.5625
31271.99;141601.5625
31272.0;141601.5625
31272.01;141601.5625
31272.02;141601.5625
31272.03;141601.5625
31272.04;141601.5625
31272.05;141601.5625
31272.06;141601.5625
31272.07;141601.5625
31272.08;141601.5625
31272.09;141601.5625
31272.1;141601.5625
31272.11;141601.5625
31272.12;141601.5625
31272.13;141601.5625
31272.14;141601.5625
31272.15;141601.5625
31272.16;141601.5625
31272.17;141601.5625
31272.18;141601.5625
31272.19;141601.5625
31272.2;141601.5625
31272.21;141601.5625
31272.22;141601.5625
31272.23;141601.5625
31272.24;141601.5625
31272.25;141601.5625
31272.26;141601.5625
31272.27;141601.5625
31272.28;141601.5625
31272.29;141601.5625
31272.3;141601.5625
31272.31;141601.5625
31272.32;141601.5625
31272.33;141601.5625
31272.34;141601.5625
31272.35;141601.5625
31272.36;141601.5625
31272.37;141601.5625
31272.38;141601.5625
31272.39;141601.5625
31272.4;141601.5625
31272.41;141601.5625
31272.42;141601.5625
31272.43;141601.5625
31272.44;141601.5625
31272.45;141601.5625
31272.46;141601.5625
31272.47;141601.5625
31272.48;141357.421875
31272.49;141601.5625
31272.5;141601.5625
31272.51;141601.5625
31272.52;141601.5625
31272.53;141601.5625
31272.54;141601.5625
31272.55;141601.5625
31272.56;141601.5625
31272.57;141601.5625
31272.58;141601.5625
31272.59;141601.5625
31272.6;141601.5625
31272.61;144042.96875
31272.62;225097.65625
31272.63;153320.3125
31272.64;141357.421875
31272.65;143310.546875
31272.66;142333.984375
31272.67;142333.984375
31272.68;178222.65625
31272.69;210449.21875
31272.7;133544.921875
31272.71;145263.671875
31272.72;142333.984375
31272.73;142578.125
31272.74;145019.53125
31272.75;226562.5
31272.76;153808.59375
31272.77;141601.5625
31272.78;143554.6875
31272.79;142578.125
31272.8;142578.125
31272.81;142333.984375
31272.82;142089.84375
31272.83;142089.84375
31272.84;142089.84375
31272.85;141845.703125
31272.86;141845.703125
31272.87;144531.25
31272.88;226074.21875
31272.89;153320.3125
31272.9;141357.421875
31272.91;143310.546875
31272.92;142578.125
31272.93;142333.984375
31272.94;142089.84375
31272.95;142089.84375
31272.96;141845.703125
31272.97;141845.703125
31272.98;141845.703125
31272.99;141845.703125
31273.0;144531.25
31273.01;226074.21875
31273.02;153320.3125
31273.03;141357.421875
31273.04;143310.546875
31273.05;142578.125
31273.06;142333.984375
31273.07;142089.84375
31273.08;142089.84375
31273.09;142089.84375
31273.1;141845.703125
31273.11;141845.703125
31273.12;141601.5625
31273.13;144531.25
31273.14;226074.21875
31273.15;153320.3125
31273.16;141357.421875
31273.17;143310.546875
31273.18;142333.984375
31273.19;142578.125
31273.2;142089.84375
31273.21;142089.84375
31273.22;142089.84375
31273.23;141845.703125
31273.24;141845.703125
31273.25;141845.703125
31273.26;144531.25
31273.27;226074.21875
31273.28;153320.3125
31273.29;141357.421875
31273.3;143310.546875
31273.31;142333.984375
31273.32;142333.984375
31273.33;178222.65625
31273.34;210449.21875
31273.35;133789.0625
31273.36;145263.671875
31273.37;142333.984375
31273.38;142578.125
31273.39;145019.53125
31273.4;226562.5
31273.41;153808.59375
31273.42;141601.5625
31273.43;143554.6875
31273.44;142578.125
31273.45;142578.125
31273.46;178466.796875
31273.47;210693.359375
31273.48;133789.0625
31273.49;145263.671875
31273.5;142578.125
31273.51;142578.125
31273.52;145263.671875
31273.53;226562.5
31273.54;153808.59375
31273.55;141601.5625
31273.56;143554.6875
31273.57;142578.125
31273.58;142578.125
31273.59;178466.796875
31273.6;210693.359375
31273.61;133789.0625
31273.62;145263.671875
31273.63;142578.125
31273.64;142578.125
31273.65;145263.671875
31273.66;226562.5
31273.67;153808.59375
31273.68;141601.5625
31273.69;143554.6875
31273.7;142578.125
31273.71;142578.125
31273.72;178710.9375
31273.73;210449.21875
31273.74;133789.0625
31273.75;145263.671875
31273.76;142578.125
31273.77;142578.125
31273.78;145019.53125
31273.79;226562.5
31273.8;153808.59375
31273.81;141601.5625
31273.82;143554.6875
31273.83;142578.125
31273.84;142578.125
31273.85;142333.984375
31273.86;142089.84375
31273.87;142089.84375
31273.88;142089.84375
31273.89;141845.703125
31273.9;141845.703125
31273.91;144531.25
31273.92;226074.21875
31273.93;153320.3125
31273.94;141357.421875
31273.95;143554.6875
31273.96;142578.125
31273.97;142333.984375
31273.98;142333.984375
31273.99;142089.84375
31274.0;141845.703125
31274.01;142089.84375
31274.02;141845.703125
31274.03;141845.703125
31274.04;144531.25
31274.05;226074.21875
31274.06;153320.3125
31274.07;141357.421875
31274.08;143310.546875
31274.09;142578.125
31274.1;142333.984375
31274.11;142333.984375
31274.12;142089.84375
31274.13;142089.84375
31274.14;141845.703125
31274.15;141845.703125
31274.16;141845.703125
31274.17;144531.25
31274.18;226074.21875
31274.19;153320.3125
31274.2;141357.421875
31274.21;143310.546875
31274.22;142333.984375
31274.23;142333.984375
31274.24;142333.984375
31274.25;142089.84375
31274.26;141845.703125
31274.27;141845.703125
31274.28;141845.703125
31274.29;141845.703125
31274.3;144531.25
31274.31;226074.21875
31274.32;153320.3125
31274.33;141357.421875
31274.34;143310.546875
31274.35;142578.125
31274.36;142333.984375
31274.37;142089.84375
31274.38;142089.84375
31274.39;142089.84375
31274.4;141845.703125
31274.41;141845.703125
31274.42;141845.703125
31274.43;144531.25
31274.44;226074.21875
31274.45;153320.3125
31274.46;141357.421875
31274.47;143310.546875
31274.48;142578.125
31274.49;142333.984375
31274.5;142333.984375
31274.51;142089.84375
31274.52;142089.84375
31274.53;141845.703125
31274.54;141845.703125
31274.55;141845.703125
31274.56;144531.25
31274.57;226318.359375
31274.58;153320.3125
31274.59;141357.421875
31274.6;143310.546875
31274.61;142578.125
31274.62;142333.984375
31274.63;142333.984375
31274.64;142089.84375
31274.65;142089.84375
31274.66;141845.703125
31274.67;141845.703125
31274.68;141845.703125
31274.69;144531.25
31274.7;226318.359375
31274.71;153320.3125
31274.72;141357.421875
31274.73;143310.546875
31274.74;142333.984375
31274.75;142333.984375
31274.76;142089.84375
31274.77;142089.84375
31274.78;141845.703125
31274.79;142089.84375
31274.8;141845.703125
31274.81;141845.703125
31274.82;141845.703125
31274.83;141601.5625
31274.84;141601.5625
31274.85;141845.703125
31274.86;141601.5625
31274.87;141601.5625
31274.88;141601.5625
31274.89;141601.5625
31274.9;141601.5625
31274.91;141601.5625
31274.92;141601.5625
31274.93;141601.5625
31274.94;141601.5625
31274.95;141601.5625
31274.96;141601.5625
31274.97;141601.5625
31274.98;141601.5625
31274.99;141601.5625
31275.0;141601.5625
31275.01;141601.5625
31275.02;141845.703125
31275.03;141601.5625
31275.04;141601.5625
31275.05;141601.5625
31275.06;141601.5625
31275.07;141601.5625
31275.08;141601.5625
31275.09;141601.5625
31275.1;141601.5625
31275.11;141601.5625
31275.12;141601.5625
31275.13;141601.5625
31275.14;141601.5625
31275.15;141601.5625
31275.16;141601.5625
31275.17;141601.5625
31275.18;141601.5625
31275.19;141601.5625
31275.2;141601.5625
31275.21;141601.5625
31275.22;141601.5625
31275.23;141601.5625
31275.24;141601.5625
31275.25;141845.703125
31275.26;141601.5625
31275.27;141845.703125
31275.28;141601.5625
31275.29;141601.5625
31275.3;141601.5625
31275.31;141601.5625
31275.32;141601.5625
31275.33;141601.5625
31275.34;141601.5625
31275.35;141601.5625
31275.36;141601.5625
31275.37;141601.5625
31275.38;141601.5625
31275.39;141601.5625
31275.4;141601.5625
31275.41;141601.5625
31275.42;141601.5625
31275.43;141601.5625
31275.44;141601.5625
31275.45;141601.5625
31275.46;141601.5625
31275.47;141601.5625
31275.48;141601.5625
31275.49;141601.5625
31275.5;141601.5625
31275.51;141601.5625
31275.52;141601.5625
31275.53;141601.5625
31275.54;141601.5625
31275.55;141601.5625
31275.56;141601.5625
31275.57;141601.5625
31275.58;141601.5625
31275.59;141601.5625
31275.6;141601.5625
31275.61;141601.5625
31275.62;141601.5625
31275.63;141601.5625
31275.64;141601.5625
31275.65;141601.5625
31275.66;141601.5625
31275.67;141601.5625
31275.68;141601.5625
31275.69;141601.5625
31275.7;141845.703125
31275.71;141601.5625
31275.72;141601.5625
31275.73;141601.5625
31275.74;141601.5625
31275.75;141601.5625
31275.76;141601.5625
31275.77;141601.5625
31275.78;141601.5625
31275.79;141601.5625
31275.8;141601.5625
31275.81;141601.5625
31275.82;141601.5625
31275.83;141601.5625
31275.84;141601.5625
31275.85;141601.5625
31275.86;141601.5625
31275.87;141601.5625
31275.88;141601.5625
31275.89;141601.5625
31275.9;141601.5625
31275.91;141601.5625
31275.92;141601.5625
31275.93;141601.5625
31275.94;141601.5625
31275.95;141601.5625
31275.96;141601.5625
31275.97;141601.5625
31275.98;141601.5625
31275.99;141601.5625
31276.0;141601.5625
31276.01;141601.5625
31276.02;141601.5625
31276.03;141601.5625
31276.04;141601.5625
31276.05;141601.5625
31276.06;141601.5625
31276.07;141601.5625
31276.08;141601.5625
31276.09;141601.5625
31276.1;141601.5625
31276.11;141601.5625
31276.12;141601.5625
31276.13;141601.5625
31276.14;141601.5625
31276.15;141601.5625
31276.16;141601.5625
31276.17;141601.5625
31276.18;141601.5625
31276.19;141601.5625
31276.2;141601.5625
31276.21;141845.703125
31276.22;141601.5625
31276.23;141601.5625
31276.24;141601.5625
31276.25;141601.5625
31276.26;141601.5625
31276.27;141601.5625
31276.28;141601.5625
31276.29;141601.5625
31276.3;141601.5625
31276.31;141601.5625
31276.32;141601.5625
31276.33;141601.5625
31276.34;141601.5625
31276.35;141601.5625
31276.36;141601.5625
31276.37;141601.5625
31276.38;141601.5625
31276.39;141601.5625
31276.4;141601.5625
31276.41;141601.5625
31276.42;141601.5625
31276.43;141601.5625
31276.44;141601.5625
31276.45;141601.5625
31276.46;141601.5625
31276.47;141601.5625
31276.48;141601.5625
31276.49;141601.5625
31276.5;141601.5625
31276.51;141601.5625
31276.52;141601.5625
31276.53;141601.5625
31276.54;141601.5625
31276.55;141601.5625
31276.56;141601.5625
31276.57;141601.5625
31276.58;141601.5625
31276.59;141601.5625
31276.6;141601.5625
31276.61;141601.5625
31276.62;141601.5625
31276.63;141601.5625
31276.64;141601.5625
31276.65;141601.5625
31276.66;141601.5625
31276.67;141601.5625
31276.68;141601.5625
31276.69;141601.5625
31276.7;141601.5625
31276.71;141601.5625
31276.72;141601.5625
31276.73;141601.5625
31276.74;141601.5625
31276.75;141601.5625
31276.76;141601.5625
31276.77;141601.5625
31276.78;141601.5625
31276.79;141601.5625
31276.8;141601.5625
31276.81;141601.5625
31276.82;141601.5625
31276.83;141601.5625
31276.84;141601.5625
31276.85;141601.5625
31276.86;141601.5625
31276.87;141601.5625
31276.88;141601.5625
31276.89;141601.5625
31276.9;141601.5625
31276.91;141601.5625
31276.92;141601.5625
31276.93;141601.5625
31276.94;141357.421875
31276.95;141601.5625
31276.96;141601.5625
31276.97;141601.5625
31276.98;141601.5625
31276.99;141601.5625
31277.0;141601.5625
31277.01;141601.5625
31277.02;141601.5625
31277.03;141601.5625
31277.04;141601.5625
31277.05;141601.5625
31277.06;141601.5625
31277.07;141601.5625
31277.08;141601.5625
31277.09;141601.5625
31277.1;141601.5625
31277.11;141601.5625
31277.12;141601.5625
31277.13;141601.5625
31277.14;141601.5625
31277.15;141601.5625
31277.16;141601.5625
31277.17;141601.5625
31277.18;141601.5625
31277.19;141601.5625
31277.2;141601.5625
31277.21;141601.5625
31277.22;141601.5625
31277.23;141601.5625
31277.24;141601.5625
31277.25;141601.5625
31277.26;141601.5625
31277.27;141601.5625
31277.28;141601.5625
31277.29;141601.5625
31277.3;141601.5625
31277.31;141601.5625
31277.32;141601.5625
31277.33;141601.5625
31277.34;141601.5625
31277.35;141601.5625
31277.36;141601.5625
31277.37;141601.5625
31277.38;141601.5625
31277.39;141601.5625
31277.4;141601.5625
31277.41;141601.5625
31277.42;141601.5625
31277.43;141601.5625
31277.44;141601.5625
31277.45;141601.5625
31277.46;141601.5625
31277.47;141601.5625
31277.48;141601.5625
31277.49;141601.5625
31277.5;141601.5625
31277.51;141601.5625
31277.52;141601.5625
31277.53;141601.5625
31277.54;141601.5625
31277.55;141601.5625
31277.56;141601.5625
31277.57;141601.5625
31277.58;141601.5625
31277.59;141601.5625
31277.6;141601.5625
31277.61;141601.5625
31277.62;141601.5625
31277.63;141601.5625
31277.64;141601.5625
31277.65;141601.5625
31277.66;141601.5625
31277.67;141601.5625
31277.68;141601.5625
31277.69;141357.421875
31277.7;141601.5625
31277.71;141357.421875
31277.72;141601.5625
31277.73;141357.421875
31277.74;141601.5625
31277.75;141601.5625
31277.76;141601.5625
31277.77;141601.5625
31277.78;141601.5625
31277.79;141601.5625
31277.8;141601.5625
31277.81;141601.5625
31277.82;141601.5625
31277.83;141601.5625
31277.84;141357.421875
31277.85;141601.5625
31277.86;141601.5625
31277.87;141357.421875
31277.88;141601.5625
31277.89;141601.5625
31277.9;141357.421875
31277.91;141601.5625
31277.92;141357.421875
31277.93;141601.5625
31277.94;141357.421875
31277.95;141601.5625
31277.96;141601.5625
31277.97;141601.5625
31277.98;141601.5625
31277.99;141601.5625
31278.0;141601.5625
31278.01;141601.5625
31278.02;141357.421875
31278.03;141357.421875
31278.04;141601.5625
31278.05;141601.5625
31278.06;141357.421875
31278.07;141357.421875
31278.08;141357.421875
31278.09;141357.421875
31278.1;141357.421875
31278.11;141601.5625
31278.12;141357.421875
31278.13;141601.5625
31278.14;141357.421875
31278.15;141601.5625
31278.16;141357.421875
31278.17;141357.421875
31278.18;141357.421875
31278.19;141601.5625
31278.2;141357.421875
31278.21;141357.421875
31278.22;141357.421875
31278.23;141357.421875
31278.24;141357.421875
31278.25;141601.5625
31278.26;141357.421875
31278.27;141357.421875
31278.28;141357.421875
31278.29;141357.421875
31278.3;141357.421875
31278.31;141357.421875
31278.32;141357.421875
31278.33;141357.421875
31278.34;141357.421875
31278.35;141357.421875
31278.36;141357.421875
31278.37;141357.421875
31278.38;141357.421875
31278.39;141601.5625
31278.4;141357.421875
31278.41;141357.421875
31278.42;141357.421875
31278.43;141357.421875
31278.44;141357.421875
31278.45;141357.421875
31278.46;141357.421875
31278.47;141357.421875
31278.48;141357.421875
31278.49;141357.421875
31278.5;141357.421875
31278.51;141357.421875
31278.52;141357.421875
31278.53;141357.421875
31278.54;141357.421875
31278.55;141357.421875
31278.56;141357.421875
31278.57;141357.421875
31278.58;141357.421875
31278.59;141357.421875
31278.6;141357.421875
31278.61;141357.421875
31278.62;141357.421875
31278.63;141357.421875
31278.64;141357.421875
31278.65;141357.421875
31278.66;141357.421875
31278.67;141357.421875
31278.68;141357.421875
31278.69;141357.421875
31278.7;141357.421875
31278.71;141357.421875
31278.72;141357.421875
31278.73;141357.421875
31278.74;141357.421875
31278.75;141357.421875
31278.76;141357.421875
31278.77;141357.421875
31278.78;141357.421875
31278.79;141357.421875
31278.8;141357.421875
31278.81;141357.421875
31278.82;141357.421875
31278.83;141357.421875
31278.84;141357.421875
31278.85;141357.421875
31278.86;141357.421875
31278.87;141357.421875
31278.88;141357.421875
31278.89;141357.421875
31278.9;141357.421875
31278.91;141357.421875
31278.92;141357.421875
31278.93;141357.421875
31278.94;141357.421875
31278.95;141357.421875
31278.96;141357.421875
31278.97;141357.421875
31278.98;141357.421875
31278.99;141357.421875
31279.0;141357.421875
31279.01;141357.421875
31279.02;141357.421875
31279.03;141357.421875
31279.04;141357.421875
31279.05;141357.421875
31279.06;141357.421875
31279.07;141113.28125
31279.08;141357.421875
31279.09;141357.421875
31279.1;141357.421875
31279.11;141357.421875
31279.12;141357.421875
31279.13;141357.421875
31279.14;141113.28125
31279.15;141357.421875
31279.16;141113.28125
31279.17;141357.421875
31279.18;141357.421875
31279.19;141357.421875
31279.2;141357.421875
31279.21;141357.421875
31279.22;141357.421875
31279.23;141357.421875
31279.24;141357.421875
31279.25;141357.421875
31279.26;141357.421875
31279.27;141357.421875
31279.28;141357.421875
31279.29;141357.421875
31279.3;141357.421875
31279.31;141357.421875
31279.32;141357.421875
31279.33;141357.421875
31279.34;141357.421875
31279.35;141357.421875
31279.36;141357.421875
31279.37;141357.421875
31279.38;141113.28125
31279.39;141357.421875
31279.4;141357.421875
31279.41;141357.421875
31279.42;141357.421875
31279.43;141357.421875
31279.44;141357.421875
31279.45;141357.421875
31279.46;141357.421875
31279.47;141357.421875
31279.48;141357.421875
31279.49;141357.421875
31279.5;141357.421875
31279.51;141357.421875
31279.52;141357.421875
31279.53;141357.421875
31279.54;141357.421875
31279.55;141357.421875
31279.56;141357.421875
31279.57;141113.28125
31279.58;141357.421875
31279.59;141357.421875
31279.6;141357.421875
31279.61;141357.421875
31279.62;141357.421875
31279.63;141357.421875
31279.64;141357.421875
31279.65;141357.421875
31279.66;141113.28125
31279.67;141357.421875
31279.68;141357.421875
31279.69;141357.421875
31279.7;141113.28125
31279.71;141357.421875
31279.72;141357.421875
31279.73;141357.421875
31279.74;141357.421875
31279.75;141357.421875
31279.76;141113.28125
31279.77;141357.421875
31279.78;141357.421875
31279.79;141113.28125
31279.8;141357.421875
31279.81;141113.28125
31279.82;141357.421875
31279.83;141113.28125
31279.84;141357.421875
31279.85;141357.421875
31279.86;141357.421875
31279.87;141113.28125
31279.88;141357.421875
31279.89;141357.421875
31279.9;141113.28125
31279.91;141357.421875
31279.92;141357.421875
31279.93;141357.421875
31279.94;141113.28125
31279.95;141357.421875
31279.96;141357.421875
31279.97;141113.28125
31279.98;141113.28125
31279.99;141113.28125
31280.0;141357.421875
31280.01;141113.28125
31280.02;141113.28125
31280.03;141113.28125
31280.04;141357.421875
31280.05;141357.421875
31280.06;141357.421875
31280.07;141357.421875
31280.08;141357.421875
31280.09;141357.421875
31280.1;141357.421875
31280.11;141357.421875
31280.12;141113.28125
31280.13;141357.421875
31280.14;141113.28125
31280.15;141357.421875
31280.16;141113.28125
31280.17;141357.421875
31280.18;141357.421875
31280.19;141113.28125
31280.2;141357.421875
31280.21;141357.421875
31280.22;141113.28125
31280.23;141357.421875
31280.24;141357.421875
31280.25;141113.28125
31280.26;141113.28125
31280.27;141357.421875
31280.28;141357.421875
31280.29;141113.28125
31280.3;141357.421875
31280.31;141113.28125
31280.32;141113.28125
31280.33;141357.421875
31280.34;141357.421875
31280.35;141357.421875
31280.36;141357.421875
31280.37;141357.421875
31280.38;141113.28125
31280.39;141357.421875
31280.4;141357.421875
31280.41;141113.28125
31280.42;141113.28125
31280.43;141113.28125
31280.44;141357.421875
31280.45;141113.28125
31280.46;141113.28125
31280.47;141113.28125
31280.48;141113.28125
31280.49;141357.421875
31280.5;141113.28125
31280.51;141113.28125
31280.52;141357.421875
31280.53;141113.28125
31280.54;141113.28125
31280.55;141113.28125
31280.56;141113.28125
31280.57;141113.28125
31280.58;141357.421875
31280.59;141357.421875
31280.6;141357.421875
31280.61;141113.28125
31280.62;141113.28125
31280.63;141113.28125
31280.64;141113.28125
31280.65;141113.28125
31280.66;141113.28125
31280.67;141113.28125
31280.68;141113.28125
31280.69;141357.421875
31280.7;141113.28125
31280.71;141113.28125
31280.72;141113.28125
31280.73;141113.28125
31280.74;141113.28125
31280.75;141113.28125
31280.76;141113.28125
31280.77;141113.28125
31280.78;141113.28125
31280.79;141357.421875
31280.8;141113.28125
31280.81;141113.28125
31280.82;141357.421875
31280.83;141113.28125
31280.84;141113.28125
31280.85;141113.28125
31280.86;141113.28125
31280.87;141113.28125
31280.88;141113.28125
31280.89;141113.28125
31280.9;141113.28125
31280.91;141113.28125
31280.92;141113.28125
31280.93;141113.28125
31280.94;141113.28125
31280.95;141357.421875
31280.96;141113.28125
31280.97;141113.28125
31280.98;141113.28125
31280.99;141113.28125
31281.0;141113.28125
31281.01;141113.28125
31281.02;141113.28125
31281.03;141357.421875
31281.04;141113.28125
31281.05;141113.28125
31281.06;141357.421875
31281.07;141113.28125
31281.08;141113.28125
31281.09;141113.28125
31281.1;141113.28125
31281.11;141113.28125
31281.12;141113.28125
31281.13;141113.28125
31281.14;141357.421875
31281.15;141113.28125
31281.16;141113.28125
31281.17;141113.28125
31281.18;141113.28125
31281.19;141113.28125
31281.2;141113.28125
31281.21;141357.421875
31281.22;141113.28125
31281.23;141357.421875
31281.24;141113.28125
31281.25;141357.421875
31281.26;141113.28125
31281.27;141113.28125
31281.28;141113.28125
31281.29;141113.28125
31281.3;141113.28125
31281.31;141113.28125
31281.32;141357.421875
31281.33;141113.28125
31281.34;141113.28125
31281.35;141113.28125
31281.36;141113.28125
31281.37;141113.28125
31281.38;141113.28125
31281.39;141357.421875
31281.4;141113.28125
31281.41;141113.28125
31281.42;141113.28125
31281.43;141113.28125
31281.44;141113.28125
31281.45;141113.28125
31281.46;141357.421875
31281.47;141113.28125
31281.48;141113.28125
31281.49;141357.421875
31281.5;141113.28125
31281.51;141113.28125
31281.52;141113.28125
31281.53;141113.28125
31281.54;141357.421875
31281.55;141113.28125
31281.56;141113.28125
31281.57;141113.28125
31281.58;141357.421875
31281.59;141113.28125
31281.6;141113.28125
31281.61;141357.421875
31281.62;141357.421875
31281.63;141113.28125
31281.64;141113.28125
31281.65;141113.28125
31281.66;141113.28125
31281.67;141113.28125
31281.68;141357.421875
31281.69;141113.28125
31281.7;141113.28125
31281.71;141357.421875
31281.72;141113.28125
31281.73;141113.28125
31281.74;141113.28125
31281.75;141113.28125
31281.76;141113.28125
31281.77;141113.28125
31281.78;141113.28125
31281.79;141113.28125
31281.8;141113.28125
31281.81;141113.28125
31281.82;141113.28125
31281.83;141113.28125
31281.84;141113.28125
31281.85;141113.28125
31281.86;141113.28125
31281.87;141113.28125
31281.88;141357.421875
31281.89;141113.28125
31281.9;141113.28125
31281.91;141113.28125
31281.92;141113.28125
31281.93;141113.28125
31281.94;141113.28125
31281.95;141113.28125
31281.96;141357.421875
31281.97;141113.28125
31281.98;141357.421875
31281.99;141113.28125
31282.0;141357.421875
31282.01;141113.28125
31282.02;141113.28125
31282.03;141357.421875
31282.04;141113.28125
31282.05;141113.28125
31282.06;141113.28125
31282.07;141113.28125
31282.08;141113.28125
31282.09;141357.421875
31282.1;141113.28125
31282.11;141113.28125
31282.12;141113.28125
31282.13;141357.421875
31282.14;141113.28125
31282.15;141113.28125
31282.16;141357.421875
31282.17;141113.28125
31282.18;141357.421875
31282.19;141113.28125
31282.2;141113.28125
31282.21;141113.28125
31282.22;141113.28125
31282.23;141113.28125
31282.24;141113.28125
31282.25;141113.28125
31282.26;141113.28125
31282.27;141113.28125
31282.28;141113.28125
31282.29;141113.28125
31282.3;141113.28125
31282.31;141357.421875
31282.32;141113.28125
31282.33;141357.421875
31282.34;141113.28125
31282.35;141113.28125
31282.36;141113.28125
31282.37;141113.28125
31282.38;141113.28125
31282.39;141113.28125
31282.4;141113.28125
31282.41;141357.421875
31282.42;141113.28125
31282.43;141113.28125
31282.44;141113.28125
31282.45;141357.421875
31282.46;141113.28125
31282.47;141113.28125
31282.48;141357.421875
31282.49;141113.28125
31282.5;141113.28125
31282.51;141113.28125
31282.52;141113.28125
31282.53;141357.421875
31282.54;141357.421875
31282.55;141113.28125
31282.56;141113.28125
31282.57;141113.28125
31282.58;141113.28125
31282.59;141113.28125
31282.6;141113.28125
31282.61;141113.28125
31282.62;141113.28125
31282.63;141113.28125
31282.64;141113.28125
31282.65;141113.28125
31282.66;141357.421875
31282.67;141113.28125
31282.68;141113.28125
31282.69;141113.28125
31282.7;141113.28125
31282.71;141357.421875
31282.72;141113.28125
31282.73;141113.28125
31282.74;141357.421875
31282.75;141357.421875
31282.76;141357.421875
31282.77;141113.28125
31282.78;141113.28125
31282.79;141357.421875
31282.8;141113.28125
31282.81;141113.28125
31282.82;141357.421875
31282.83;141113.28125
31282.84;141113.28125
31282.85;141113.28125
31282.86;141357.421875
31282.87;141113.28125
31282.88;141357.421875
31282.89;141357.421875
31282.9;141113.28125
31282.91;141113.28125
31282.92;141357.421875
31282.93;141113.28125
31282.94;141113.28125
31282.95;141357.421875
31282.96;141113.28125
31282.97;141113.28125
31282.98;141357.421875
31282.99;141113.28125
31283.0;141113.28125
31283.01;141113.28125
31283.02;141357.421875
31283.03;141113.28125
31283.04;141357.421875
31283.05;141113.28125
31283.06;141357.421875
31283.07;141113.28125
31283.08;141113.28125
31283.09;141113.28125
31283.1;141113.28125
31283.11;141357.421875
31283.12;141113.28125
31283.13;141113.28125
31283.14;141113.28125
31283.15;141357.421875
31283.16;141113.28125
31283.17;141357.421875
31283.18;141113.28125
31283.19;141357.421875
31283.2;141113.28125
31283.21;141357.421875
31283.22;141113.28125
31283.23;141113.28125
31283.24;141113.28125
31283.25;141113.28125
31283.26;141113.28125
31283.27;141357.421875
31283.28;141113.28125
31283.29;141357.421875
31283.3;141113.28125
31283.31;141357.421875
31283.32;141113.28125
31283.33;141113.28125
31283.34;141113.28125
31283.35;141113.28125
31283.36;141113.28125
31283.37;141113.28125
31283.38;141113.28125
31283.39;141357.421875
31283.4;141113.28125
31283.41;141357.421875
31283.42;141357.421875
31283.43;141113.28125
31283.44;141357.421875
31283.45;141113.28125
31283.46;141113.28125
31283.47;141113.28125
31283.48;141113.28125
31283.49;141113.28125
31283.5;141357.421875
31283.51;141113.28125
31283.52;141357.421875
31283.53;141113.28125
31283.54;141113.28125
31283.55;141113.28125
31283.56;141113.28125
31283.57;141357.421875
31283.58;141113.28125
31283.59;141113.28125
31283.6;141357.421875
31283.61;141357.421875
31283.62;141113.28125
31283.63;141357.421875
31283.64;141113.28125
31283.65;141113.28125
31283.66;141113.28125
31283.67;141357.421875
31283.68;141113.28125
31283.69;141357.421875
31283.7;141113.28125
31283.71;141357.421875
31283.72;141357.421875
31283.73;141113.28125
31283.74;141357.421875
31283.75;141113.28125
31283.76;141113.28125
31283.77;141357.421875
31283.78;141357.421875
31283.79;141357.421875
31283.8;141113.28125
31283.81;141113.28125
31283.82;141357.421875
31283.83;141357.421875
31283.84;141113.28125
31283.85;141113.28125
31283.86;141113.28125
31283.87;141357.421875
31283.88;141357.421875
31283.89;141113.28125
31283.9;141113.28125
31283.91;141357.421875
31283.92;141357.421875
31283.93;141357.421875
31283.94;141357.421875
31283.95;141357.421875
31283.96;141357.421875
31283.97;141357.421875
31283.98;141113.28125
31283.99;141357.421875
31284.0;141357.421875
31284.01;141113.28125
31284.02;141113.28125
31284.03;141357.421875
31284.04;141357.421875
31284.05;141357.421875
31284.06;141357.421875
31284.07;141113.28125
31284.08;141113.28125
31284.09;141357.421875
31284.1;141113.28125
31284.11;141357.421875
31284.12;141113.28125
31284.13;141357.421875
31284.14;141113.28125
31284.15;141357.421875
31284.16;141357.421875
31284.17;141113.28125
31284.18;141357.421875
31284.19;141113.28125
31284.2;141113.28125
31284.21;141357.421875
31284.22;141357.421875
31284.23;141113.28125
31284.24;141357.421875
31284.25;141357.421875
31284.26;141113.28125
31284.27;141357.421875
31284.28;141113.28125
31284.29;141113.28125
31284.3;141357.421875
31284.31;141113.28125
31284.32;141113.28125
31284.33;141357.421875
31284.34;141357.421875
31284.35;141357.421875
31284.36;141357.421875
31284.37;141113.28125
31284.38;141357.421875
31284.39;141113.28125
31284.4;141357.421875
31284.41;141113.28125
31284.42;141113.28125
31284.43;141113.28125
31284.44;141113.28125
31284.45;141113.28125
31284.46;141113.28125
31284.47;141113.28125
31284.48;141113.28125
31284.49;141113.28125
31284.5;141113.28125
31284.51;141113.28125
31284.52;141113.28125
31284.53;141113.28125
31284.54;141113.28125
31284.55;141113.28125
31284.56;141357.421875
31284.57;141113.28125
31284.58;141113.28125
31284.59;141357.421875
31284.6;141113.28125
31284.61;141113.28125
31284.62;141113.28125
31284.63;141357.421875
31284.64;141113.28125
31284.65;141113.28125
31284.66;141113.28125
31284.67;141113.28125
31284.68;141113.28125
31284.69;141357.421875
31284.7;141113.28125
31284.71;141113.28125
31284.72;141357.421875
31284.73;141113.28125
31284.74;141113.28125
31284.75;141113.28125
31284.76;141113.28125
31284.77;141113.28125
31284.78;141113.28125
31284.79;141113.28125
31284.8;141113.28125
31284.81;141357.421875
31284.82;141113.28125
31284.83;141113.28125
31284.84;141113.28125
31284.85;141113.28125
31284.86;141357.421875
31284.87;141113.28125
31284.88;141113.28125
31284.89;141113.28125
31284.9;141113.28125
31284.91;141113.28125
31284.92;141113.28125
31284.93;141113.28125
31284.94;141357.421875
31284.95;141113.28125
31284.96;141357.421875
31284.97;141113.28125
31284.98;141113.28125
31284.99;141113.28125
31285.0;141113.28125
31285.01;141113.28125
31285.02;141113.28125
31285.03;141113.28125
31285.04;141113.28125
31285.05;141113.28125
31285.06;141113.28125
31285.07;141113.28125
31285.08;141357.421875
31285.09;141113.28125
31285.1;141357.421875
31285.11;141113.28125
31285.12;141357.421875
31285.13;141113.28125
31285.14;141113.28125
31285.15;141113.28125
31285.16;141113.28125
31285.17;141113.28125
31285.18;141113.28125
31285.19;141113.28125
31285.2;141357.421875
31285.21;141113.28125
31285.22;141113.28125
31285.23;141357.421875
31285.24;141113.28125
31285.25;141113.28125
31285.26;141357.421875
31285.27;141113.28125
31285.28;141113.28125
31285.29;141113.28125
31285.3;141113.28125
31285.31;141113.28125
31285.32;141357.421875
31285.33;141113.28125
31285.34;141357.421875
31285.35;141113.28125
31285.36;141113.28125
31285.37;141113.28125
31285.38;141113.28125
31285.39;141113.28125
31285.4;141113.28125
31285.41;141113.28125
31285.42;141357.421875
31285.43;141113.28125
31285.44;141113.28125
31285.45;141113.28125
31285.46;141113.28125
31285.47;141113.28125
31285.48;141113.28125
31285.49;141113.28125
31285.5;141357.421875
31285.51;141113.28125
31285.52;141113.28125
31285.53;141113.28125
31285.54;141113.28125
31285.55;141357.421875
31285.56;141113.28125
31285.57;141113.28125
31285.58;141113.28125
31285.59;141113.28125
31285.6;141113.28125
31285.61;141113.28125
31285.62;141357.421875
31285.63;141113.28125
31285.64;141113.28125
31285.65;141113.28125
31285.66;141113.28125
31285.67;141357.421875
31285.68;141113.28125
31285.69;141113.28125
31285.7;141113.28125
31285.71;141113.28125
31285.72;141113.28125
31285.73;141113.28125
31285.74;141113.28125
31285.75;141113.28125
31285.76;141113.28125
31285.77;141357.421875
31285.78;141113.28125
31285.79;141357.421875
31285.8;141113.28125
31285.81;141113.28125
31285.82;141113.28125
31285.83;141113.28125
31285.84;141113.28125
31285.85;141113.28125
31285.86;141113.28125
31285.87;141357.421875
31285.88;141113.28125
31285.89;141113.28125
31285.9;141113.28125
31285.91;141113.28125
31285.92;141113.28125
31285.93;141113.28125
31285.94;141113.28125
31285.95;141113.28125
31285.96;141357.421875
31285.97;141113.28125
31285.98;141113.28125
31285.99;141357.421875
31286.0;141113.28125
31286.01;141113.28125
31286.02;141113.28125
31286.03;141113.28125
31286.04;141113.28125
31286.05;141113.28125
31286.06;141113.28125
31286.07;141357.421875
31286.08;141113.28125
31286.09;141357.421875
31286.1;141113.28125
31286.11;141113.28125
31286.12;141113.28125
31286.13;141113.28125
31286.14;141113.28125
31286.15;141113.28125
31286.16;141357.421875
31286.17;141113.28125
31286.18;141113.28125
31286.19;141113.28125
31286.2;141357.421875
31286.21;141113.28125
31286.22;141113.28125
31286.23;141113.28125
31286.24;141113.28125
31286.25;141113.28125
31286.26;141357.421875
31286.27;141113.28125
31286.28;141357.421875
31286.29;141113.28125
31286.3;141357.421875
31286.31;141357.421875
31286.32;141113.28125
31286.33;141113.28125
31286.34;141113.28125
31286.35;141113.28125
31286.36;141113.28125
31286.37;141113.28125
31286.38;141357.421875
31286.39;141113.28125
31286.4;141357.421875
31286.41;141113.28125
31286.42;141113.28125
31286.43;141113.28125
31286.44;141113.28125
31286.45;141113.28125
31286.46;141357.421875
31286.47;141113.28125
31286.48;141113.28125
31286.49;141113.28125
31286.5;141113.28125
31286.51;141357.421875
31286.52;141113.28125
31286.53;141113.28125
31286.54;141113.28125
31286.55;141357.421875
31286.56;141113.28125
31286.57;141113.28125
31286.58;141113.28125
31286.59;141113.28125
31286.6;141113.28125
31286.61;141113.28125
31286.62;141113.28125
31286.63;141357.421875
31286.64;141113.28125
31286.65;141357.421875
31286.66;141113.28125
31286.67;141113.28125
31286.68;141113.28125
31286.69;141113.28125
31286.7;141357.421875
31286.71;141113.28125
31286.72;141113.28125
31286.73;141357.421875
31286.74;141113.28125
31286.75;141113.28125
31286.76;141113.28125
31286.77;141113.28125
31286.78;141113.28125
31286.79;141113.28125
31286.8;141113.28125
31286.81;141357.421875
31286.82;141113.28125
31286.83;141113.28125
31286.84;141113.28125
31286.85;141113.28125
31286.86;141357.421875
31286.87;141113.28125
31286.88;141113.28125
31286.89;141113.28125
31286.9;141113.28125
31286.91;141113.28125
31286.92;141113.28125
31286.93;141113.28125
31286.94;141113.28125
31286.95;141113.28125
31286.96;141113.28125
31286.97;141113.28125
31286.98;141113.28125
31286.99;141113.28125
31287.0;141113.28125
31287.01;141357.421875
31287.02;141113.28125
31287.03;141113.28125
31287.04;141357.421875
31287.05;141357.421875
31287.06;141357.421875
31287.07;141113.28125
31287.08;141357.421875
31287.09;141113.28125
31287.1;141113.28125
31287.11;141113.28125
31287.12;141113.28125
31287.13;141113.28125
31287.14;141357.421875
31287.15;141357.421875
31287.16;141113.28125
31287.17;141357.421875
31287.18;141113.28125
31287.19;141113.28125
31287.2;141113.28125
31287.21;141113.28125
31287.22;141113.28125
31287.23;141357.421875
31287.24;141113.28125
31287.25;141113.28125
31287.26;141113.28125
31287.27;141357.421875
31287.28;141357.421875
31287.29;141113.28125
31287.3;141113.28125
31287.31;141113.28125
31287.32;141113.28125
31287.33;141113.28125
31287.34;141113.28125
31287.35;141357.421875
31287.36;141113.28125
31287.37;141357.421875
31287.38;141357.421875
31287.39;141113.28125
31287.4;141113.28125
31287.41;141113.28125
31287.42;141357.421875
31287.43;141113.28125
31287.44;141357.421875
31287.45;141113.28125
31287.46;141113.28125
31287.47;141357.421875
31287.48;141357.421875
31287.49;141357.421875
31287.5;141113.28125
31287.51;141357.421875
31287.52;141357.421875
31287.53;141113.28125
31287.54;141113.28125
31287.55;141357.421875
31287.56;141113.28125
31287.57;141357.421875
31287.58;141357.421875
31287.59;141113.28125
31287.6;141357.421875
31287.61;141357.421875
31287.62;141357.421875
31287.63;141113.28125
31287.64;141113.28125
31287.65;141357.421875
31287.66;141357.421875
31287.67;141113.28125
31287.68;141357.421875
31287.69;141357.421875
31287.7;141357.421875
31287.71;141113.28125
31287.72;141357.421875
31287.73;141113.28125
31287.74;141357.421875
31287.75;141113.28125
31287.76;141357.421875
31287.77;141113.28125
31287.78;141357.421875
31287.79;141113.28125
31287.8;141357.421875
31287.81;141113.28125
31287.82;141357.421875
31287.83;141113.28125
31287.84;141357.421875
31287.85;141113.28125
31287.86;141113.28125
31287.87;141113.28125
31287.88;141357.421875
31287.89;141357.421875
31287.9;141357.421875
31287.91;141357.421875
31287.92;141357.421875
31287.93;141357.421875
31287.94;141113.28125
31287.95;141113.28125
31287.96;141357.421875
31287.97;141113.28125
31287.98;141357.421875
31287.99;141113.28125
31288.0;141357.421875
31288.01;141113.28125
31288.02;141357.421875
31288.03;141357.421875
31288.04;141113.28125
31288.05;141357.421875
31288.06;141113.28125
31288.07;141357.421875
31288.08;141113.28125
31288.09;141357.421875
31288.1;141357.421875
31288.11;141357.421875
31288.12;141357.421875
31288.13;141357.421875
31288.14;141113.28125
31288.15;141357.421875
31288.16;141113.28125
31288.17;141113.28125
31288.18;141113.28125
31288.19;141357.421875
31288.2;141357.421875
31288.21;141357.421875
31288.22;141357.421875
31288.23;141357.421875
31288.24;141357.421875
31288.25;141357.421875
31288.26;141357.421875
31288.27;141357.421875
31288.28;141357.421875
31288.29;141357.421875
31288.3;141113.28125
31288.31;141357.421875
31288.32;141113.28125
31288.33;141357.421875
31288.34;141357.421875
31288.35;141357.421875
31288.36;141113.28125
31288.37;141357.421875
31288.38;141357.421875
31288.39;141357.421875
31288.4;141113.28125
31288.41;141113.28125
31288.42;141357.421875
31288.43;141113.28125
31288.44;141357.421875
31288.45;141357.421875
31288.46;141113.28125
31288.47;141357.421875
31288.48;141113.28125
31288.49;141113.28125
31288.5;141357.421875
31288.51;141113.28125
31288.52;141357.421875
31288.53;141357.421875
31288.54;141113.28125
31288.55;141357.421875
31288.56;141357.421875
31288.57;141113.28125
31288.58;141357.421875
31288.59;141113.28125
31288.6;141357.421875
31288.61;141113.28125
31288.62;141113.28125
31288.63;141357.421875
31288.64;141357.421875
31288.65;141357.421875
31288.66;141113.28125
31288.67;141113.28125
31288.68;141357.421875
31288.69;141113.28125
31288.7;141357.421875
31288.71;141357.421875
31288.72;141357.421875
31288.73;141113.28125
31288.74;141113.28125
31288.75;141357.421875
31288.76;141113.28125
31288.77;141357.421875
31288.78;141357.421875
31288.79;141357.421875
31288.8;141357.421875
31288.81;141113.28125
31288.82;141357.421875
31288.83;141357.421875
31288.84;141357.421875
31288.85;141357.421875
31288.86;141357.421875
31288.87;141113.28125
31288.88;141357.421875
31288.89;141113.28125
31288.9;141113.28125
31288.91;141113.28125
31288.92;141113.28125
31288.93;141357.421875
31288.94;141113.28125
31288.95;141357.421875
31288.96;141357.421875
31288.97;141357.421875
31288.98;141357.421875
31288.99;141357.421875
31289.0;141357.421875
31289.01;141357.421875
31289.02;141113.28125
31289.03;141357.421875
31289.04;141357.421875
31289.05;141113.28125
31289.06;141357.421875
31289.07;141357.421875
31289.08;141357.421875
31289.09;141357.421875
31289.1;141357.421875
31289.11;141357.421875
31289.12;141357.421875
31289.13;141357.421875
31289.14;141357.421875
31289.15;141113.28125
31289.16;141357.421875
31289.17;141113.28125
31289.18;141357.421875
31289.19;141357.421875
31289.2;141357.421875
31289.21;141357.421875
31289.22;141357.421875
31289.23;141357.421875
31289.24;141357.421875
31289.25;141357.421875
31289.26;141357.421875
31289.27;141357.421875
31289.28;141357.421875
31289.29;141357.421875
31289.3;141357.421875
31289.31;141357.421875
31289.32;141357.421875
31289.33;141357.421875
31289.34;141357.421875
31289.35;141357.421875
31289.36;141357.421875
31289.37;141357.421875
31289.38;141357.421875
31289.39;141357.421875
31289.4;141357.421875
31289.41;141357.421875
31289.42;141357.421875
31289.43;141357.421875
31289.44;141357.421875
31289.45;141357.421875
31289.46;141357.421875
31289.47;141357.421875
31289.48;141357.421875
31289.49;141357.421875
31289.5;141357.421875
31289.51;141357.421875
31289.52;141357.421875
31289.53;141357.421875
31289.54;141357.421875
31289.55;141357.421875
31289.56;141357.421875
31289.57;141357.421875
31289.58;141357.421875
31289.59;141357.421875
31289.6;141357.421875
31289.61;141357.421875
31289.62;141357.421875
31289.63;141357.421875
31289.64;141357.421875
31289.65;141357.421875
31289.66;141357.421875
31289.67;141357.421875
31289.68;141357.421875
31289.69;141357.421875
31289.7;141357.421875
31289.71;141357.421875
31289.72;141357.421875
31289.73;141357.421875
31289.74;141357.421875
31289.75;141357.421875
31289.76;141357.421875
31289.77;141357.421875
31289.78;141357.421875
31289.79;141357.421875
31289.8;141357.421875
31289.81;141357.421875
31289.82;141357.421875
31289.83;141357.421875
31289.84;141357.421875
31289.85;141357.421875
31289.86;141357.421875
31289.87;141357.421875
31289.88;141357.421875
31289.89;141357.421875
31289.9;141357.421875
31289.91;141357.421875
31289.92;141357.421875
31289.93;141357.421875
31289.94;141357.421875
31289.95;141357.421875
31289.96;141357.421875
31289.97;141357.421875
31289.98;141357.421875
31289.99;141357.421875
31290.0;141357.421875
31290.01;141357.421875
31290.02;141357.421875
31290.03;141357.421875
31290.04;141357.421875
31290.05;141357.421875
31290.06;141357.421875
31290.07;141357.421875
31290.08;141357.421875
31290.09;141357.421875
31290.1;141357.421875
31290.11;141601.5625
31290.12;141357.421875
31290.13;141357.421875
31290.14;141601.5625
31290.15;141357.421875
31290.16;141357.421875
31290.17;141357.421875
31290.18;141357.421875
31290.19;141357.421875
31290.2;141357.421875
31290.21;141357.421875
31290.22;141357.421875
31290.23;141357.421875
31290.24;141357.421875
31290.25;141357.421875
31290.26;141357.421875
31290.27;141357.421875
31290.28;141357.421875
31290.29;141601.5625
31290.3;141357.421875
31290.31;141357.421875
31290.32;141357.421875
31290.33;141357.421875
31290.34;141357.421875
31290.35;141601.5625
31290.36;141357.421875
31290.37;141357.421875
31290.38;141357.421875
31290.39;141357.421875
31290.4;141357.421875
31290.41;141357.421875
31290.42;141357.421875
31290.43;141357.421875
31290.44;141357.421875
31290.45;141357.421875
31290.46;141357.421875
31290.47;141357.421875
31290.48;141357.421875
31290.49;141357.421875
31290.5;141601.5625
31290.51;141357.421875
31290.52;141357.421875
31290.53;141357.421875
31290.54;141601.5625
31290.55;141601.5625
31290.56;141357.421875
31290.57;141601.5625
31290.58;141357.421875
31290.59;141601.5625
31290.6;141601.5625
31290.61;144287.109375
31290.62;225830.078125
31290.63;151855.46875
31290.64;141357.421875
31290.65;143066.40625
31290.66;142333.984375
31290.67;142333.984375
31290.68;179931.640625
31290.69;208740.234375
31290.7;133789.0625
31290.71;145263.671875
31290.72;142333.984375
31290.73;142578.125
31290.74;145507.8125
31290.75;227294.921875
31290.76;152099.609375
31290.77;141601.5625
31290.78;143310.546875
31290.79;142578.125
31290.8;142333.984375
31290.81;142333.984375
31290.82;142089.84375
31290.83;142089.84375
31290.84;141845.703125
31290.85;141845.703125
31290.86;141601.5625
31290.87;145019.53125
31290.88;226806.640625
31290.89;151855.46875
31290.9;141357.421875
31290.91;143310.546875
31290.92;142578.125
31290.93;142333.984375
31290.94;142089.84375
31290.95;142089.84375
31290.96;141845.703125
31290.97;141601.5625
31290.98;141845.703125
31290.99;141845.703125
31291.0;145019.53125
31291.01;226806.640625
31291.02;151855.46875
31291.03;141601.5625
31291.04;143310.546875
31291.05;142333.984375
31291.06;142333.984375
31291.07;142089.84375
31291.08;142089.84375
31291.09;141845.703125
31291.1;141845.703125
31291.11;141845.703125
31291.12;141601.5625
31291.13;145019.53125
31291.14;226806.640625
31291.15;151855.46875
31291.16;141601.5625
31291.17;143310.546875
31291.18;142333.984375
31291.19;142333.984375
31291.2;142089.84375
31291.21;141845.703125
31291.22;141845.703125
31291.23;141845.703125
31291.24;141845.703125
31291.25;141845.703125
31291.26;145019.53125
31291.27;226806.640625
31291.28;151855.46875
31291.29;141357.421875
31291.3;143310.546875
31291.31;142333.984375
31291.32;142333.984375
31291.33;179931.640625
31291.34;208740.234375
31291.35;133789.0625
31291.36;145263.671875
31291.37;142333.984375
31291.38;142578.125
31291.39;145507.8125
31291.4;227294.921875
31291.41;152343.75
31291.42;141845.703125
31291.43;143554.6875
31291.44;142578.125
31291.45;142578.125
31291.46;180175.78125
31291.47;208984.375
31291.48;133789.0625
31291.49;145263.671875
31291.5;142578.125
31291.51;142578.125
31291.52;145507.8125
31291.53;227294.921875
31291.54;152343.75
31291.55;141845.703125
31291.56;143554.6875
31291.57;142822.265625
31291.58;142578.125
31291.59;180175.78125
31291.6;208984.375
31291.61;133789.0625
31291.62;145263.671875
31291.63;142333.984375
31291.64;142822.265625
31291.65;145751.953125
31291.66;227539.0625
31291.67;152099.609375
31291.68;141845.703125
31291.69;143554.6875
31291.7;142578.125
31291.71;142578.125
31291.72;180175.78125
31291.73;208984.375
31291.74;133789.0625
31291.75;145507.8125
31291.76;142578.125
31291.77;142822.265625
31291.78;145751.953125
31291.79;227294.921875
31291.8;152343.75
31291.81;142089.84375
31291.82;143554.6875
31291.83;142578.125
31291.84;142578.125
31291.85;142333.984375
31291.86;142333.984375
31291.87;142089.84375
31291.88;142089.84375
31291.89;141845.703125
31291.9;141845.703125
31291.91;145019.53125
31291.92;227050.78125
31291.93;151855.46875
31291.94;141601.5625
31291.95;143310.546875
31291.96;142578.125
31291.97;142333.984375
31291.98;142333.984375
31291.99;142089.84375
31292.0;142089.84375
31292.01;142089.84375
31292.02;141845.703125
31292.03;141845.703125
31292.04;145019.53125
31292.05;226806.640625
31292.06;151855.46875
31292.07;141601.5625
31292.08;143310.546875
31292.09;142578.125
31292.1;142578.125
31292.11;142333.984375
31292.12;142089.84375
31292.13;142089.84375
31292.14;141845.703125
31292.15;141845.703125
31292.16;141845.703125
31292.17;145019.53125
31292.18;226806.640625
31292.19;151855.46875
31292.2;141601.5625
31292.21;143310.546875
31292.22;142578.125
31292.23;142333.984375
31292.24;142333.984375
31292.25;142089.84375
31292.26;142089.84375
31292.27;141845.703125
31292.28;141845.703125
31292.29;141845.703125
31292.3;145019.53125
31292.31;226806.640625
31292.32;151855.46875
31292.33;141601.5625
31292.34;143310.546875
31292.35;142578.125
31292.36;142333.984375
31292.37;142333.984375
31292.38;142089.84375
31292.39;141845.703125
31292.4;142089.84375
31292.41;141845.703125
31292.42;141845.703125
31292.43;145019.53125
31292.44;227050.78125
31292.45;151611.328125
31292.46;141601.5625
31292.47;143310.546875
31292.48;142333.984375
31292.49;142333.984375
31292.5;142333.984375
31292.51;142089.84375
31292.52;142089.84375
31292.53;141845.703125
31292.54;141845.703125
31292.55;141845.703125
31292.56;145019.53125
31292.57;227050.78125
31292.58;151855.46875
31292.59;141601.5625
31292.6;143310.546875
31292.61;142333.984375
31292.62;142333.984375
31292.63;142333.984375
31292.64;142089.84375
31292.65;141845.703125
31292.66;141845.703125
31292.67;141845.703125
31292.68;141845.703125
31292.69;145019.53125
31292.7;226806.640625
31292.71;151855.46875
31292.72;141601.5625
31292.73;143310.546875
31292.74;142578.125
31292.75;142333.984375
31292.76;142089.84375
31292.77;142089.84375
31292.78;142089.84375
31292.79;141845.703125
31292.8;141845.703125
31292.81;141845.703125
31292.82;141845.703125
31292.83;141845.703125
31292.84;141601.5625
31292.85;141845.703125
31292.86;141845.703125
31292.87;141601.5625
31292.88;141601.5625
31292.89;141601.5625
31292.9;141601.5625
31292.91;141601.5625
31292.92;141601.5625
31292.93;141601.5625
31292.94;141845.703125
31292.95;141601.5625
31292.96;141601.5625
31292.97;141601.5625
31292.98;141601.5625
31292.99;141601.5625
31293.0;141601.5625
31293.01;141601.5625
31293.02;141601.5625
31293.03;141601.5625
31293.04;141601.5625
31293.05;141601.5625
31293.06;141601.5625
31293.07;141601.5625
31293.08;141601.5625
31293.09;141601.5625
31293.1;141601.5625
31293.11;141601.5625
31293.12;141601.5625
31293.13;141601.5625
31293.14;141601.5625
31293.15;141601.5625
31293.16;141601.5625
31293.17;141601.5625
31293.18;141601.5625
31293.19;141601.5625
31293.2;141845.703125
31293.21;141601.5625
31293.22;141601.5625
31293.23;141601.5625
31293.24;141601.5625
31293.25;141601.5625
31293.26;141601.5625
31293.27;141601.5625
31293.28;141601.5625
31293.29;141601.5625
31293.3;141601.5625
31293.31;141601.5625
31293.32;141601.5625
31293.33;141601.5625
31293.34;141601.5625
31293.35;141601.5625
31293.36;141601.5625
31293.37;141601.5625
31293.38;141601.5625
31293.39;141601.5625
31293.4;141601.5625
31293.41;141601.5625
31293.42;141601.5625
31293.43;141601.5625
31293.44;141601.5625
31293.45;141845.703125
31293.46;141601.5625
31293.47;141601.5625
31293.48;141601.5625
31293.49;141601.5625
31293.5;141601.5625
31293.51;141845.703125
31293.52;141601.5625
31293.53;141601.5625
31293.54;141601.5625
31293.55;141601.5625
31293.56;141601.5625
31293.57;141601.5625
31293.58;141601.5625
31293.59;141601.5625
31293.6;141601.5625
31293.61;141601.5625
31293.62;141601.5625
31293.63;141601.5625
31293.64;141601.5625
31293.65;141601.5625
31293.66;141601.5625
31293.67;141601.5625
31293.68;141601.5625
31293.69;141845.703125
31293.7;141601.5625
31293.71;141601.5625
31293.72;141601.5625
31293.73;141601.5625
31293.74;141601.5625
31293.75;141601.5625
31293.76;141601.5625
31293.77;141601.5625
31293.78;141601.5625
31293.79;141601.5625
31293.8;141601.5625
31293.81;141601.5625
31293.82;141601.5625
31293.83;141601.5625
31293.84;141601.5625
31293.85;141601.5625
31293.86;141601.5625
31293.87;141601.5625
31293.88;141601.5625
31293.89;141845.703125
31293.9;141601.5625
31293.91;141601.5625
31293.92;141601.5625
31293.93;141601.5625
31293.94;141601.5625
31293.95;141601.5625
31293.96;141601.5625
31293.97;141601.5625
31293.98;141601.5625
31293.99;141601.5625
31294.0;141601.5625
31294.01;141601.5625
31294.02;141601.5625
31294.03;141601.5625
31294.04;141601.5625
31294.05;141601.5625
31294.06;141601.5625
31294.07;141601.5625
31294.08;141601.5625
31294.09;141601.5625
31294.1;141357.421875
31294.11;141601.5625
31294.12;141601.5625
31294.13;141601.5625
31294.14;141601.5625
31294.15;141601.5625
31294.16;141601.5625
31294.17;141601.5625
31294.18;141601.5625
31294.19;141601.5625
31294.2;141601.5625
31294.21;141601.5625
31294.22;141601.5625
31294.23;141601.5625
31294.24;141601.5625
31294.25;141601.5625
31294.26;141601.5625
31294.27;141601.5625
31294.28;141601.5625
31294.29;141601.5625
31294.3;141601.5625
31294.31;141601.5625
31294.32;141601.5625
31294.33;141601.5625
31294.34;141601.5625
31294.35;141601.5625
31294.36;141601.5625
31294.37;141601.5625
31294.38;141601.5625
31294.39;141601.5625
31294.4;141601.5625
31294.41;141601.5625
31294.42;141601.5625
31294.43;141601.5625
31294.44;141601.5625
31294.45;141601.5625
31294.46;141601.5625
31294.47;141601.5625
31294.48;141601.5625
31294.49;141601.5625
31294.5;141601.5625
31294.51;141601.5625
31294.52;141601.5625
31294.53;141601.5625
31294.54;141601.5625
31294.55;141601.5625
31294.56;141601.5625
31294.57;141601.5625
31294.58;141601.5625
31294.59;141601.5625
31294.6;141601.5625
31294.61;141601.5625
31294.62;141601.5625
31294.63;141601.5625
31294.64;141601.5625
31294.65;141845.703125
31294.66;141601.5625
31294.67;141601.5625
31294.68;141601.5625
31294.69;141601.5625
31294.7;141601.5625
31294.71;141601.5625
31294.72;141601.5625
31294.73;141601.5625
31294.74;141601.5625
31294.75;141601.5625
31294.76;141601.5625
31294.77;141601.5625
31294.78;141601.5625
31294.79;141601.5625
31294.8;141601.5625
31294.81;141845.703125
31294.82;141601.5625
31294.83;141601.5625
31294.84;141601.5625
31294.85;141601.5625
31294.86;141601.5625
31294.87;141601.5625
31294.88;141601.5625
31294.89;141601.5625
31294.9;141601.5625
31294.91;141601.5625
31294.92;141601.5625
31294.93;141601.5625
31294.94;141601.5625
31294.95;141601.5625
31294.96;141601.5625
31294.97;141601.5625
31294.98;141601.5625
31294.99;141601.5625
31295.0;141601.5625
31295.01;141601.5625
31295.02;141601.5625
31295.03;141601.5625
31295.04;141601.5625
31295.05;141601.5625
31295.06;141601.5625
31295.07;141601.5625
31295.08;141601.5625
31295.09;141601.5625
31295.1;141601.5625
31295.11;141601.5625
31295.12;141601.5625
31295.13;141601.5625
31295.14;141601.5625
31295.15;141845.703125
31295.16;141601.5625
31295.17;141601.5625
31295.18;141845.703125
31295.19;141601.5625
31295.2;141601.5625
31295.21;141601.5625
31295.22;141601.5625
31295.23;141601.5625
31295.24;141601.5625
31295.25;141601.5625
31295.26;141601.5625
31295.27;141601.5625
31295.28;141601.5625
31295.29;141601.5625
31295.3;141601.5625
31295.31;141601.5625
31295.32;141601.5625
31295.33;141601.5625
31295.34;141601.5625
31295.35;141601.5625
31295.36;141601.5625
31295.37;141601.5625
31295.38;141601.5625
31295.39;141601.5625
31295.4;141601.5625
31295.41;141601.5625
31295.42;141601.5625
31295.43;141845.703125
31295.44;141601.5625
31295.45;141601.5625
31295.46;141601.5625
31295.47;141601.5625
31295.48;141845.703125
31295.49;141601.5625
31295.5;141601.5625
31295.51;141601.5625
31295.52;141601.5625
31295.53;141601.5625
31295.54;141601.5625
31295.55;141845.703125
31295.56;141601.5625
31295.57;141601.5625
31295.58;141601.5625
31295.59;141601.5625
31295.6;141601.5625
31295.61;141601.5625
31295.62;141601.5625
31295.63;141601.5625
31295.64;141601.5625
31295.65;141601.5625
31295.66;141601.5625
31295.67;141601.5625
31295.68;141601.5625
31295.69;141601.5625
31295.7;141601.5625
31295.71;141601.5625
31295.72;141601.5625
31295.73;141845.703125
31295.74;141601.5625
31295.75;141601.5625
31295.76;141601.5625
31295.77;141601.5625
31295.78;141601.5625
31295.79;141601.5625
31295.8;141601.5625
31295.81;141601.5625
31295.82;141601.5625
31295.83;141601.5625
31295.84;141601.5625
31295.85;141601.5625
31295.86;141601.5625
31295.87;141601.5625
31295.88;141601.5625
31295.89;141601.5625
31295.9;141601.5625
31295.91;141601.5625
31295.92;141601.5625
31295.93;141601.5625
31295.94;141601.5625
31295.95;141601.5625
31295.96;141601.5625
31295.97;141601.5625
31295.98;141601.5625
31295.99;141601.5625
31296.0;141601.5625
31296.01;141601.5625
31296.02;141601.5625
31296.03;141601.5625
31296.04;141601.5625
31296.05;141601.5625
31296.06;141601.5625
31296.07;141601.5625
31296.08;141601.5625
31296.09;141601.5625
31296.1;141601.5625
31296.11;141601.5625
31296.12;141601.5625
31296.13;141601.5625
31296.14;141601.5625
31296.15;141845.703125
31296.16;141601.5625
31296.17;141601.5625
31296.18;141601.5625
31296.19;141601.5625
31296.2;141601.5625
31296.21;141601.5625
31296.22;141601.5625
31296.23;141601.5625
31296.24;141601.5625
31296.25;141601.5625
31296.26;141601.5625
31296.27;141601.5625
31296.28;141601.5625
31296.29;141601.5625
31296.3;141601.5625
31296.31;141601.5625
31296.32;141601.5625
31296.33;141601.5625
31296.34;141845.703125
31296.35;141601.5625
31296.36;141601.5625
31296.37;141601.5625
31296.38;141601.5625
31296.39;141601.5625
31296.4;141601.5625
31296.41;141601.5625
31296.42;141601.5625
31296.43;141601.5625
31296.44;141601.5625
31296.45;141601.5625
31296.46;141601.5625
31296.47;141601.5625
31296.48;141601.5625
31296.49;141601.5625
31296.5;141601.5625
31296.51;141601.5625
31296.52;141601.5625
31296.53;141601.5625
31296.54;141601.5625
31296.55;141601.5625
31296.56;141601.5625
31296.57;141601.5625
31296.58;141601.5625
31296.59;141601.5625
31296.6;141601.5625
31296.61;141601.5625
31296.62;141601.5625
31296.63;141601.5625
31296.64;141601.5625
31296.65;141601.5625
31296.66;141601.5625
31296.67;141601.5625
31296.68;141601.5625
31296.69;141601.5625
31296.7;141601.5625
31296.71;141601.5625
31296.72;141601.5625
31296.73;141601.5625
31296.74;141601.5625
31296.75;141601.5625
31296.76;141601.5625
31296.77;141601.5625
31296.78;141601.5625
31296.79;141601.5625
31296.8;141601.5625
31296.81;141601.5625
31296.82;141601.5625
31296.83;141601.5625
31296.84;141601.5625
31296.85;141601.5625
31296.86;141601.5625
31296.87;141601.5625
31296.88;141601.5625
31296.89;141601.5625
31296.9;141601.5625
31296.91;141601.5625
31296.92;141601.5625
31296.93;141601.5625
31296.94;141601.5625
31296.95;141601.5625
31296.96;141601.5625
31296.97;141601.5625
31296.98;141601.5625
31296.99;141601.5625
31297.0;141601.5625
31297.01;141601.5625
31297.02;141601.5625
31297.03;141601.5625
31297.04;141601.5625
31297.05;141601.5625
31297.06;141601.5625
31297.07;141601.5625
31297.08;141601.5625
31297.09;141601.5625
31297.1;141601.5625
31297.11;141601.5625
31297.12;141601.5625
31297.13;141601.5625
31297.14;141601.5625
31297.15;141601.5625
31297.16;141357.421875
31297.17;141601.5625
31297.18;141601.5625
31297.19;141601.5625
31297.2;141601.5625
31297.21;141601.5625
31297.22;141601.5625
31297.23;141601.5625
31297.24;141601.5625
31297.25;141601.5625
31297.26;141601.5625
31297.27;141601.5625
31297.28;141601.5625
31297.29;141601.5625
31297.3;141601.5625
31297.31;141601.5625
31297.32;141601.5625
31297.33;141601.5625
31297.34;141601.5625
31297.35;141601.5625
31297.36;141601.5625
31297.37;141601.5625
31297.38;141601.5625
31297.39;141601.5625
31297.4;141601.5625
31297.41;141601.5625
31297.42;141601.5625
31297.43;141601.5625
31297.44;141601.5625
31297.45;141601.5625
31297.46;141601.5625
31297.47;141601.5625
31297.48;141601.5625
31297.49;141601.5625
31297.5;141601.5625
31297.51;141601.5625
31297.52;141601.5625
31297.53;141601.5625
31297.54;141601.5625
31297.55;141601.5625
31297.56;141601.5625
31297.57;141601.5625
31297.58;141601.5625
31297.59;141601.5625
31297.6;141601.5625
31297.61;141601.5625
31297.62;141601.5625
31297.63;141601.5625
31297.64;141601.5625
31297.65;141601.5625
31297.66;141601.5625
31297.67;141601.5625
31297.68;141601.5625
31297.69;141601.5625
31297.7;141601.5625
31297.71;141601.5625
31297.72;141601.5625
31297.73;141601.5625
31297.74;141601.5625
31297.75;141601.5625
31297.76;141601.5625
31297.77;141601.5625
31297.78;141601.5625
31297.79;141601.5625
31297.8;141601.5625
31297.81;141601.5625
31297.82;141601.5625
31297.83;141601.5625
31297.84;141601.5625
31297.85;141601.5625
31297.86;141601.5625
31297.87;141601.5625
31297.88;141601.5625
31297.89;141601.5625
31297.9;141601.5625
31297.91;141601.5625
31297.92;141601.5625
31297.93;141601.5625
31297.94;141357.421875
31297.95;141601.5625
31297.96;141601.5625
31297.97;141601.5625
31297.98;141601.5625
31297.99;141601.5625
31298.0;141601.5625
31298.01;141601.5625
31298.02;141601.5625
31298.03;141601.5625
31298.04;141601.5625
31298.05;141601.5625
31298.06;141601.5625
31298.07;141601.5625
31298.08;141601.5625
31298.09;141601.5625
31298.1;141601.5625
31298.11;141601.5625
31298.12;141601.5625
31298.13;141601.5625
31298.14;141601.5625
31298.15;141357.421875
31298.16;141601.5625
31298.17;141601.5625
31298.18;141601.5625
31298.19;141601.5625
31298.2;141601.5625
31298.21;141357.421875
31298.22;141601.5625
31298.23;141601.5625
31298.24;141601.5625
31298.25;141357.421875
31298.26;141601.5625
31298.27;141357.421875
31298.28;141601.5625
31298.29;141601.5625
31298.3;141357.421875
31298.31;141601.5625
31298.32;141601.5625
31298.33;141357.421875
31298.34;141357.421875
31298.35;141357.421875
31298.36;141357.421875
31298.37;141357.421875
31298.38;141357.421875
31298.39;141357.421875
31298.4;141601.5625
31298.41;141357.421875
31298.42;141357.421875
31298.43;141601.5625
31298.44;141601.5625
31298.45;141357.421875
31298.46;141601.5625
31298.47;141357.421875
31298.48;141357.421875
31298.49;141357.421875
31298.5;141357.421875
31298.51;141357.421875
31298.52;141357.421875
31298.53;141357.421875
31298.54;141357.421875
31298.55;141357.421875
31298.56;141357.421875
31298.57;141601.5625
31298.58;141357.421875
31298.59;141357.421875
31298.6;141601.5625
31298.61;141357.421875
31298.62;141357.421875
31298.63;141357.421875
31298.64;141357.421875
31298.65;141357.421875
31298.66;141357.421875
31298.67;141357.421875
31298.68;141357.421875
31298.69;141357.421875
31298.7;141357.421875
31298.71;141357.421875
31298.72;141357.421875
31298.73;141601.5625
31298.74;141357.421875
31298.75;141357.421875
31298.76;141357.421875
31298.77;141601.5625
31298.78;141357.421875
31298.79;141357.421875
31298.8;141357.421875
31298.81;141357.421875
31298.82;141357.421875
31298.83;141357.421875
31298.84;141357.421875
31298.85;141357.421875
31298.86;141357.421875
31298.87;141357.421875
31298.88;141357.421875
31298.89;141357.421875
31298.9;141357.421875
31298.91;141357.421875
31298.92;141357.421875
31298.93;141357.421875
31298.94;141357.421875
31298.95;141357.421875
31298.96;141357.421875
31298.97;141357.421875
31298.98;141357.421875
31298.99;141357.421875
31299.0;141357.421875
31299.01;141357.421875
31299.02;141357.421875
31299.03;141357.421875
31299.04;141357.421875
31299.05;141357.421875
31299.06;141357.421875
31299.07;141357.421875
31299.08;141357.421875
31299.09;141357.421875
31299.1;141357.421875
31299.11;141357.421875
31299.12;141357.421875
31299.13;141357.421875
31299.14;141357.421875
31299.15;141357.421875
31299.16;141357.421875
31299.17;141357.421875
31299.18;141357.421875
31299.19;141357.421875
31299.2;141357.421875
31299.21;141357.421875
31299.22;141357.421875
31299.23;141357.421875
31299.24;141357.421875
31299.25;141357.421875
31299.26;141357.421875
31299.27;141357.421875
31299.28;141357.421875
31299.29;141357.421875
31299.3;141357.421875
31299.31;141357.421875
31299.32;141357.421875
31299.33;141357.421875
31299.34;141357.421875
31299.35;141357.421875
31299.36;141357.421875
31299.37;141357.421875
31299.38;141357.421875
31299.39;141357.421875
31299.4;141357.421875
31299.41;141357.421875
31299.42;141357.421875
31299.43;141357.421875
31299.44;141357.421875
31299.45;141357.421875
31299.46;141357.421875
31299.47;141357.421875
31299.48;141357.421875
31299.49;141357.421875
31299.5;141357.421875
31299.51;141357.421875
31299.52;141357.421875
31299.53;141357.421875
31299.54;141357.421875
31299.55;141357.421875
31299.56;141357.421875
31299.57;141357.421875
31299.58;141357.421875
31299.59;141357.421875
31299.6;141357.421875
31299.61;141357.421875
31299.62;141357.421875
31299.63;141357.421875
31299.64;141357.421875
31299.65;141357.421875
31299.66;141357.421875
31299.67;141357.421875
31299.68;141357.421875
31299.69;141357.421875
31299.7;141357.421875
31299.71;141357.421875
31299.72;141357.421875
31299.73;141357.421875
31299.74;141357.421875
31299.75;141357.421875
31299.76;141357.421875
31299.77;141357.421875
31299.78;141357.421875
31299.79;141357.421875
31299.8;141357.421875
31299.81;141357.421875
31299.82;141357.421875
31299.83;141357.421875
31299.84;141357.421875
31299.85;141357.421875
31299.86;141357.421875
31299.87;141357.421875
31299.88;141357.421875
31299.89;141357.421875
31299.9;141357.421875
31299.91;141357.421875
31299.92;141357.421875
31299.93;141357.421875
31299.94;141357.421875
31299.95;141357.421875
31299.96;141357.421875
31299.97;141357.421875
31299.98;141357.421875
31299.99;141357.421875
31300.0;141357.421875
31300.01;141357.421875
31300.02;141357.421875
31300.03;141357.421875
31300.04;141357.421875
31300.05;141357.421875
31300.06;141357.421875
31300.07;141357.421875
31300.08;141357.421875
31300.09;141357.421875
31300.1;141113.28125
31300.11;141357.421875
31300.12;141357.421875
31300.13;141357.421875
31300.14;141357.421875
31300.15;141357.421875
31300.16;141357.421875
31300.17;141357.421875
31300.18;141357.421875
31300.19;141357.421875
31300.2;141357.421875
31300.21;141357.421875
31300.22;141113.28125
31300.23;141357.421875
31300.24;141113.28125
31300.25;141357.421875
31300.26;141357.421875
31300.27;141357.421875
31300.28;141113.28125
31300.29;141357.421875
31300.3;141113.28125
31300.31;141357.421875
31300.32;141357.421875
31300.33;141357.421875
31300.34;141357.421875
31300.35;141357.421875
31300.36;141357.421875
31300.37;141357.421875
31300.38;141357.421875
31300.39;141357.421875
31300.4;141357.421875
31300.41;141113.28125
31300.42;141113.28125
31300.43;141113.28125
31300.44;141113.28125
31300.45;141113.28125
31300.46;141113.28125
31300.47;141113.28125
31300.48;141113.28125
31300.49;141113.28125
31300.5;141113.28125
31300.51;141357.421875
31300.52;141113.28125
31300.53;141113.28125
31300.54;141357.421875
31300.55;141113.28125
31300.56;141113.28125
31300.57;141113.28125
31300.58;141113.28125
31300.59;141113.28125
31300.6;141113.28125
31300.61;141357.421875
31300.62;141113.28125
31300.63;141113.28125
31300.64;141113.28125
31300.65;141113.28125
31300.66;141113.28125
31300.67;141113.28125
31300.68;141113.28125
31300.69;141357.421875
31300.7;141113.28125
31300.71;141113.28125
31300.72;141113.28125
31300.73;141113.28125
31300.74;141357.421875
31300.75;141113.28125
31300.76;141113.28125
31300.77;141113.28125
31300.78;141113.28125
31300.79;141113.28125
31300.8;141113.28125
31300.81;141357.421875
31300.82;141113.28125
31300.83;141113.28125
31300.84;141113.28125
31300.85;141113.28125
31300.86;141113.28125
31300.87;141113.28125
31300.88;141357.421875
31300.89;141113.28125
31300.9;141113.28125
31300.91;141113.28125
31300.92;141113.28125
31300.93;141113.28125
31300.94;141113.28125
31300.95;141113.28125
31300.96;141113.28125
31300.97;141113.28125
31300.98;141113.28125
31300.99;141113.28125
31301.0;141113.28125
31301.01;141113.28125
31301.02;141113.28125
31301.03;141113.28125
31301.04;141113.28125
31301.05;141113.28125
31301.06;141113.28125
31301.07;141113.28125
31301.08;141113.28125
31301.09;141113.28125
31301.1;141113.28125
31301.11;141113.28125
31301.12;141113.28125
31301.13;141113.28125
31301.14;141113.28125
31301.15;141113.28125
31301.16;141113.28125
31301.17;141113.28125
31301.18;141113.28125
31301.19;141113.28125
31301.2;141113.28125
31301.21;141357.421875
31301.22;141113.28125
31301.23;141113.28125
31301.24;141357.421875
31301.25;141113.28125
31301.26;141113.28125
31301.27;141113.28125
31301.28;141113.28125
31301.29;141113.28125
31301.3;141113.28125
31301.31;141113.28125
31301.32;141113.28125
31301.33;141113.28125
31301.34;141113.28125
31301.35;141113.28125
31301.36;141113.28125
31301.37;141113.28125
31301.38;141113.28125
31301.39;141113.28125
31301.4;141113.28125
31301.41;141113.28125
31301.42;141113.28125
31301.43;141113.28125
31301.44;141113.28125
31301.45;141357.421875
31301.46;141357.421875
31301.47;141113.28125
31301.48;141113.28125
31301.49;141113.28125
31301.5;141113.28125
31301.51;141113.28125
31301.52;141113.28125
31301.53;141357.421875
31301.54;141113.28125
31301.55;141357.421875
31301.56;141113.28125
31301.57;141113.28125
31301.58;141113.28125
31301.59;141113.28125
31301.6;141113.28125
31301.61;141113.28125
31301.62;141113.28125
31301.63;141113.28125
31301.64;141113.28125
31301.65;141113.28125
31301.66;141113.28125
31301.67;141113.28125
31301.68;141113.28125
31301.69;141113.28125
31301.7;141113.28125
31301.71;141113.28125
31301.72;141113.28125
31301.73;141113.28125
31301.74;141113.28125
31301.75;141113.28125
31301.76;141357.421875
31301.77;141113.28125
31301.78;141113.28125
31301.79;141113.28125
31301.8;141113.28125
31301.81;141113.28125
31301.82;141113.28125
31301.83;141113.28125
31301.84;141113.28125
31301.85;141113.28125
31301.86;141113.28125
31301.87;141113.28125
31301.88;141113.28125
31301.89;141113.28125
31301.9;141113.28125
31301.91;141113.28125
31301.92;141113.28125
31301.93;141113.28125
31301.94;141113.28125
31301.95;141113.28125
31301.96;141113.28125
31301.97;141113.28125
31301.98;141113.28125
31301.99;141113.28125
31302.0;141113.28125
31302.01;141113.28125
31302.02;141113.28125
31302.03;141113.28125
31302.04;141357.421875
31302.05;141113.28125
31302.06;141113.28125
31302.07;141357.421875
31302.08;141113.28125
31302.09;141113.28125
31302.1;141113.28125
31302.11;141357.421875
31302.12;141113.28125
31302.13;141113.28125
31302.14;141113.28125
31302.15;141113.28125
31302.16;141113.28125
31302.17;141113.28125
31302.18;141357.421875
31302.19;141113.28125
31302.2;141113.28125
31302.21;141113.28125
31302.22;141113.28125
31302.23;141113.28125
31302.24;141113.28125
31302.25;141113.28125
31302.26;141113.28125
31302.27;141113.28125
31302.28;141113.28125
31302.29;141357.421875
31302.3;141113.28125
31302.31;141113.28125
31302.32;141113.28125
31302.33;141113.28125
31302.34;141113.28125
31302.35;141113.28125
31302.36;141113.28125
31302.37;141113.28125
31302.38;141113.28125
31302.39;141113.28125
31302.4;141113.28125
31302.41;141113.28125
31302.42;141113.28125
31302.43;141113.28125
31302.44;141113.28125
31302.45;141113.28125
31302.46;141113.28125
31302.47;141113.28125
31302.48;141113.28125
31302.49;141113.28125
31302.5;141113.28125
31302.51;141113.28125
31302.52;141113.28125
31302.53;141113.28125
31302.54;141113.28125
31302.55;141113.28125
31302.56;141113.28125
31302.57;141113.28125
31302.58;141113.28125
31302.59;141113.28125
31302.6;141113.28125
31302.61;141113.28125
31302.62;141113.28125
31302.63;141113.28125
31302.64;141113.28125
31302.65;141113.28125
31302.66;141357.421875
31302.67;141113.28125
31302.68;141113.28125
31302.69;141113.28125
31302.7;141113.28125
31302.71;141113.28125
31302.72;141113.28125
31302.73;141113.28125
31302.74;141113.28125
31302.75;141113.28125
31302.76;141113.28125
31302.77;141113.28125
31302.78;141113.28125
31302.79;141357.421875
31302.8;141113.28125
31302.81;141113.28125
31302.82;141113.28125
31302.83;141113.28125
31302.84;141113.28125
31302.85;141357.421875
31302.86;141113.28125
31302.87;141113.28125
31302.88;141113.28125
31302.89;141113.28125
31302.9;141113.28125
31302.91;141113.28125
31302.92;141113.28125
31302.93;141113.28125
31302.94;141113.28125
31302.95;141357.421875
31302.96;141113.28125
31302.97;141113.28125
31302.98;141113.28125
31302.99;141113.28125
31303.0;141357.421875
31303.01;141113.28125
31303.02;141113.28125
31303.03;141113.28125
31303.04;141357.421875
31303.05;141357.421875
31303.06;141113.28125
31303.07;141113.28125
31303.08;141113.28125
31303.09;141113.28125
31303.1;141113.28125
31303.11;141113.28125
31303.12;141113.28125
31303.13;141113.28125
31303.14;141113.28125
31303.15;141113.28125
31303.16;141113.28125
31303.17;141113.28125
31303.18;141113.28125
31303.19;141113.28125
31303.2;141357.421875
31303.21;141113.28125
31303.22;141113.28125
31303.23;141357.421875
31303.24;141113.28125
31303.25;141113.28125
31303.26;141357.421875
31303.27;141113.28125
31303.28;141113.28125
31303.29;141113.28125
31303.3;141357.421875
31303.31;141113.28125
31303.32;141113.28125
31303.33;141357.421875
31303.34;141113.28125
31303.35;141113.28125
31303.36;141357.421875
31303.37;141113.28125
31303.38;141113.28125
31303.39;141113.28125
31303.4;141113.28125
31303.41;141113.28125
31303.42;141357.421875
31303.43;141113.28125
31303.44;141357.421875
31303.45;141113.28125
31303.46;141113.28125
31303.47;141357.421875
31303.48;141113.28125
31303.49;141113.28125
31303.5;141357.421875
31303.51;141357.421875
31303.52;141113.28125
31303.53;141113.28125
31303.54;141113.28125
31303.55;141113.28125
31303.56;141357.421875
31303.57;141357.421875
31303.58;141113.28125
31303.59;141113.28125
31303.6;141113.28125
31303.61;141357.421875
31303.62;141113.28125
31303.63;141357.421875
31303.64;141113.28125
31303.65;141357.421875
31303.66;141113.28125
31303.67;141113.28125
31303.68;141113.28125
31303.69;141357.421875
31303.7;141113.28125
31303.71;141113.28125
31303.72;141113.28125
31303.73;141357.421875
31303.74;141113.28125
31303.75;141113.28125
31303.76;141113.28125
31303.77;141113.28125
31303.78;141357.421875
31303.79;141113.28125
31303.8;141113.28125
31303.81;141357.421875
31303.82;141113.28125
31303.83;141357.421875
31303.84;141113.28125
31303.85;141357.421875
31303.86;141113.28125
31303.87;141113.28125
31303.88;141113.28125
31303.89;141113.28125
31303.9;141113.28125
31303.91;141113.28125
31303.92;141357.421875
31303.93;141113.28125
31303.94;141113.28125
31303.95;141113.28125
31303.96;141113.28125
31303.97;141113.28125
31303.98;141113.28125
31303.99;141113.28125
31304.0;141113.28125
31304.01;141113.28125
31304.02;141357.421875
31304.03;141113.28125
31304.04;141113.28125
31304.05;141357.421875
31304.06;141113.28125
31304.07;141113.28125
31304.08;141113.28125
31304.09;141113.28125
31304.1;141113.28125
31304.11;141113.28125
31304.12;141113.28125
31304.13;141113.28125
31304.14;141113.28125
31304.15;141357.421875
31304.16;141113.28125
31304.17;141113.28125
31304.18;141357.421875
31304.19;141113.28125
31304.2;141113.28125
31304.21;141357.421875
31304.22;141113.28125
31304.23;141113.28125
31304.24;141113.28125
31304.25;141357.421875
31304.26;141113.28125
31304.27;141113.28125
31304.28;141357.421875
31304.29;141113.28125
31304.3;141113.28125
31304.31;141113.28125
31304.32;141113.28125
31304.33;141357.421875
31304.34;141113.28125
31304.35;141357.421875
31304.36;141113.28125
31304.37;141357.421875
31304.38;141113.28125
31304.39;141113.28125
31304.4;141113.28125
31304.41;141113.28125
31304.42;141113.28125
31304.43;141113.28125
31304.44;141113.28125
31304.45;141113.28125
31304.46;141113.28125
31304.47;141113.28125
31304.48;141113.28125
31304.49;141113.28125
31304.5;141113.28125
31304.51;141113.28125
31304.52;141113.28125
31304.53;141113.28125
31304.54;141113.28125
31304.55;141113.28125
31304.56;141113.28125
31304.57;141113.28125
31304.58;141113.28125
31304.59;141357.421875
31304.6;141113.28125
31304.61;141113.28125
31304.62;141113.28125
31304.63;141113.28125
31304.64;141113.28125
31304.65;141113.28125
31304.66;141113.28125
31304.67;141113.28125
31304.68;141113.28125
31304.69;141357.421875
31304.7;141113.28125
31304.71;141113.28125
31304.72;141113.28125
31304.73;141113.28125
31304.74;141113.28125
31304.75;141113.28125
31304.76;141113.28125
31304.77;141113.28125
31304.78;141113.28125
31304.79;141357.421875
31304.8;141113.28125
31304.81;141113.28125
31304.82;141113.28125
31304.83;141113.28125
31304.84;141113.28125
31304.85;141113.28125
31304.86;141357.421875
31304.87;141113.28125
31304.88;141113.28125
31304.89;141113.28125
31304.9;141113.28125
31304.91;141357.421875
31304.92;141113.28125
31304.93;141113.28125
31304.94;141113.28125
31304.95;141113.28125
31304.96;141113.28125
31304.97;141113.28125
31304.98;141113.28125
31304.99;141113.28125
31305.0;141113.28125
31305.01;141113.28125
31305.02;141113.28125
31305.03;141113.28125
31305.04;141113.28125
31305.05;141113.28125
31305.06;141113.28125
31305.07;141113.28125
31305.08;141113.28125
31305.09;141113.28125
31305.1;141113.28125
31305.11;141113.28125
31305.12;141113.28125
31305.13;141113.28125
31305.14;141357.421875
31305.15;141113.28125
31305.16;141113.28125
31305.17;141113.28125
31305.18;141113.28125
31305.19;141113.28125
31305.2;141113.28125
31305.21;141113.28125
31305.22;141357.421875
31305.23;141357.421875
31305.24;141113.28125
31305.25;141113.28125
31305.26;141113.28125
31305.27;141113.28125
31305.28;141113.28125
31305.29;141113.28125
31305.3;141113.28125
31305.31;141113.28125
31305.32;141113.28125
31305.33;141113.28125
31305.34;141113.28125
31305.35;141113.28125
31305.36;141113.28125
31305.37;141113.28125
31305.38;141113.28125
31305.39;141113.28125
31305.4;141113.28125
31305.41;141113.28125
31305.42;141113.28125
31305.43;141113.28125
31305.44;141113.28125
31305.45;141113.28125
31305.46;141113.28125
31305.47;141113.28125
31305.48;141357.421875
31305.49;141357.421875
31305.5;141113.28125
31305.51;141113.28125
31305.52;141113.28125
31305.53;141357.421875
31305.54;141113.28125
31305.55;141113.28125
31305.56;141357.421875
31305.57;141357.421875
31305.58;141113.28125
31305.59;141113.28125
31305.6;141113.28125
31305.61;141357.421875
31305.62;141113.28125
31305.63;141113.28125
31305.64;141113.28125
31305.65;141113.28125
31305.66;141113.28125
31305.67;141113.28125
31305.68;141113.28125
31305.69;141113.28125
31305.7;141113.28125
31305.71;141113.28125
31305.72;141113.28125
31305.73;141113.28125
31305.74;141113.28125
31305.75;141113.28125
31305.76;141357.421875
31305.77;141113.28125
31305.78;141357.421875
31305.79;141113.28125
31305.8;141113.28125
31305.81;141113.28125
31305.82;141113.28125
31305.83;141113.28125
31305.84;141357.421875
31305.85;141357.421875
31305.86;141113.28125
31305.87;141113.28125
31305.88;141113.28125
31305.89;141113.28125
31305.9;141357.421875
31305.91;141357.421875
31305.92;141113.28125
31305.93;141357.421875
31305.94;141113.28125
31305.95;141113.28125
31305.96;141113.28125
31305.97;141113.28125
31305.98;141113.28125
31305.99;141113.28125
31306.0;141357.421875
31306.01;141113.28125
31306.02;141113.28125
31306.03;141113.28125
31306.04;141113.28125
31306.05;141357.421875
31306.06;141113.28125
31306.07;141357.421875
31306.08;141113.28125
31306.09;141113.28125
31306.1;141113.28125
31306.11;141113.28125
31306.12;141113.28125
31306.13;141113.28125
31306.14;141357.421875
31306.15;141113.28125
31306.16;141113.28125
31306.17;141113.28125
31306.18;141113.28125
31306.19;141113.28125
31306.2;141113.28125
31306.21;141113.28125
31306.22;141113.28125
31306.23;141357.421875
31306.24;141113.28125
31306.25;141113.28125
31306.26;141113.28125
31306.27;141113.28125
31306.28;141113.28125
31306.29;141113.28125
31306.3;141113.28125
31306.31;141113.28125
31306.32;141113.28125
31306.33;141113.28125
31306.34;141113.28125
31306.35;141113.28125
31306.36;141113.28125
31306.37;141113.28125
31306.38;141113.28125
31306.39;141113.28125
31306.4;141113.28125
31306.41;141113.28125
31306.42;141113.28125
31306.43;141113.28125
31306.44;141113.28125
31306.45;141357.421875
31306.46;141113.28125
31306.47;141113.28125
31306.48;141113.28125
31306.49;141113.28125
31306.5;141113.28125
31306.51;141113.28125
31306.52;141357.421875
31306.53;141357.421875
31306.54;141113.28125
31306.55;141113.28125
31306.56;141113.28125
31306.57;141357.421875
31306.58;141113.28125
31306.59;141113.28125
31306.6;141113.28125
31306.61;141113.28125
31306.62;141113.28125
31306.63;141113.28125
31306.64;141113.28125
31306.65;141357.421875
31306.66;141113.28125
31306.67;141113.28125
31306.68;141113.28125
31306.69;141113.28125
31306.7;141113.28125
31306.71;141113.28125
31306.72;141113.28125
31306.73;141357.421875
31306.74;141357.421875
31306.75;141113.28125
31306.76;141113.28125
31306.77;141113.28125
31306.78;141357.421875
31306.79;141113.28125
31306.8;141113.28125
31306.81;141113.28125
31306.82;141357.421875
31306.83;141113.28125
31306.84;141357.421875
31306.85;141357.421875
31306.86;141113.28125
31306.87;141357.421875
31306.88;141113.28125
31306.89;141113.28125
31306.9;141113.28125
31306.91;141113.28125
31306.92;141113.28125
31306.93;141113.28125
31306.94;141113.28125
31306.95;141113.28125
31306.96;141113.28125
31306.97;141357.421875
31306.98;141113.28125
31306.99;141113.28125
31307.0;141113.28125
31307.01;141113.28125
31307.02;141113.28125
31307.03;141357.421875
31307.04;141113.28125
31307.05;141357.421875
31307.06;141113.28125
31307.07;141357.421875
31307.08;141113.28125
31307.09;141113.28125
31307.1;141113.28125
31307.11;141113.28125
31307.12;141113.28125
31307.13;141113.28125
31307.14;141357.421875
31307.15;141357.421875
31307.16;141113.28125
31307.17;141113.28125
31307.18;141113.28125
31307.19;141113.28125
31307.2;141113.28125
31307.21;141113.28125
31307.22;141113.28125
31307.23;141113.28125
31307.24;141113.28125
31307.25;141113.28125
31307.26;141113.28125
31307.27;141357.421875
31307.28;141113.28125
31307.29;141113.28125
31307.3;141357.421875
31307.31;141113.28125
31307.32;141113.28125
31307.33;141113.28125
31307.34;141113.28125
31307.35;141357.421875
31307.36;141113.28125
31307.37;141357.421875
31307.38;141357.421875
31307.39;141357.421875
31307.4;141113.28125
31307.41;141113.28125
31307.42;141357.421875
31307.43;141113.28125
31307.44;141357.421875
31307.45;141357.421875
31307.46;141113.28125
31307.47;141113.28125
31307.48;141113.28125
31307.49;141357.421875
31307.5;141357.421875
31307.51;141113.28125
31307.52;141357.421875
31307.53;141113.28125
31307.54;141357.421875
31307.55;141357.421875
31307.56;141357.421875
31307.57;141357.421875
31307.58;141357.421875
31307.59;141113.28125
31307.6;141357.421875
31307.61;141113.28125
31307.62;141113.28125
31307.63;141113.28125
31307.64;141357.421875
31307.65;141357.421875
31307.66;141113.28125
31307.67;141357.421875
31307.68;141113.28125
31307.69;141113.28125
31307.7;141113.28125
31307.71;141113.28125
31307.72;141357.421875
31307.73;141357.421875
31307.74;141357.421875
31307.75;141113.28125
31307.76;141113.28125
31307.77;141113.28125
31307.78;141357.421875
31307.79;141357.421875
31307.8;141357.421875
31307.81;141357.421875
31307.82;141357.421875
31307.83;141113.28125
31307.84;141113.28125
31307.85;141357.421875
31307.86;141113.28125
31307.87;141113.28125
31307.88;141357.421875
31307.89;141113.28125
31307.9;141357.421875
31307.91;141357.421875
31307.92;141357.421875
31307.93;141113.28125
31307.94;141357.421875
31307.95;141113.28125
31307.96;141357.421875
31307.97;141113.28125
31307.98;141357.421875
31307.99;141113.28125
31308.0;141357.421875
31308.01;141357.421875
31308.02;141113.28125
31308.03;141357.421875
31308.04;141113.28125
31308.05;141357.421875
31308.06;141113.28125
31308.07;141113.28125
31308.08;141113.28125
31308.09;141357.421875
31308.1;141357.421875
31308.11;141113.28125
31308.12;141113.28125
31308.13;141357.421875
31308.14;141357.421875
31308.15;141113.28125
31308.16;141357.421875
31308.17;141113.28125
31308.18;141113.28125
31308.19;141113.28125
31308.2;141357.421875
31308.21;141357.421875
31308.22;141113.28125
31308.23;141357.421875
31308.24;141357.421875
31308.25;141357.421875
31308.26;141113.28125
31308.27;141113.28125
31308.28;141357.421875
31308.29;141357.421875
31308.3;141113.28125
31308.31;141357.421875
31308.32;141357.421875
31308.33;141357.421875
31308.34;141357.421875
31308.35;141357.421875
31308.36;141357.421875
31308.37;141357.421875
31308.38;141113.28125
31308.39;141113.28125
31308.4;141113.28125
31308.41;141113.28125
31308.42;141357.421875
31308.43;141113.28125
31308.44;141113.28125
31308.45;141113.28125
31308.46;141357.421875
31308.47;141113.28125
31308.48;141113.28125
31308.49;141113.28125
31308.5;141113.28125
31308.51;141357.421875
31308.52;141113.28125
31308.53;141113.28125
31308.54;141113.28125
31308.55;141113.28125
31308.56;141113.28125
31308.57;141357.421875
31308.58;141357.421875
31308.59;141113.28125
31308.6;141113.28125
31308.61;144531.25
31308.62;226318.359375
31308.63;150146.484375
31308.64;141357.421875
31308.65;142822.265625
31308.66;142089.84375
31308.67;141845.703125
31308.68;181152.34375
31308.69;206787.109375
31308.7;133300.78125
31308.71;144775.390625
31308.72;142089.84375
31308.73;142333.984375
31308.74;145751.953125
31308.75;227539.0625
31308.76;150634.765625
31308.77;141601.5625
31308.78;143066.40625
31308.79;142333.984375
31308.8;142089.84375
31308.81;141845.703125
31308.82;141845.703125
31308.83;141601.5625
31308.84;141601.5625
31308.85;141357.421875
31308.86;141357.421875
31308.87;145263.671875
31308.88;227050.78125
31308.89;150146.484375
31308.9;141357.421875
31308.91;142822.265625
31308.92;142089.84375
31308.93;142089.84375
31308.94;141845.703125
31308.95;141601.5625
31308.96;141601.5625
31308.97;141601.5625
31308.98;141357.421875
31308.99;141357.421875
31309.0;145019.53125
31309.01;227050.78125
31309.02;150146.484375
31309.03;141357.421875
31309.04;142822.265625
31309.05;142089.84375
31309.06;142089.84375
31309.07;141845.703125
31309.08;141601.5625
31309.09;141601.5625
31309.1;141601.5625
31309.11;141357.421875
31309.12;141357.421875
31309.13;145263.671875
31309.14;227294.921875
31309.15;150146.484375
31309.16;141357.421875
31309.17;142822.265625
31309.18;142089.84375
31309.19;142089.84375
31309.2;141845.703125
31309.21;141601.5625
31309.22;141601.5625
31309.23;141357.421875
31309.24;141357.421875
31309.25;141357.421875
31309.26;145019.53125
31309.27;227294.921875
31309.28;150146.484375
31309.29;141357.421875
31309.3;143066.40625
31309.31;142089.84375
31309.32;142089.84375
31309.33;181396.484375
31309.34;206787.109375
31309.35;133544.921875
31309.36;145019.53125
31309.37;142089.84375
31309.38;142333.984375
31309.39;145751.953125
31309.4;227783.203125
31309.41;150390.625
31309.42;141845.703125
31309.43;143066.40625
31309.44;142333.984375
31309.45;142333.984375
31309.46;181640.625
31309.47;206787.109375
31309.48;133544.921875
31309.49;145019.53125
31309.5;142333.984375
31309.51;142333.984375
31309.52;145996.09375
31309.53;227783.203125
31309.54;150634.765625
31309.55;141845.703125
31309.56;143066.40625
31309.57;142333.984375
31309.58;142333.984375
31309.59;181640.625
31309.6;206787.109375
31309.61;133544.921875
31309.62;145019.53125
31309.63;142089.84375
31309.64;142333.984375
31309.65;145751.953125
31309.66;227783.203125
31309.67;150390.625
31309.68;141845.703125
31309.69;143066.40625
31309.7;142333.984375
31309.71;142333.984375
31309.72;181640.625
31309.73;206787.109375
31309.74;133789.0625
31309.75;145019.53125
31309.76;142333.984375
31309.77;142333.984375
31309.78;145751.953125
31309.79;227783.203125
31309.8;150634.765625
31309.81;141845.703125
31309.82;143310.546875
31309.83;142333.984375
31309.84;142089.84375
31309.85;142089.84375
31309.86;141845.703125
31309.87;141601.5625
31309.88;141601.5625
31309.89;141601.5625
31309.9;141601.5625
31309.91;145263.671875
31309.92;227294.921875
31309.93;150146.484375
31309.94;141601.5625
31309.95;143066.40625
31309.96;142333.984375
31309.97;142089.84375
31309.98;141845.703125
31309.99;141845.703125
31310.0;141601.5625
31310.01;141601.5625
31310.02;141601.5625
31310.03;141601.5625
31310.04;145263.671875
31310.05;227294.921875
31310.06;150146.484375
31310.07;141601.5625
31310.08;143066.40625
31310.09;142333.984375
31310.1;142089.84375
31310.11;142089.84375
31310.12;141845.703125
31310.13;141601.5625
31310.14;141601.5625
31310.15;141601.5625
31310.16;141601.5625
31310.17;145263.671875
31310.18;227294.921875
31310.19;150146.484375
31310.2;141601.5625
31310.21;143066.40625
31310.22;142333.984375
31310.23;142089.84375
31310.24;141845.703125
31310.25;141845.703125
31310.26;141845.703125
31310.27;141601.5625
31310.28;141601.5625
31310.29;141357.421875
31310.3;145507.8125
31310.31;227294.921875
31310.32;150146.484375
31310.33;141601.5625
31310.34;143066.40625
31310.35;142333.984375
31310.36;142089.84375
31310.37;141845.703125
31310.38;141845.703125
31310.39;141845.703125
31310.4;141601.5625
31310.41;141601.5625
31310.42;141601.5625
31310.43;145263.671875
31310.44;227294.921875
31310.45;150146.484375
31310.46;141601.5625
31310.47;143066.40625
31310.48;142333.984375
31310.49;142089.84375
31310.5;142089.84375
31310.51;142089.84375
31310.52;141845.703125
31310.53;141601.5625
31310.54;141601.5625
31310.55;141601.5625
31310.56;145507.8125
31310.57;227294.921875
31310.58;150146.484375
31310.59;141601.5625
31310.6;143066.40625
31310.61;142333.984375
31310.62;142089.84375
31310.63;142089.84375
31310.64;141845.703125
31310.65;141845.703125
31310.66;141601.5625
31310.67;141601.5625
31310.68;141601.5625
31310.69;145507.8125
31310.7;227539.0625
31310.71;150146.484375
31310.72;141601.5625
31310.73;143066.40625
31310.74;142333.984375
31310.75;142333.984375
31310.76;142089.84375
31310.77;142089.84375
31310.78;141845.703125
31310.79;141601.5625
31310.8;141601.5625
31310.81;141601.5625
31310.82;141601.5625
31310.83;141601.5625
31310.84;141601.5625
31310.85;141601.5625
31310.86;141601.5625
31310.87;141601.5625
31310.88;141601.5625
31310.89;141357.421875
31310.9;141601.5625
31310.91;141357.421875
31310.92;141601.5625
31310.93;141601.5625
31310.94;141357.421875
31310.95;141357.421875
31310.96;141357.421875
31310.97;141357.421875
31310.98;141601.5625
31310.99;141357.421875
31311.0;141357.421875
31311.01;141601.5625
31311.02;141601.5625
31311.03;141601.5625
31311.04;141601.5625
31311.05;141357.421875
31311.06;141601.5625
31311.07;141357.421875
31311.08;141601.5625
31311.09;141357.421875
31311.1;141357.421875
31311.11;141357.421875
31311.12;141601.5625
31311.13;141357.421875
31311.14;141601.5625
31311.15;141601.5625
31311.16;141601.5625
31311.17;141357.421875
31311.18;141357.421875
31311.19;141601.5625
31311.2;141601.5625
31311.21;141601.5625
31311.22;141357.421875
31311.23;141601.5625
31311.24;141601.5625
31311.25;141601.5625
31311.26;141601.5625
31311.27;141357.421875
31311.28;141357.421875
31311.29;141601.5625
31311.3;141357.421875
31311.31;141601.5625
31311.32;141601.5625
31311.33;141601.5625
31311.34;141357.421875
31311.35;141601.5625
31311.36;141601.5625
31311.37;141601.5625
31311.38;141357.421875
31311.39;141601.5625
31311.4;141601.5625
31311.41;141601.5625
31311.42;141601.5625
31311.43;141601.5625
31311.44;141601.5625
31311.45;141601.5625
31311.46;141601.5625
31311.47;141601.5625
31311.48;141601.5625
31311.49;141601.5625
31311.5;141601.5625
31311.51;141601.5625
31311.52;141601.5625
31311.53;141601.5625
31311.54;141601.5625
31311.55;141601.5625
31311.56;141601.5625
31311.57;141601.5625
31311.58;141601.5625
31311.59;141601.5625
31311.6;141601.5625
31311.61;141357.421875
31311.62;141601.5625
31311.63;141601.5625
31311.64;141601.5625
31311.65;141601.5625
31311.66;141601.5625
31311.67;141601.5625
31311.68;141601.5625
31311.69;141601.5625
31311.7;141601.5625
31311.71;141601.5625
31311.72;141601.5625
31311.73;141601.5625
31311.74;141601.5625
31311.75;141601.5625
31311.76;141601.5625
31311.77;141601.5625
31311.78;141601.5625
31311.79;141601.5625
31311.8;141601.5625
31311.81;141601.5625
31311.82;141601.5625
31311.83;141601.5625
31311.84;141601.5625
31311.85;141601.5625
31311.86;141601.5625
31311.87;141601.5625
31311.88;141601.5625
31311.89;141845.703125
31311.9;141601.5625
31311.91;141601.5625
31311.92;141601.5625
31311.93;141601.5625
31311.94;141601.5625
31311.95;141601.5625
31311.96;141601.5625
31311.97;141601.5625
31311.98;141601.5625
31311.99;141601.5625
31312.0;141601.5625
31312.01;141601.5625
31312.02;141601.5625
31312.03;141601.5625
31312.04;141601.5625
31312.05;141601.5625
31312.06;141845.703125
31312.07;141601.5625
31312.08;141601.5625
31312.09;141601.5625
31312.1;141601.5625
31312.11;141601.5625
31312.12;141601.5625
31312.13;141601.5625
31312.14;141601.5625
31312.15;141601.5625
31312.16;141601.5625
31312.17;141601.5625
31312.18;141601.5625
31312.19;141601.5625
31312.2;141601.5625
31312.21;141601.5625
31312.22;141601.5625
31312.23;141601.5625
31312.24;141601.5625
31312.25;141601.5625
31312.26;141601.5625
31312.27;141601.5625
31312.28;141601.5625
31312.29;141601.5625
31312.3;141601.5625
31312.31;141601.5625
31312.32;141601.5625
31312.33;141845.703125
31312.34;141601.5625
31312.35;141601.5625
31312.36;141601.5625
31312.37;141601.5625
31312.38;141601.5625
31312.39;141601.5625
31312.4;141601.5625
31312.41;141601.5625
31312.42;141601.5625
31312.43;141601.5625
31312.44;141601.5625
31312.45;141601.5625
31312.46;141601.5625
31312.47;141357.421875
31312.48;141601.5625
31312.49;141601.5625
31312.5;141601.5625
31312.51;141601.5625
31312.52;141601.5625
31312.53;141601.5625
31312.54;141601.5625
31312.55;141601.5625
31312.56;141357.421875
31312.57;141601.5625
31312.58;141601.5625
31312.59;141601.5625
31312.6;141601.5625
31312.61;141601.5625
31312.62;141601.5625
31312.63;141601.5625
31312.64;141601.5625
31312.65;141601.5625
31312.66;141601.5625
31312.67;141601.5625
31312.68;141601.5625
31312.69;141601.5625
31312.7;141601.5625
31312.71;141601.5625
31312.72;141601.5625
31312.73;141601.5625
31312.74;141601.5625
31312.75;141601.5625
31312.76;141601.5625
31312.77;141601.5625
31312.78;141601.5625
31312.79;141601.5625
31312.8;141601.5625
31312.81;141601.5625
31312.82;141601.5625
31312.83;141601.5625
31312.84;141601.5625
31312.85;141601.5625
31312.86;141601.5625
31312.87;141601.5625
31312.88;141601.5625
31312.89;141601.5625
31312.9;141601.5625
31312.91;141601.5625
31312.92;141601.5625
31312.93;141601.5625
31312.94;141601.5625
31312.95;141601.5625
31312.96;141601.5625
31312.97;141601.5625
31312.98;141601.5625
31312.99;141601.5625
31313.0;141601.5625
31313.01;141601.5625
31313.02;141845.703125
31313.03;141601.5625
31313.04;141601.5625
31313.05;141601.5625
31313.06;141601.5625
31313.07;141601.5625
31313.08;141601.5625
31313.09;141601.5625
31313.1;141601.5625
31313.11;141601.5625
31313.12;141601.5625
31313.13;141601.5625
31313.14;141601.5625
31313.15;141601.5625
31313.16;141601.5625
31313.17;141601.5625
31313.18;141601.5625
31313.19;141601.5625
31313.2;141601.5625
31313.21;141601.5625
31313.22;141601.5625
31313.23;141601.5625
31313.24;141601.5625
31313.25;141601.5625
31313.26;141601.5625
31313.27;141601.5625
31313.28;141601.5625
31313.29;141845.703125
31313.3;141601.5625
31313.31;141601.5625
31313.32;141601.5625
31313.33;141601.5625
31313.34;141601.5625
31313.35;141601.5625
31313.36;141601.5625
31313.37;141601.5625
31313.38;141601.5625
31313.39;141601.5625
31313.4;141601.5625
31313.41;141601.5625
31313.42;141601.5625
31313.43;141601.5625
31313.44;141601.5625
31313.45;141601.5625
31313.46;141601.5625
31313.47;141601.5625
31313.48;141601.5625
31313.49;141601.5625
31313.5;141601.5625
31313.51;141601.5625
31313.52;141601.5625
31313.53;141601.5625
31313.54;141601.5625
31313.55;141601.5625
31313.56;141601.5625
31313.57;141601.5625
31313.58;141601.5625
31313.59;141601.5625
31313.6;141601.5625
31313.61;141601.5625
31313.62;141601.5625
31313.63;141601.5625
31313.64;141601.5625
31313.65;141601.5625
31313.66;141601.5625
31313.67;141601.5625
31313.68;141601.5625
31313.69;141601.5625
31313.7;141601.5625
31313.71;141601.5625
31313.72;141601.5625
31313.73;141601.5625
31313.74;141601.5625
31313.75;141601.5625
31313.76;141601.5625
31313.77;141601.5625
31313.78;141601.5625
31313.79;141601.5625
31313.8;141601.5625
31313.81;141601.5625
31313.82;141601.5625
31313.83;141601.5625
31313.84;141601.5625
31313.85;141601.5625
31313.86;141601.5625
31313.87;141601.5625
31313.88;141601.5625
31313.89;141601.5625
31313.9;141601.5625
31313.91;141601.5625
31313.92;141601.5625
31313.93;141601.5625
31313.94;141601.5625
31313.95;141601.5625
31313.96;141601.5625
31313.97;141601.5625
31313.98;141601.5625
31313.99;141601.5625
31314.0;141601.5625
31314.01;141845.703125
31314.02;141601.5625
31314.03;141601.5625
31314.04;141601.5625
31314.05;141601.5625
31314.06;141601.5625
31314.07;141601.5625
31314.08;141601.5625
31314.09;141601.5625
31314.1;141601.5625
31314.11;141845.703125
31314.12;141601.5625
31314.13;141601.5625
31314.14;141601.5625
31314.15;141845.703125
31314.16;141601.5625
31314.17;141601.5625
31314.18;141601.5625
31314.19;141601.5625
31314.2;141601.5625
31314.21;141601.5625
31314.22;141601.5625
31314.23;141601.5625
31314.24;141601.5625
31314.25;141601.5625
31314.26;141845.703125
31314.27;141601.5625
31314.28;141601.5625
31314.29;141601.5625
31314.3;141601.5625
31314.31;141601.5625
31314.32;141601.5625
31314.33;141601.5625
31314.34;141601.5625
31314.35;141601.5625
31314.36;141601.5625
31314.37;141601.5625
31314.38;141601.5625
31314.39;141601.5625
31314.4;141601.5625
31314.41;141601.5625
31314.42;141601.5625
31314.43;141601.5625
31314.44;141601.5625
31314.45;141601.5625
31314.46;141601.5625
31314.47;141601.5625
31314.48;141601.5625
31314.49;141601.5625
31314.5;141601.5625
31314.51;141601.5625
31314.52;141601.5625
31314.53;141601.5625
31314.54;141601.5625
31314.55;141601.5625
31314.56;141601.5625
31314.57;141601.5625
31314.58;141601.5625
31314.59;141601.5625
31314.6;141601.5625
31314.61;141601.5625
31314.62;141601.5625
31314.63;141601.5625
31314.64;141601.5625
31314.65;141601.5625
31314.66;141601.5625
31314.67;141601.5625
31314.68;141601.5625
31314.69;141601.5625
31314.7;141601.5625
31314.71;141601.5625
31314.72;141601.5625
31314.73;141601.5625
31314.74;141601.5625
31314.75;141601.5625
31314.76;141601.5625
31314.77;141601.5625
31314.78;141601.5625
31314.79;141601.5625
31314.8;141601.5625
31314.81;141601.5625
31314.82;141601.5625
31314.83;141601.5625
31314.84;141601.5625
31314.85;141601.5625
31314.86;141601.5625
31314.87;141601.5625
31314.88;141601.5625
31314.89;141601.5625
31314.9;141601.5625
31314.91;141601.5625
31314.92;141601.5625
31314.93;141601.5625
31314.94;141601.5625
31314.95;141601.5625
31314.96;141601.5625
31314.97;141601.5625
31314.98;141601.5625
31314.99;141601.5625
31315.0;141601.5625
31315.01;141601.5625
31315.02;141601.5625
31315.03;141601.5625
31315.04;141601.5625
31315.05;141601.5625
31315.06;141601.5625
31315.07;141601.5625
31315.08;141601.5625
31315.09;141601.5625
31315.1;141601.5625
31315.11;141601.5625
31315.12;141845.703125
31315.13;141601.5625
31315.14;141601.5625
31315.15;141601.5625
31315.16;141601.5625
31315.17;141601.5625
31315.18;141601.5625
31315.19;141601.5625
31315.2;141601.5625
31315.21;141601.5625
31315.22;141601.5625
31315.23;141601.5625
31315.24;141601.5625
31315.25;141601.5625
31315.26;141601.5625
31315.27;141601.5625
31315.28;141601.5625
31315.29;141601.5625
31315.3;141601.5625
31315.31;141601.5625
31315.32;141601.5625
31315.33;141601.5625
31315.34;141601.5625
31315.35;141601.5625
31315.36;141601.5625
31315.37;141601.5625
31315.38;141601.5625
31315.39;141601.5625
31315.4;141601.5625
31315.41;141601.5625
31315.42;141601.5625
31315.43;141845.703125
31315.44;141601.5625
31315.45;141601.5625
31315.46;141845.703125
31315.47;141601.5625
31315.48;141601.5625
31315.49;141601.5625
31315.5;141601.5625
31315.51;141601.5625
31315.52;141601.5625
31315.53;141601.5625
31315.54;141601.5625
31315.55;141601.5625
31315.56;141601.5625
31315.57;141601.5625
31315.58;141601.5625
31315.59;141601.5625
31315.6;141601.5625
31315.61;141601.5625
31315.62;141601.5625
31315.63;141601.5625
31315.64;141601.5625
31315.65;141845.703125
31315.66;141601.5625
31315.67;141601.5625
31315.68;141601.5625
31315.69;141601.5625
31315.7;141601.5625
31315.71;141601.5625
31315.72;141601.5625
31315.73;141601.5625
31315.74;141845.703125
31315.75;141601.5625
31315.76;141601.5625
31315.77;141601.5625
31315.78;141601.5625
31315.79;141601.5625
31315.8;141601.5625
31315.81;141601.5625
31315.82;141601.5625
31315.83;141601.5625
31315.84;141601.5625
31315.85;141601.5625
31315.86;141845.703125
31315.87;141601.5625
31315.88;141601.5625
31315.89;141601.5625
31315.9;141601.5625
31315.91;141601.5625
31315.92;141601.5625
31315.93;141601.5625
31315.94;141601.5625
31315.95;141601.5625
31315.96;141601.5625
31315.97;141601.5625
31315.98;141601.5625
31315.99;141601.5625
31316.0;141601.5625
31316.01;141601.5625
31316.02;141601.5625
31316.03;141601.5625
31316.04;141601.5625
31316.05;141601.5625
31316.06;141601.5625
31316.07;141601.5625
31316.08;141601.5625
31316.09;141601.5625
31316.1;141601.5625
31316.11;141601.5625
31316.12;141601.5625
31316.13;141601.5625
31316.14;141601.5625
31316.15;141601.5625
31316.16;141601.5625
31316.17;141601.5625
31316.18;141601.5625
31316.19;141601.5625
31316.2;141845.703125
31316.21;141601.5625
31316.22;141601.5625
31316.23;141601.5625
31316.24;141601.5625
31316.25;141845.703125
31316.26;141601.5625
31316.27;141601.5625
31316.28;141601.5625
31316.29;141601.5625
31316.3;141601.5625
31316.31;141601.5625
31316.32;141601.5625
31316.33;141601.5625
31316.34;141601.5625
31316.35;141601.5625
31316.36;141601.5625
31316.37;141601.5625
31316.38;141601.5625
31316.39;141601.5625
31316.4;141601.5625
31316.41;141601.5625
31316.42;141601.5625
31316.43;141601.5625
31316.44;141601.5625
31316.45;141601.5625
31316.46;141601.5625
31316.47;141601.5625
31316.48;141601.5625
31316.49;141601.5625
31316.5;141601.5625
31316.51;141601.5625
31316.52;141601.5625
31316.53;141601.5625
31316.54;141601.5625
31316.55;141601.5625
31316.56;141601.5625
31316.57;141601.5625
31316.58;141601.5625
31316.59;141601.5625
31316.6;141601.5625
31316.61;141601.5625
31316.62;141601.5625
31316.63;141601.5625
31316.64;141601.5625
31316.65;141601.5625
31316.66;141601.5625
31316.67;141357.421875
31316.68;141601.5625
31316.69;141601.5625
31316.7;141601.5625
31316.71;141601.5625
31316.72;141601.5625
31316.73;141601.5625
31316.74;141601.5625
31316.75;141601.5625
31316.76;141601.5625
31316.77;141601.5625
31316.78;141601.5625
31316.79;141601.5625
31316.8;141601.5625
31316.81;141601.5625
31316.82;141601.5625
31316.83;141601.5625
31316.84;141601.5625
31316.85;141601.5625
31316.86;141601.5625
31316.87;141601.5625
31316.88;141357.421875
31316.89;141601.5625
31316.9;141601.5625
31316.91;141601.5625
31316.92;141601.5625
31316.93;141601.5625
31316.94;141601.5625
31316.95;141601.5625
31316.96;141601.5625
31316.97;141601.5625
31316.98;141601.5625
31316.99;141601.5625
31317.0;141601.5625
31317.01;141601.5625
31317.02;141601.5625
31317.03;141601.5625
31317.04;141601.5625
31317.05;141601.5625
31317.06;141601.5625
31317.07;141601.5625
31317.08;141601.5625
31317.09;141601.5625
31317.1;141601.5625
31317.11;141601.5625
31317.12;141601.5625
31317.13;141601.5625
31317.14;141601.5625
31317.15;141601.5625
31317.16;141601.5625
31317.17;141601.5625
31317.18;141601.5625
31317.19;141601.5625
31317.2;141601.5625
31317.21;141601.5625
31317.22;141601.5625
31317.23;141601.5625
31317.24;141601.5625
31317.25;141601.5625
31317.26;141601.5625
31317.27;141601.5625
31317.28;141601.5625
31317.29;141601.5625
31317.3;141601.5625
31317.31;141601.5625
31317.32;141601.5625
31317.33;141601.5625
31317.34;141601.5625
31317.35;141601.5625
31317.36;141601.5625
31317.37;141601.5625
31317.38;141601.5625
31317.39;141601.5625
31317.4;141357.421875
31317.41;141601.5625
31317.42;141601.5625
31317.43;141601.5625
31317.44;141601.5625
31317.45;141601.5625
31317.46;141601.5625
31317.47;141601.5625
31317.48;141601.5625
31317.49;141601.5625
31317.5;141601.5625
31317.51;141601.5625
31317.52;141601.5625
31317.53;141601.5625
31317.54;141601.5625
31317.55;141601.5625
31317.56;141601.5625
31317.57;141601.5625
31317.58;141601.5625
31317.59;141601.5625
31317.6;141601.5625
31317.61;141601.5625
31317.62;141601.5625
31317.63;141601.5625
31317.64;141601.5625
31317.65;141601.5625
31317.66;141601.5625
31317.67;141601.5625
31317.68;141601.5625
31317.69;141601.5625
31317.7;141601.5625
31317.71;141601.5625
31317.72;141601.5625
31317.73;141601.5625
31317.74;141601.5625
31317.75;141601.5625
31317.76;141601.5625
31317.77;141601.5625
31317.78;141601.5625
31317.79;141601.5625
31317.8;141601.5625
31317.81;141601.5625
31317.82;141601.5625
31317.83;141601.5625
31317.84;141601.5625
31317.85;141601.5625
31317.86;141601.5625
31317.87;141601.5625
31317.88;141601.5625
31317.89;141601.5625
31317.9;141357.421875
31317.91;141601.5625
31317.92;141601.5625
31317.93;141357.421875
31317.94;141601.5625
31317.95;141601.5625
31317.96;141357.421875
31317.97;141601.5625
31317.98;141601.5625
31317.99;141601.5625
31318.0;141601.5625
31318.01;141601.5625
31318.02;141601.5625
31318.03;141357.421875
31318.04;141601.5625
31318.05;141357.421875
31318.06;141357.421875
31318.07;141357.421875
31318.08;141601.5625
31318.09;141601.5625
31318.1;141601.5625
31318.11;141357.421875
31318.12;141601.5625
31318.13;141357.421875
31318.14;141601.5625
31318.15;141357.421875
31318.16;141601.5625
31318.17;141357.421875
31318.18;141357.421875
31318.19;141357.421875
31318.2;141357.421875
31318.21;141601.5625
31318.22;141601.5625
31318.23;141357.421875
31318.24;141357.421875
31318.25;141357.421875
31318.26;141601.5625
31318.27;141601.5625
31318.28;141357.421875
31318.29;141357.421875
31318.3;141357.421875
31318.31;141601.5625
31318.32;141601.5625
31318.33;141357.421875
31318.34;141357.421875
31318.35;141357.421875
31318.36;141357.421875
31318.37;141357.421875
31318.38;141357.421875
31318.39;141601.5625
31318.4;141357.421875
31318.41;141357.421875
31318.42;141357.421875
31318.43;141357.421875
31318.44;141357.421875
31318.45;141357.421875
31318.46;141357.421875
31318.47;141357.421875
31318.48;141357.421875
31318.49;141357.421875
31318.5;141357.421875
31318.51;141357.421875
31318.52;141357.421875
31318.53;141357.421875
31318.54;141357.421875
31318.55;141357.421875
31318.56;141357.421875
31318.57;141357.421875
31318.58;141357.421875
31318.59;141357.421875
31318.6;141357.421875
31318.61;141357.421875
31318.62;141357.421875
31318.63;141357.421875
31318.64;141357.421875
31318.65;141357.421875
31318.66;141357.421875
31318.67;141357.421875
31318.68;141357.421875
31318.69;141357.421875
31318.7;141357.421875
31318.71;141357.421875
31318.72;141357.421875
31318.73;141357.421875
31318.74;141357.421875
31318.75;141357.421875
31318.76;141357.421875
31318.77;141357.421875
31318.78;141357.421875
31318.79;141357.421875
31318.8;141357.421875
31318.81;141357.421875
31318.82;141357.421875
31318.83;141357.421875
31318.84;141357.421875
31318.85;141357.421875
31318.86;141357.421875
31318.87;141357.421875
31318.88;141357.421875
31318.89;141357.421875
31318.9;141357.421875
31318.91;141357.421875
31318.92;141357.421875
31318.93;141357.421875
31318.94;141357.421875
31318.95;141357.421875
31318.96;141357.421875
31318.97;141357.421875
31318.98;141357.421875
31318.99;141357.421875
31319.0;141357.421875
31319.01;141357.421875
31319.02;141357.421875
31319.03;141357.421875
31319.04;141357.421875
31319.05;141357.421875
31319.06;141357.421875
31319.07;141357.421875
31319.08;141357.421875
31319.09;141357.421875
31319.1;141357.421875
31319.11;141357.421875
31319.12;141357.421875
31319.13;141357.421875
31319.14;141357.421875
31319.15;141357.421875
31319.16;141357.421875
31319.17;141357.421875
31319.18;141357.421875
31319.19;141357.421875
31319.2;141357.421875
31319.21;141357.421875
31319.22;141357.421875
31319.23;141357.421875
31319.24;141357.421875
31319.25;141357.421875
31319.26;141357.421875
31319.27;141357.421875
31319.28;141357.421875
31319.29;141113.28125
31319.3;141357.421875
31319.31;141357.421875
31319.32;141357.421875
31319.33;141357.421875
31319.34;141357.421875
31319.35;141357.421875
31319.36;141357.421875
31319.37;141357.421875
31319.38;141357.421875
31319.39;141357.421875
31319.4;141357.421875
31319.41;141357.421875
31319.42;141357.421875
31319.43;141357.421875
31319.44;141357.421875
31319.45;141357.421875
31319.46;141357.421875
31319.47;141357.421875
31319.48;141357.421875
31319.49;141357.421875
31319.5;141357.421875
31319.51;141357.421875
31319.52;141357.421875
31319.53;141357.421875
31319.54;141357.421875
31319.55;141357.421875
31319.56;141357.421875
31319.57;141357.421875
31319.58;141113.28125
31319.59;141357.421875
31319.6;141357.421875
31319.61;141357.421875
31319.62;141357.421875
31319.63;141357.421875
31319.64;141357.421875
31319.65;141357.421875
31319.66;141357.421875
31319.67;141357.421875
31319.68;141357.421875
31319.69;141113.28125
31319.7;141357.421875
31319.71;141357.421875
31319.72;141357.421875
31319.73;141357.421875
31319.74;141357.421875
31319.75;141357.421875
31319.76;141357.421875
31319.77;141357.421875
31319.78;141113.28125
31319.79;141113.28125
31319.8;141357.421875
31319.81;141357.421875
31319.82;141357.421875
31319.83;141357.421875
31319.84;141357.421875
31319.85;141357.421875
31319.86;141357.421875
31319.87;141357.421875
31319.88;141113.28125
31319.89;141357.421875
31319.9;141113.28125
31319.91;141113.28125
31319.92;141357.421875
31319.93;141113.28125
31319.94;141357.421875
31319.95;141357.421875
31319.96;141357.421875
31319.97;141357.421875
31319.98;141357.421875
31319.99;141357.421875
31320.0;141357.421875
31320.01;141113.28125
31320.02;141357.421875
31320.03;141113.28125
31320.04;141357.421875
31320.05;141357.421875
31320.06;141357.421875
31320.07;141357.421875
31320.08;141113.28125
31320.09;141357.421875
31320.1;141357.421875
31320.11;141357.421875
31320.12;141357.421875
31320.13;141357.421875
31320.14;141113.28125
31320.15;141357.421875
31320.16;141357.421875
31320.17;141357.421875
31320.18;141357.421875
31320.19;141357.421875
31320.2;141357.421875
31320.21;141357.421875
31320.22;141113.28125
31320.23;141357.421875
31320.24;141357.421875
31320.25;141113.28125
31320.26;141357.421875
31320.27;141357.421875
31320.28;141113.28125
31320.29;141113.28125
31320.3;141357.421875
31320.31;141357.421875
31320.32;141357.421875
31320.33;141113.28125
31320.34;141357.421875
31320.35;141357.421875
31320.36;141357.421875
31320.37;141113.28125
31320.38;141357.421875
31320.39;141113.28125
31320.4;141357.421875
31320.41;141113.28125
31320.42;141113.28125
31320.43;141113.28125
31320.44;141113.28125
31320.45;141113.28125
31320.46;141357.421875
31320.47;141357.421875
31320.48;141113.28125
31320.49;141357.421875
31320.5;141113.28125
31320.51;141113.28125
31320.52;141357.421875
31320.53;141113.28125
31320.54;141113.28125
31320.55;141113.28125
31320.56;141357.421875
31320.57;141113.28125
31320.58;141357.421875
31320.59;141113.28125
31320.6;141113.28125
31320.61;141113.28125
31320.62;141357.421875
31320.63;141113.28125
31320.64;141113.28125
31320.65;141113.28125
31320.66;141357.421875
31320.67;141113.28125
31320.68;141113.28125
31320.69;141113.28125
31320.7;141113.28125
31320.71;141113.28125
31320.72;141357.421875
31320.73;141113.28125
31320.74;141113.28125
31320.75;141357.421875
31320.76;141113.28125
31320.77;141113.28125
31320.78;141113.28125
31320.79;141113.28125
31320.8;141113.28125
31320.81;141113.28125
31320.82;141113.28125
31320.83;141113.28125
31320.84;141113.28125
31320.85;141113.28125
31320.86;141113.28125
31320.87;141357.421875
31320.88;141357.421875
31320.89;141113.28125
31320.9;141113.28125
31320.91;141357.421875
31320.92;141113.28125
31320.93;141113.28125
31320.94;141113.28125
31320.95;141113.28125
31320.96;141357.421875
31320.97;141113.28125
31320.98;141357.421875
31320.99;141113.28125
31321.0;141113.28125
31321.01;141113.28125
31321.02;141113.28125
31321.03;141113.28125
31321.04;141357.421875
31321.05;141113.28125
31321.06;141113.28125
31321.07;141113.28125
31321.08;141113.28125
31321.09;141113.28125
31321.1;141113.28125
31321.11;141113.28125
31321.12;141113.28125
31321.13;141113.28125
31321.14;141113.28125
31321.15;141113.28125
31321.16;141357.421875
31321.17;141113.28125
31321.18;141357.421875
31321.19;141113.28125
31321.2;141113.28125
31321.21;141357.421875
31321.22;141113.28125
31321.23;141357.421875
31321.24;141113.28125
31321.25;141113.28125
31321.26;141113.28125
31321.27;141113.28125
31321.28;141113.28125
31321.29;141113.28125
31321.3;141113.28125
31321.31;141113.28125
31321.32;141113.28125
31321.33;141113.28125
31321.34;141113.28125
31321.35;141113.28125
31321.36;141357.421875
31321.37;141113.28125
31321.38;141113.28125
31321.39;141113.28125
31321.4;141113.28125
31321.41;141113.28125
31321.42;141113.28125
31321.43;141113.28125
31321.44;141113.28125
31321.45;141357.421875
31321.46;141357.421875
31321.47;141113.28125
31321.48;141357.421875
31321.49;141113.28125
31321.5;141113.28125
31321.51;141113.28125
31321.52;141113.28125
31321.53;141113.28125
31321.54;141357.421875
31321.55;141113.28125
31321.56;141113.28125
31321.57;141113.28125
31321.58;141357.421875
31321.59;141113.28125
31321.6;141113.28125
31321.61;141113.28125
31321.62;141357.421875
31321.63;141113.28125
31321.64;141357.421875
31321.65;141113.28125
31321.66;141357.421875
31321.67;141357.421875
31321.68;141113.28125
31321.69;141357.421875
31321.7;141113.28125
31321.71;141113.28125
31321.72;141113.28125
31321.73;141113.28125
31321.74;141113.28125
31321.75;141113.28125
31321.76;141113.28125
31321.77;141357.421875
31321.78;141357.421875
31321.79;141357.421875
31321.8;141357.421875
31321.81;141113.28125
31321.82;141113.28125
31321.83;141357.421875
31321.84;141113.28125
31321.85;141113.28125
31321.86;141357.421875
31321.87;141113.28125
31321.88;141357.421875
31321.89;141113.28125
31321.9;141113.28125
31321.91;141113.28125
31321.92;141113.28125
31321.93;141113.28125
31321.94;141113.28125
31321.95;141113.28125
31321.96;141113.28125
31321.97;141113.28125
31321.98;141113.28125
31321.99;141113.28125
31322.0;141113.28125
31322.01;141113.28125
31322.02;141113.28125
31322.03;141357.421875
31322.04;141357.421875
31322.05;141113.28125
31322.06;141113.28125
31322.07;141113.28125
31322.08;141113.28125
31322.09;141113.28125
31322.1;141113.28125
31322.11;141357.421875
31322.12;141113.28125
31322.13;141113.28125
31322.14;141113.28125
31322.15;141113.28125
31322.16;141113.28125
31322.17;141113.28125
31322.18;141113.28125
31322.19;141357.421875
31322.2;141113.28125
31322.21;141113.28125
31322.22;141113.28125
31322.23;141113.28125
31322.24;141113.28125
31322.25;141113.28125
31322.26;141113.28125
31322.27;141113.28125
31322.28;141113.28125
31322.29;141113.28125
31322.3;141357.421875
31322.31;141113.28125
31322.32;141113.28125
31322.33;141113.28125
31322.34;141357.421875
31322.35;141113.28125
31322.36;141357.421875
31322.37;141113.28125
31322.38;141113.28125
31322.39;141357.421875
31322.4;141113.28125
31322.41;141113.28125
31322.42;141113.28125
31322.43;141113.28125
31322.44;141113.28125
31322.45;141113.28125
31322.46;141113.28125
31322.47;141113.28125
31322.48;141357.421875
31322.49;141113.28125
31322.5;141113.28125
31322.51;141357.421875
31322.52;141113.28125
31322.53;141113.28125
31322.54;141113.28125
31322.55;141113.28125
31322.56;141113.28125
31322.57;141113.28125
31322.58;141113.28125
31322.59;141113.28125
31322.6;141113.28125
31322.61;141357.421875
31322.62;141113.28125
31322.63;141113.28125
31322.64;141113.28125
31322.65;141357.421875
31322.66;141113.28125
31322.67;141113.28125
31322.68;141113.28125
31322.69;141113.28125
31322.7;141113.28125
31322.71;141113.28125
31322.72;141113.28125
31322.73;141113.28125
31322.74;141357.421875
31322.75;141113.28125
31322.76;141113.28125
31322.77;141113.28125
31322.78;141113.28125
31322.79;141113.28125
31322.8;141113.28125
31322.81;141357.421875
31322.82;141113.28125
31322.83;141113.28125
31322.84;141357.421875
31322.85;141113.28125
31322.86;141113.28125
31322.87;141113.28125
31322.88;141113.28125
31322.89;141113.28125
31322.9;141113.28125
31322.91;141357.421875
31322.92;141113.28125
31322.93;141113.28125
31322.94;141113.28125
31322.95;141357.421875
31322.96;141113.28125
31322.97;141113.28125
31322.98;141113.28125
31322.99;141113.28125
31323.0;141113.28125
31323.01;141113.28125
31323.02;141113.28125
31323.03;141357.421875
31323.04;141113.28125
31323.05;141113.28125
31323.06;141357.421875
31323.07;141357.421875
31323.08;141113.28125
31323.09;141357.421875
31323.1;141113.28125
31323.11;141113.28125
31323.12;141113.28125
31323.13;141113.28125
31323.14;141113.28125
31323.15;141113.28125
31323.16;141113.28125
31323.17;141113.28125
31323.18;141113.28125
31323.19;141113.28125
31323.2;141113.28125
31323.21;141357.421875
31323.22;141113.28125
31323.23;141113.28125
31323.24;141113.28125
31323.25;141357.421875
31323.26;141113.28125
31323.27;141113.28125
31323.28;141357.421875
31323.29;141113.28125
31323.3;141357.421875
31323.31;141113.28125
31323.32;141113.28125
31323.33;141113.28125
31323.34;141113.28125
31323.35;141113.28125
31323.36;141113.28125
31323.37;141113.28125
31323.38;141357.421875
31323.39;141113.28125
31323.4;141113.28125
31323.41;141113.28125
31323.42;141357.421875
31323.43;141357.421875
31323.44;141113.28125
31323.45;141357.421875
31323.46;141113.28125
31323.47;141113.28125
31323.48;141357.421875
31323.49;141113.28125
31323.5;141357.421875
31323.51;141357.421875
31323.52;141113.28125
31323.53;141357.421875
31323.54;141113.28125
31323.55;141357.421875
31323.56;141357.421875
31323.57;141357.421875
31323.58;141113.28125
31323.59;141357.421875
31323.6;141113.28125
31323.61;141357.421875
31323.62;141113.28125
31323.63;141357.421875
31323.64;141113.28125
31323.65;141113.28125
31323.66;141113.28125
31323.67;141113.28125
31323.68;141357.421875
31323.69;141113.28125
31323.7;141113.28125
31323.71;141357.421875
31323.72;141113.28125
31323.73;141357.421875
31323.74;141113.28125
31323.75;141113.28125
31323.76;141113.28125
31323.77;141357.421875
31323.78;141113.28125
31323.79;141357.421875
31323.8;141113.28125
31323.81;141357.421875
31323.82;141357.421875
31323.83;141113.28125
31323.84;141113.28125
31323.85;141113.28125
31323.86;141357.421875
31323.87;141113.28125
31323.88;141113.28125
31323.89;141357.421875
31323.9;141113.28125
31323.91;141357.421875
31323.92;141113.28125
31323.93;141357.421875
31323.94;141357.421875
31323.95;141113.28125
31323.96;141357.421875
31323.97;141113.28125
31323.98;141113.28125
31323.99;141357.421875
31324.0;141357.421875
31324.01;141113.28125
31324.02;141357.421875
31324.03;141113.28125
31324.04;141113.28125
31324.05;141113.28125
31324.06;141357.421875
31324.07;141113.28125
31324.08;141357.421875
31324.09;141113.28125
31324.1;141113.28125
31324.11;141357.421875
31324.12;141113.28125
31324.13;141357.421875
31324.14;141113.28125
31324.15;141113.28125
31324.16;141113.28125
31324.17;141357.421875
31324.18;141357.421875
31324.19;141113.28125
31324.2;141113.28125
31324.21;141113.28125
31324.22;141113.28125
31324.23;141357.421875
31324.24;141113.28125
31324.25;141357.421875
31324.26;141113.28125
31324.27;141357.421875
31324.28;141113.28125
31324.29;141113.28125
31324.3;141113.28125
31324.31;141357.421875
31324.32;141357.421875
31324.33;141357.421875
31324.34;141113.28125
31324.35;141357.421875
31324.36;141113.28125
31324.37;141357.421875
31324.38;141113.28125
31324.39;141113.28125
31324.4;141357.421875
31324.41;141113.28125
31324.42;141113.28125
31324.43;141113.28125
31324.44;141113.28125
31324.45;141113.28125
31324.46;141357.421875
31324.47;141357.421875
31324.48;141113.28125
31324.49;141113.28125
31324.5;141113.28125
31324.51;141113.28125
31324.52;141113.28125
31324.53;141113.28125
31324.54;141113.28125
31324.55;141113.28125
31324.56;141113.28125
31324.57;141113.28125
31324.58;141113.28125
31324.59;141357.421875
31324.6;141113.28125
31324.61;141113.28125
31324.62;141357.421875
31324.63;141113.28125
31324.64;141357.421875
31324.65;141113.28125
31324.66;141113.28125
31324.67;141113.28125
31324.68;141113.28125
31324.69;141113.28125
31324.7;141113.28125
31324.71;141113.28125
31324.72;141113.28125
31324.73;141113.28125
31324.74;141113.28125
31324.75;141113.28125
31324.76;141113.28125
31324.77;141113.28125
31324.78;141113.28125
31324.79;141357.421875
31324.8;141113.28125
31324.81;141113.28125
31324.82;141357.421875
31324.83;141113.28125
31324.84;141113.28125
31324.85;141113.28125
31324.86;141113.28125
31324.87;141357.421875
31324.88;141113.28125
31324.89;141113.28125
31324.9;141113.28125
31324.91;141113.28125
31324.92;141113.28125
31324.93;141113.28125
31324.94;141113.28125
31324.95;141113.28125
31324.96;141113.28125
31324.97;141113.28125
31324.98;141113.28125
31324.99;141113.28125
31325.0;141113.28125
31325.01;141113.28125
31325.02;141113.28125
31325.03;141113.28125
31325.04;141113.28125
31325.05;141357.421875
31325.06;141113.28125
31325.07;141113.28125
31325.08;141113.28125
31325.09;141113.28125
31325.1;141113.28125
31325.11;141113.28125
31325.12;141357.421875
31325.13;141113.28125
31325.14;141113.28125
31325.15;141113.28125
31325.16;141113.28125
31325.17;141357.421875
31325.18;141113.28125
31325.19;141113.28125
31325.2;141113.28125
31325.21;141113.28125
31325.22;141113.28125
31325.23;141357.421875
31325.24;141113.28125
31325.25;141113.28125
31325.26;141113.28125
31325.27;141113.28125
31325.28;141113.28125
31325.29;141113.28125
31325.3;141113.28125
31325.31;141113.28125
31325.32;141113.28125
31325.33;141113.28125
31325.34;141113.28125
31325.35;141357.421875
31325.36;141113.28125
31325.37;141113.28125
31325.38;141357.421875
31325.39;141357.421875
31325.4;141113.28125
31325.41;141113.28125
31325.42;141113.28125
31325.43;141357.421875
31325.44;141357.421875
31325.45;141113.28125
31325.46;141113.28125
31325.47;141113.28125
31325.48;141113.28125
31325.49;141357.421875
31325.5;141113.28125
31325.51;141357.421875
31325.52;141113.28125
31325.53;141357.421875
31325.54;141113.28125
31325.55;141113.28125
31325.56;141113.28125
31325.57;141113.28125
31325.58;141113.28125
31325.59;141113.28125
31325.6;141113.28125
31325.61;141357.421875
31325.62;141113.28125
31325.63;141113.28125
31325.64;141113.28125
31325.65;141357.421875
31325.66;141113.28125
31325.67;141113.28125
31325.68;141113.28125
31325.69;141113.28125
31325.7;141113.28125
31325.71;141113.28125
31325.72;141357.421875
31325.73;141113.28125
31325.74;141113.28125
31325.75;141113.28125
31325.76;141113.28125
31325.77;141113.28125
31325.78;141113.28125
31325.79;141113.28125
31325.8;141113.28125
31325.81;141113.28125
31325.82;141113.28125
31325.83;141113.28125
31325.84;141113.28125
31325.85;141113.28125
31325.86;141113.28125
31325.87;141113.28125
31325.88;141357.421875
31325.89;141113.28125
31325.9;141113.28125
31325.91;141113.28125
31325.92;141113.28125
31325.93;141113.28125
31325.94;141113.28125
31325.95;141113.28125
31325.96;141113.28125
31325.97;141113.28125
31325.98;141113.28125
31325.99;141113.28125
31326.0;141113.28125
31326.01;141113.28125
31326.02;141113.28125
31326.03;141113.28125
31326.04;141113.28125
31326.05;141357.421875
31326.06;141113.28125
31326.07;141357.421875
31326.08;141113.28125
31326.09;141113.28125
31326.1;141113.28125
31326.11;141113.28125
31326.12;141113.28125
31326.13;141113.28125
31326.14;141113.28125
31326.15;141113.28125
31326.16;141113.28125
31326.17;141113.28125
31326.18;141357.421875
31326.19;141113.28125
31326.2;141113.28125
31326.21;141357.421875
31326.22;141113.28125
31326.23;141113.28125
31326.24;141113.28125
31326.25;141357.421875
31326.26;141113.28125
31326.27;141113.28125
31326.28;141113.28125
31326.29;141113.28125
31326.3;141113.28125
31326.31;141113.28125
31326.32;141113.28125
31326.33;141113.28125
31326.34;141113.28125
31326.35;141113.28125
31326.36;141357.421875
31326.37;141113.28125
31326.38;141357.421875
31326.39;141113.28125
31326.4;141357.421875
31326.41;141113.28125
31326.42;141113.28125
31326.43;141113.28125
31326.44;141113.28125
31326.45;141113.28125
31326.46;141113.28125
31326.47;141113.28125
31326.48;141113.28125
31326.49;141113.28125
31326.5;141113.28125
31326.51;141113.28125
31326.52;141357.421875
31326.53;141113.28125
31326.54;141113.28125
31326.55;141113.28125
31326.56;141113.28125
31326.57;141113.28125
31326.58;141113.28125
31326.59;141113.28125
31326.6;141357.421875
31326.61;145263.671875
31326.62;227050.78125
31326.63;148681.640625
31326.64;141601.5625
31326.65;142578.125
31326.66;141845.703125
31326.67;142089.84375
31326.68;182861.328125
31326.69;204833.984375
31326.7;133544.921875
31326.71;144775.390625
31326.72;142089.84375
31326.73;142089.84375
31326.74;146240.234375
31326.75;228027.34375
31326.76;148925.78125
31326.77;142089.84375
31326.78;143066.40625
31326.79;142333.984375
31326.8;142089.84375
31326.81;141845.703125
31326.82;141845.703125
31326.83;141601.5625
31326.84;141601.5625
31326.85;141357.421875
31326.86;141357.421875
31326.87;145751.953125
31326.88;227539.0625
31326.89;148681.640625
31326.9;141601.5625
31326.91;142822.265625
31326.92;142089.84375
31326.93;142089.84375
31326.94;141845.703125
31326.95;141601.5625
31326.96;141601.5625
31326.97;141357.421875
31326.98;141357.421875
31326.99;141357.421875
31327.0;145751.953125
31327.01;227783.203125
31327.02;148681.640625
31327.03;141601.5625
31327.04;142822.265625
31327.05;142089.84375
31327.06;142089.84375
31327.07;141601.5625
31327.08;141601.5625
31327.09;141601.5625
31327.1;141601.5625
31327.11;141357.421875
31327.12;141357.421875
31327.13;145751.953125
31327.14;227783.203125
31327.15;148681.640625
31327.16;141601.5625
31327.17;142822.265625
31327.18;142089.84375
31327.19;141845.703125
31327.2;141845.703125
31327.21;141601.5625
31327.22;141357.421875
31327.23;141601.5625
31327.24;141357.421875
31327.25;141357.421875
31327.26;145751.953125
31327.27;227783.203125
31327.28;148681.640625
31327.29;141601.5625
31327.3;142822.265625
31327.31;142089.84375
31327.32;141845.703125
31327.33;183105.46875
31327.34;204833.984375
31327.35;133544.921875
31327.36;145019.53125
31327.37;142089.84375
31327.38;142333.984375
31327.39;146240.234375
31327.4;228271.484375
31327.41;149169.921875
31327.42;142089.84375
31327.43;143066.40625
31327.44;142333.984375
31327.45;142089.84375
31327.46;183105.46875
31327.47;205078.125
31327.48;133789.0625
31327.49;145019.53125
31327.5;142089.84375
31327.51;142333.984375
31327.52;146484.375
31327.53;228271.484375
31327.54;149169.921875
31327.55;142089.84375
31327.56;143066.40625
31327.57;142333.984375
31327.58;142333.984375
31327.59;183105.46875
31327.6;205078.125
31327.61;133789.0625
31327.62;145019.53125
31327.63;142089.84375
31327.64;142333.984375
31327.65;146484.375
31327.66;228271.484375
31327.67;149169.921875
31327.68;142089.84375
31327.69;143066.40625
31327.7;142333.984375
31327.71;142089.84375
31327.72;183105.46875
31327.73;205078.125
31327.74;133544.921875
31327.75;145019.53125
31327.76;142089.84375
31327.77;142333.984375
31327.78;146484.375
31327.79;228271.484375
31327.8;148925.78125
31327.81;142089.84375
31327.82;143066.40625
31327.83;142333.984375
31327.84;142089.84375
31327.85;141845.703125
31327.86;141845.703125
31327.87;141601.5625
31327.88;141601.5625
31327.89;141601.5625
31327.9;141357.421875
31327.91;145751.953125
31327.92;227783.203125
31327.93;148681.640625
31327.94;141601.5625
31327.95;142822.265625
31327.96;142089.84375
31327.97;142089.84375
31327.98;141845.703125
31327.99;141845.703125
31328.0;141357.421875
31328.01;141601.5625
31328.02;141357.421875
31328.03;141601.5625
31328.04;145751.953125
31328.05;227539.0625
31328.06;148681.640625
31328.07;141845.703125
31328.08;142822.265625
31328.09;142089.84375
31328.1;141845.703125
31328.11;141845.703125
31328.12;141845.703125
31328.13;141601.5625
31328.14;141601.5625
31328.15;141357.421875
31328.16;141357.421875
31328.17;145751.953125
31328.18;227783.203125
31328.19;148681.640625
31328.2;141845.703125
31328.21;142822.265625
31328.22;142333.984375
31328.23;142089.84375
31328.24;141845.703125
31328.25;141601.5625
31328.26;141601.5625
31328.27;141357.421875
31328.28;141357.421875
31328.29;141357.421875
31328.3;145751.953125
31328.31;227783.203125
31328.32;148681.640625
31328.33;141845.703125
31328.34;142822.265625
31328.35;142089.84375
31328.36;142089.84375
31328.37;141845.703125
31328.38;141601.5625
31328.39;141601.5625
31328.4;141601.5625
31328.41;141357.421875
31328.42;141357.421875
31328.43;145751.953125
31328.44;227783.203125
31328.45;148681.640625
31328.46;141845.703125
31328.47;142822.265625
31328.48;142089.84375
31328.49;142089.84375
31328.5;141601.5625
31328.51;141601.5625
31328.52;141601.5625
31328.53;141601.5625
31328.54;141357.421875
31328.55;141357.421875
31328.56;145751.953125
31328.57;227783.203125
31328.58;148681.640625
31328.59;141601.5625
31328.6;142822.265625
31328.61;142089.84375
31328.62;142089.84375
31328.63;141845.703125
31328.64;141601.5625
31328.65;141601.5625
31328.66;141601.5625
31328.67;141357.421875
31328.68;141357.421875
31328.69;145751.953125
31328.7;227783.203125
31328.71;148681.640625
31328.72;141845.703125
31328.73;142822.265625
31328.74;142089.84375
31328.75;141845.703125
31328.76;141845.703125
31328.77;141601.5625
31328.78;141601.5625
31328.79;141601.5625
31328.8;141601.5625
31328.81;141357.421875
31328.82;141357.421875
31328.83;141357.421875
31328.84;141357.421875
31328.85;141357.421875
31328.86;141357.421875
31328.87;141357.421875
31328.88;141357.421875
31328.89;141357.421875
31328.9;141357.421875
31328.91;141357.421875
31328.92;141113.28125
31328.93;141357.421875
31328.94;141113.28125
31328.95;141357.421875
31328.96;141357.421875
31328.97;141357.421875
31328.98;141113.28125
31328.99;141357.421875
31329.0;141357.421875
31329.01;141357.421875
31329.02;141357.421875
31329.03;141357.421875
31329.04;141357.421875
31329.05;141357.421875
31329.06;141357.421875
31329.07;141357.421875
31329.08;141357.421875
31329.09;141357.421875
31329.1;141357.421875
31329.11;141357.421875
31329.12;141357.421875
31329.13;141357.421875
31329.14;141113.28125
31329.15;141357.421875
31329.16;141357.421875
31329.17;141357.421875
31329.18;141357.421875
31329.19;141357.421875
31329.2;141357.421875
31329.21;141357.421875
31329.22;141357.421875
31329.23;141357.421875
31329.24;141357.421875
31329.25;141357.421875
31329.26;141357.421875
31329.27;141357.421875
31329.28;141357.421875
31329.29;141357.421875
31329.3;141357.421875
31329.31;141357.421875
31329.32;141357.421875
31329.33;141357.421875
31329.34;141357.421875
31329.35;141357.421875
31329.36;141357.421875
31329.37;141357.421875
31329.38;141357.421875
31329.39;141357.421875
31329.4;141357.421875
31329.41;141357.421875
31329.42;141357.421875
31329.43;141357.421875
31329.44;141357.421875
31329.45;141357.421875
31329.46;141357.421875
31329.47;141357.421875
31329.48;141357.421875
31329.49;141357.421875
31329.5;141357.421875
31329.51;141357.421875
31329.52;141357.421875
31329.53;141357.421875
31329.54;141357.421875
31329.55;141357.421875
31329.56;141357.421875
31329.57;141357.421875
31329.58;141357.421875
31329.59;141357.421875
31329.6;141357.421875
31329.61;141357.421875
31329.62;141357.421875
31329.63;141357.421875
31329.64;141357.421875
31329.65;141357.421875
31329.66;141357.421875
31329.67;141357.421875
31329.68;141357.421875
31329.69;141357.421875
31329.7;141357.421875
31329.71;141357.421875
31329.72;141357.421875
31329.73;141357.421875
31329.74;141357.421875
31329.75;141357.421875
31329.76;141357.421875
31329.77;141357.421875
31329.78;141357.421875
31329.79;141357.421875
31329.8;141357.421875
31329.81;141357.421875
31329.82;141357.421875
31329.83;141357.421875
31329.84;141357.421875
31329.85;141357.421875
31329.86;141357.421875
31329.87;141357.421875
31329.88;141357.421875
31329.89;141357.421875
31329.9;141357.421875
31329.91;141357.421875
31329.92;141357.421875
31329.93;141357.421875
31329.94;141357.421875
31329.95;141357.421875
31329.96;141357.421875
31329.97;141357.421875
31329.98;141357.421875
31329.99;141357.421875
31330.0;141357.421875
31330.01;141357.421875
31330.02;141357.421875
31330.03;141357.421875
31330.04;141357.421875
31330.05;141357.421875
31330.06;141357.421875
31330.07;141357.421875
31330.08;141357.421875
31330.09;141357.421875
31330.1;141357.421875
31330.11;141601.5625
31330.12;141357.421875
31330.13;141357.421875
31330.14;141357.421875
31330.15;141357.421875
31330.16;141357.421875
31330.17;141357.421875
31330.18;141357.421875
31330.19;141357.421875
31330.2;141357.421875
31330.21;141357.421875
31330.22;141357.421875
31330.23;141357.421875
31330.24;141357.421875
31330.25;141357.421875
31330.26;141357.421875
31330.27;141357.421875
31330.28;141357.421875
31330.29;141357.421875
31330.3;141357.421875
31330.31;141357.421875
31330.32;141357.421875
31330.33;141357.421875
31330.34;141357.421875
31330.35;141601.5625
31330.36;141357.421875
31330.37;141601.5625
31330.38;141357.421875
31330.39;141357.421875
31330.4;141357.421875
31330.41;141357.421875
31330.42;141357.421875
31330.43;141601.5625
31330.44;141357.421875
31330.45;141357.421875
31330.46;141357.421875
31330.47;141601.5625
31330.48;141357.421875
31330.49;141357.421875
31330.5;141357.421875
31330.51;141357.421875
31330.52;141357.421875
31330.53;141357.421875
31330.54;141357.421875
31330.55;141357.421875
31330.56;141357.421875
31330.57;141601.5625
31330.58;141357.421875
31330.59;141601.5625
31330.6;141357.421875
31330.61;141601.5625
31330.62;141357.421875
31330.63;141357.421875
31330.64;141357.421875
31330.65;141357.421875
31330.66;141357.421875
31330.67;141601.5625
31330.68;141357.421875
31330.69;141601.5625
31330.7;141357.421875
31330.71;141601.5625
31330.72;141357.421875
31330.73;141601.5625
31330.74;141601.5625
31330.75;141357.421875
31330.76;141357.421875
31330.77;141601.5625
31330.78;141601.5625
31330.79;141357.421875
31330.8;141601.5625
31330.81;141601.5625
31330.82;141357.421875
31330.83;141601.5625
31330.84;141601.5625
31330.85;141601.5625
31330.86;141357.421875
31330.87;141601.5625
31330.88;141601.5625
31330.89;141601.5625
31330.9;141601.5625
31330.91;141601.5625
31330.92;141601.5625
31330.93;141601.5625
31330.94;141601.5625
31330.95;141357.421875
31330.96;141357.421875
31330.97;141357.421875
31330.98;141601.5625
31330.99;141601.5625
31331.0;141601.5625
31331.01;141601.5625
31331.02;141601.5625
31331.03;141601.5625
31331.04;141357.421875
31331.05;141601.5625
31331.06;141601.5625
31331.07;141601.5625
31331.08;141601.5625
31331.09;141357.421875
31331.1;141601.5625
31331.11;141601.5625
31331.12;141601.5625
31331.13;141601.5625
31331.14;141601.5625
31331.15;141601.5625
31331.16;141601.5625
31331.17;141601.5625
31331.18;141601.5625
31331.19;141601.5625
31331.2;141357.421875
31331.21;141601.5625
31331.22;141601.5625
31331.23;141601.5625
31331.24;141601.5625
31331.25;141601.5625
31331.26;141601.5625
31331.27;141601.5625
31331.28;141601.5625
31331.29;141601.5625
31331.3;141601.5625
31331.31;141601.5625
31331.32;141601.5625
31331.33;141601.5625
31331.34;141601.5625
31331.35;141601.5625
31331.36;141601.5625
31331.37;141601.5625
31331.38;141601.5625
31331.39;141357.421875
31331.4;141601.5625
31331.41;141601.5625
31331.42;141601.5625
31331.43;141601.5625
31331.44;141601.5625
31331.45;141601.5625
31331.46;141601.5625
31331.47;141601.5625
31331.48;141601.5625
31331.49;141601.5625
31331.5;141601.5625
31331.51;141601.5625
31331.52;141601.5625
31331.53;141601.5625
31331.54;141601.5625
31331.55;141845.703125
31331.56;141601.5625
31331.57;141601.5625
31331.58;141601.5625
31331.59;141601.5625
31331.6;141601.5625
31331.61;141601.5625
31331.62;141601.5625
31331.63;141601.5625
31331.64;141601.5625
31331.65;141601.5625
31331.66;141601.5625
31331.67;141601.5625
31331.68;141601.5625
31331.69;141845.703125
31331.7;141601.5625
31331.71;141601.5625
31331.72;141601.5625
31331.73;141601.5625
31331.74;141601.5625
31331.75;141601.5625
31331.76;141601.5625
31331.77;141601.5625
31331.78;141601.5625
31331.79;141601.5625
31331.8;141601.5625
31331.81;141601.5625
31331.82;141601.5625
31331.83;141601.5625
31331.84;141601.5625
31331.85;141601.5625
31331.86;141601.5625
31331.87;141601.5625
31331.88;141601.5625
31331.89;141601.5625
31331.9;141601.5625
31331.91;141601.5625
31331.92;141601.5625
31331.93;141601.5625
31331.94;141601.5625
31331.95;141845.703125
31331.96;141601.5625
31331.97;141601.5625
31331.98;141601.5625
31331.99;141845.703125
31332.0;141601.5625
31332.01;141601.5625
31332.02;141601.5625
31332.03;141845.703125
31332.04;141601.5625
31332.05;141601.5625
31332.06;141601.5625
31332.07;141601.5625
31332.08;141601.5625
31332.09;141601.5625
31332.1;141601.5625
31332.11;141601.5625
31332.12;141601.5625
31332.13;141845.703125
31332.14;141601.5625
31332.15;141601.5625
31332.16;141601.5625
31332.17;141601.5625
31332.18;141601.5625
31332.19;141601.5625
31332.2;141601.5625
31332.21;141601.5625
31332.22;141601.5625
31332.23;141845.703125
31332.24;141601.5625
31332.25;141601.5625
31332.26;141601.5625
31332.27;141601.5625
31332.28;141601.5625
31332.29;141601.5625
31332.3;141601.5625
31332.31;141601.5625
31332.32;141601.5625
31332.33;141845.703125
31332.34;141601.5625
31332.35;141601.5625
31332.36;141601.5625
31332.37;141601.5625
31332.38;141601.5625
31332.39;141601.5625
31332.4;141601.5625
31332.41;141601.5625
31332.42;141601.5625
31332.43;141601.5625
31332.44;141601.5625
31332.45;141601.5625
31332.46;141601.5625
31332.47;141601.5625
31332.48;141357.421875
31332.49;141601.5625
31332.5;141601.5625
31332.51;141601.5625
31332.52;141601.5625
31332.53;141601.5625
31332.54;141601.5625
31332.55;141601.5625
31332.56;141601.5625
31332.57;141601.5625
31332.58;141357.421875
31332.59;141601.5625
31332.6;141601.5625
31332.61;141601.5625
31332.62;141601.5625
31332.63;141601.5625
31332.64;141601.5625
31332.65;141601.5625
31332.66;141601.5625
31332.67;141601.5625
31332.68;141601.5625
31332.69;141601.5625
31332.7;141601.5625
31332.71;141601.5625
31332.72;141601.5625
31332.73;141601.5625
31332.74;141601.5625
31332.75;141601.5625
31332.76;141601.5625
31332.77;141601.5625
31332.78;141601.5625
31332.79;141601.5625
31332.8;141601.5625
31332.81;141601.5625
31332.82;141601.5625
31332.83;141601.5625
31332.84;141601.5625
31332.85;141601.5625
31332.86;141601.5625
31332.87;141601.5625
31332.88;141601.5625
31332.89;141601.5625
31332.9;141601.5625
31332.91;141601.5625
31332.92;141601.5625
31332.93;141601.5625
31332.94;141601.5625
31332.95;141601.5625
31332.96;141601.5625
31332.97;141601.5625
31332.98;141601.5625
31332.99;141601.5625
31333.0;141601.5625
31333.01;141601.5625
31333.02;141601.5625
31333.03;141601.5625
31333.04;141601.5625
31333.05;141601.5625
31333.06;141601.5625
31333.07;141601.5625
31333.08;141601.5625
31333.09;141601.5625
31333.1;141601.5625
31333.11;141601.5625
31333.12;141601.5625
31333.13;141601.5625
31333.14;141601.5625
31333.15;141601.5625
31333.16;141601.5625
31333.17;141601.5625
31333.18;141601.5625
31333.19;141601.5625
31333.2;141601.5625
31333.21;141601.5625
31333.22;141601.5625
31333.23;141601.5625
31333.24;141601.5625
31333.25;141601.5625
31333.26;141601.5625
31333.27;141601.5625
31333.28;141601.5625
31333.29;141601.5625
31333.3;141601.5625
31333.31;141601.5625
31333.32;141601.5625
31333.33;141601.5625
31333.34;141601.5625
31333.35;141601.5625
31333.36;141601.5625
31333.37;141601.5625
31333.38;141601.5625
31333.39;141601.5625
31333.4;141601.5625
31333.41;141601.5625
31333.42;141601.5625
31333.43;141601.5625
31333.44;141601.5625
31333.45;141601.5625
31333.46;141601.5625
31333.47;141601.5625
31333.48;141601.5625
31333.49;141601.5625
31333.5;141601.5625
31333.51;141601.5625
31333.52;141601.5625
31333.53;141601.5625
31333.54;141601.5625
31333.55;141601.5625
31333.56;141601.5625
31333.57;141601.5625
31333.58;141601.5625
31333.59;141601.5625
31333.6;141601.5625
31333.61;141601.5625
31333.62;141601.5625
31333.63;141601.5625
31333.64;141601.5625
31333.65;141601.5625
31333.66;141601.5625
31333.67;141601.5625
31333.68;141601.5625
31333.69;141601.5625
31333.7;141601.5625
31333.71;141601.5625
31333.72;141601.5625
31333.73;141601.5625
31333.74;141601.5625
31333.75;141601.5625
31333.76;141601.5625
31333.77;141601.5625
31333.78;141601.5625
31333.79;141601.5625
31333.8;141601.5625
31333.81;141601.5625
31333.82;141601.5625
31333.83;141601.5625
31333.84;141601.5625
31333.85;141601.5625
31333.86;141601.5625
31333.87;141601.5625
31333.88;141601.5625
31333.89;141601.5625
31333.9;141601.5625
31333.91;141601.5625
31333.92;141601.5625
31333.93;141601.5625
31333.94;141601.5625
31333.95;141601.5625
31333.96;141601.5625
31333.97;141601.5625
31333.98;141601.5625
31333.99;141601.5625
31334.0;141601.5625
31334.01;141601.5625
31334.02;141601.5625
31334.03;141601.5625
31334.04;141601.5625
31334.05;141601.5625
31334.06;141601.5625
31334.07;141601.5625
31334.08;141601.5625
31334.09;141601.5625
31334.1;141601.5625
31334.11;141601.5625
31334.12;141601.5625
31334.13;141601.5625
31334.14;141601.5625
31334.15;141601.5625
31334.16;141601.5625
31334.17;141601.5625
31334.18;141601.5625
31334.19;141601.5625
31334.2;141601.5625
31334.21;141601.5625
31334.22;141601.5625
31334.23;141601.5625
31334.24;141601.5625
31334.25;141601.5625
31334.26;141601.5625
31334.27;141601.5625
31334.28;141601.5625
31334.29;141601.5625
31334.3;141601.5625
31334.31;141601.5625
31334.32;141601.5625
31334.33;141601.5625
31334.34;141601.5625
31334.35;141601.5625
31334.36;141601.5625
31334.37;141601.5625
31334.38;141601.5625
31334.39;141601.5625
31334.4;141601.5625
31334.41;141601.5625
31334.42;141601.5625
31334.43;141601.5625
31334.44;141601.5625
31334.45;141601.5625
31334.46;141601.5625
31334.47;141601.5625
31334.48;141601.5625
31334.49;141601.5625
31334.5;141601.5625
31334.51;141601.5625
31334.52;141601.5625
31334.53;141601.5625
31334.54;141601.5625
31334.55;141601.5625
31334.56;141601.5625
31334.57;141601.5625
31334.58;141601.5625
31334.59;141601.5625
31334.6;141601.5625
31334.61;141601.5625
31334.62;141601.5625
31334.63;141601.5625
31334.64;141601.5625
31334.65;141601.5625
31334.66;141601.5625
31334.67;141601.5625
31334.68;141601.5625
31334.69;141601.5625
31334.7;141601.5625
31334.71;141601.5625
31334.72;141601.5625
31334.73;141601.5625
31334.74;141601.5625
31334.75;141601.5625
31334.76;141601.5625
31334.77;141601.5625
31334.78;141601.5625
31334.79;141601.5625
31334.8;141601.5625
31334.81;141601.5625
31334.82;141601.5625
31334.83;141601.5625
31334.84;141601.5625
31334.85;141601.5625
31334.86;141601.5625
31334.87;141601.5625
31334.88;141601.5625
31334.89;141601.5625
31334.9;141601.5625
31334.91;141601.5625
31334.92;141601.5625
31334.93;141601.5625
31334.94;141601.5625
31334.95;141601.5625
31334.96;141601.5625
31334.97;141601.5625
31334.98;141601.5625
31334.99;141845.703125
31335.0;141601.5625
31335.01;141601.5625
31335.02;141601.5625
31335.03;141601.5625
31335.04;141601.5625
31335.05;141601.5625
31335.06;141601.5625
31335.07;141601.5625
31335.08;141601.5625
31335.09;141601.5625
31335.1;141601.5625
31335.11;141601.5625
31335.12;141601.5625
31335.13;141601.5625
31335.14;141601.5625
31335.15;141601.5625
31335.16;141601.5625
31335.17;141601.5625
31335.18;141601.5625
31335.19;141601.5625
31335.2;141601.5625
31335.21;141601.5625
31335.22;141601.5625
31335.23;141601.5625
31335.24;141601.5625
31335.25;141601.5625
31335.26;141601.5625
31335.27;141601.5625
31335.28;141601.5625
31335.29;141601.5625
31335.3;141601.5625
31335.31;141601.5625
31335.32;141601.5625
31335.33;141601.5625
31335.34;141357.421875
31335.35;141601.5625
31335.36;141601.5625
31335.37;141601.5625
31335.38;141601.5625
31335.39;141601.5625
31335.4;141601.5625
31335.41;141601.5625
31335.42;141601.5625
31335.43;141601.5625
31335.44;141601.5625
31335.45;141601.5625
31335.46;141601.5625
31335.47;141601.5625
31335.48;141601.5625
31335.49;141601.5625
31335.5;141601.5625
31335.51;141845.703125
31335.52;141601.5625
31335.53;141601.5625
31335.54;141601.5625
31335.55;141601.5625
31335.56;141601.5625
31335.57;141601.5625
31335.58;141601.5625
31335.59;141601.5625
31335.6;141601.5625
31335.61;141601.5625
31335.62;141601.5625
31335.63;141601.5625
31335.64;141601.5625
31335.65;141601.5625
31335.66;141601.5625
31335.67;141601.5625
31335.68;141601.5625
31335.69;141601.5625
31335.7;141601.5625
31335.71;141601.5625
31335.72;141601.5625
31335.73;141601.5625
31335.74;141601.5625
31335.75;141601.5625
31335.76;141601.5625
31335.77;141601.5625
31335.78;141601.5625
31335.79;141601.5625
31335.8;141601.5625
31335.81;141601.5625
31335.82;141601.5625
31335.83;141601.5625
31335.84;141601.5625
31335.85;141601.5625
31335.86;141601.5625
31335.87;141601.5625
31335.88;141601.5625
31335.89;141601.5625
31335.9;141601.5625
31335.91;141601.5625
31335.92;141601.5625
31335.93;141601.5625
31335.94;141601.5625
31335.95;141601.5625
31335.96;141845.703125
31335.97;141601.5625
31335.98;141601.5625
31335.99;141601.5625
31336.0;141601.5625
31336.01;141601.5625
31336.02;141601.5625
31336.03;141601.5625
31336.04;141601.5625
31336.05;141601.5625
31336.06;141601.5625
31336.07;141601.5625
31336.08;141601.5625
31336.09;141601.5625
31336.1;141601.5625
31336.11;141601.5625
31336.12;141601.5625
31336.13;141601.5625
31336.14;141601.5625
31336.15;141601.5625
31336.16;141601.5625
31336.17;141357.421875
31336.18;141601.5625
31336.19;141601.5625
31336.2;141601.5625
31336.21;141601.5625
31336.22;141601.5625
31336.23;141601.5625
31336.24;141601.5625
31336.25;141601.5625
31336.26;141601.5625
31336.27;141601.5625
31336.28;141601.5625
31336.29;141601.5625
31336.3;141601.5625
31336.31;141601.5625
31336.32;141601.5625
31336.33;141601.5625
31336.34;141601.5625
31336.35;141601.5625
31336.36;141601.5625
31336.37;141601.5625
31336.38;141601.5625
31336.39;141601.5625
31336.4;141601.5625
31336.41;141601.5625
31336.42;141601.5625
31336.43;141601.5625
31336.44;141601.5625
31336.45;141601.5625
31336.46;141601.5625
31336.47;141601.5625
31336.48;141601.5625
31336.49;141601.5625
31336.5;141601.5625
31336.51;141601.5625
31336.52;141601.5625
31336.53;141601.5625
31336.54;141601.5625
31336.55;141601.5625
31336.56;141601.5625
31336.57;141601.5625
31336.58;141601.5625
31336.59;141601.5625
31336.6;141601.5625
31336.61;141601.5625
31336.62;141601.5625
31336.63;141601.5625
31336.64;141601.5625
31336.65;141601.5625
31336.66;141601.5625
31336.67;141601.5625
31336.68;141601.5625
31336.69;141601.5625
31336.7;141601.5625
31336.71;141601.5625
31336.72;141601.5625
31336.73;141601.5625
31336.74;141601.5625
31336.75;141601.5625
31336.76;141601.5625
31336.77;141601.5625
31336.78;141601.5625
31336.79;141601.5625
31336.8;141601.5625
31336.81;141601.5625
31336.82;141601.5625
31336.83;141601.5625
31336.84;141357.421875
31336.85;141601.5625
31336.86;141601.5625
31336.87;141601.5625
31336.88;141601.5625
31336.89;141601.5625
31336.9;141601.5625
31336.91;141601.5625
31336.92;141601.5625
31336.93;141601.5625
31336.94;141601.5625
31336.95;141601.5625
31336.96;141601.5625
31336.97;141601.5625
31336.98;141601.5625
31336.99;141601.5625
31337.0;141601.5625
31337.01;141601.5625
31337.02;141601.5625
31337.03;141601.5625
31337.04;141601.5625
31337.05;141601.5625
31337.06;141601.5625
31337.07;141601.5625
31337.08;141601.5625
31337.09;141601.5625
31337.1;141601.5625
31337.11;141357.421875
31337.12;141601.5625
31337.13;141601.5625
31337.14;141601.5625
31337.15;141601.5625
31337.16;141601.5625
31337.17;141601.5625
31337.18;141357.421875
31337.19;141601.5625
31337.2;141601.5625
31337.21;141601.5625
31337.22;141601.5625
31337.23;141601.5625
31337.24;141601.5625
31337.25;141601.5625
31337.26;141601.5625
31337.27;141601.5625
31337.28;141601.5625
31337.29;141601.5625
31337.3;141601.5625
31337.31;141601.5625
31337.32;141601.5625
31337.33;141601.5625
31337.34;141601.5625
31337.35;141601.5625
31337.36;141601.5625
31337.37;141601.5625
31337.38;141357.421875
31337.39;141601.5625
31337.4;141357.421875
31337.41;141601.5625
31337.42;141601.5625
31337.43;141601.5625
31337.44;141601.5625
31337.45;141601.5625
31337.46;141601.5625
31337.47;141601.5625
31337.48;141601.5625
31337.49;141601.5625
31337.5;141601.5625
31337.51;141601.5625
31337.52;141601.5625
31337.53;141601.5625
31337.54;141601.5625
31337.55;141601.5625
31337.56;141601.5625
31337.57;141601.5625
31337.58;141601.5625
31337.59;141601.5625
31337.6;141601.5625
31337.61;141601.5625
31337.62;141601.5625
31337.63;141601.5625
31337.64;141601.5625
31337.65;141601.5625
31337.66;141601.5625
31337.67;141601.5625
31337.68;141601.5625
31337.69;141601.5625
31337.7;141601.5625
31337.71;141601.5625
31337.72;141601.5625
31337.73;141601.5625
31337.74;141601.5625
31337.75;141601.5625
31337.76;141601.5625
31337.77;141601.5625
31337.78;141601.5625
31337.79;141601.5625
31337.8;141601.5625
31337.81;141601.5625
31337.82;141601.5625
31337.83;141601.5625
31337.84;141601.5625
31337.85;141601.5625
31337.86;141601.5625
31337.87;141601.5625
31337.88;141601.5625
31337.89;141601.5625
31337.9;141601.5625
31337.91;141601.5625
31337.92;141601.5625
31337.93;141601.5625
31337.94;141601.5625
31337.95;141601.5625
31337.96;141601.5625
31337.97;141601.5625
31337.98;141601.5625
31337.99;141601.5625
31338.0;141601.5625
31338.01;141601.5625
31338.02;141601.5625
31338.03;141601.5625
31338.04;141601.5625
31338.05;141601.5625
31338.06;141601.5625
31338.07;141357.421875
31338.08;141601.5625
31338.09;141601.5625
31338.1;141601.5625
31338.11;141601.5625
31338.12;141601.5625
31338.13;141601.5625
31338.14;141601.5625
31338.15;141601.5625
31338.16;141601.5625
31338.17;141357.421875
31338.18;141601.5625
31338.19;141357.421875
31338.2;141601.5625
31338.21;141601.5625
31338.22;141601.5625
31338.23;141601.5625
31338.24;141601.5625
31338.25;141357.421875
31338.26;141601.5625
31338.27;141601.5625
31338.28;141601.5625
31338.29;141601.5625
31338.3;141601.5625
31338.31;141601.5625
31338.32;141601.5625
31338.33;141357.421875
31338.34;141357.421875
31338.35;141601.5625
31338.36;141357.421875
31338.37;141357.421875
31338.38;141357.421875
31338.39;141357.421875
31338.4;141601.5625
31338.41;141601.5625
31338.42;141357.421875
31338.43;141357.421875
31338.44;141357.421875
31338.45;141357.421875
31338.46;141357.421875
31338.47;141357.421875
31338.48;141357.421875
31338.49;141357.421875
31338.5;141357.421875
31338.51;141357.421875
31338.52;141357.421875
31338.53;141357.421875
31338.54;141357.421875
31338.55;141357.421875
31338.56;141357.421875
31338.57;141357.421875
31338.58;141357.421875
31338.59;141357.421875
31338.6;141357.421875
31338.61;141357.421875
31338.62;141357.421875
31338.63;141357.421875
31338.64;141357.421875
31338.65;141357.421875
31338.66;141357.421875
31338.67;141357.421875
31338.68;141357.421875
31338.69;141357.421875
31338.7;141357.421875
31338.71;141357.421875
31338.72;141357.421875
31338.73;141601.5625
31338.74;141357.421875
31338.75;141357.421875
31338.76;141357.421875
31338.77;141357.421875
31338.78;141357.421875
31338.79;141357.421875
31338.8;141357.421875
31338.81;141357.421875
31338.82;141357.421875
31338.83;141357.421875
31338.84;141357.421875
31338.85;141357.421875
31338.86;141357.421875
31338.87;141357.421875
31338.88;141357.421875
31338.89;141357.421875
31338.9;141357.421875
31338.91;141357.421875
31338.92;141357.421875
31338.93;141357.421875
31338.94;141357.421875
31338.95;141357.421875
31338.96;141357.421875
31338.97;141357.421875
31338.98;141357.421875
31338.99;141357.421875
31339.0;141357.421875
31339.01;141357.421875
31339.02;141357.421875
31339.03;141357.421875
31339.04;141357.421875
31339.05;141357.421875
31339.06;141357.421875
31339.07;141357.421875
31339.08;141357.421875
31339.09;141357.421875
31339.1;141357.421875
31339.11;141357.421875
31339.12;141357.421875
31339.13;141357.421875
31339.14;141357.421875
31339.15;141357.421875
31339.16;141357.421875
31339.17;141357.421875
31339.18;141357.421875
31339.19;141357.421875
31339.2;141357.421875
31339.21;141357.421875
31339.22;141357.421875
31339.23;141357.421875
31339.24;141357.421875
31339.25;141357.421875
31339.26;141357.421875
31339.27;141357.421875
31339.28;141357.421875
31339.29;141357.421875
31339.3;141357.421875
31339.31;141357.421875
31339.32;141357.421875
31339.33;141357.421875
31339.34;141357.421875
31339.35;141357.421875
31339.36;141357.421875
31339.37;141357.421875
31339.38;141357.421875
31339.39;141357.421875
31339.4;141357.421875
31339.41;141357.421875
31339.42;141357.421875
31339.43;141357.421875
31339.44;141357.421875
31339.45;141357.421875
31339.46;141357.421875
31339.47;141357.421875
31339.48;141357.421875
31339.49;141357.421875
31339.5;141357.421875
31339.51;141357.421875
31339.52;141357.421875
31339.53;141113.28125
31339.54;141357.421875
31339.55;141357.421875
31339.56;141357.421875
31339.57;141357.421875
31339.58;141357.421875
31339.59;141357.421875
31339.6;141357.421875
31339.61;141357.421875
31339.62;141357.421875
31339.63;141357.421875
31339.64;141357.421875
31339.65;141357.421875
31339.66;141357.421875
31339.67;141357.421875
31339.68;141357.421875
31339.69;141357.421875
31339.7;141357.421875
31339.71;141357.421875
31339.72;141357.421875
31339.73;141357.421875
31339.74;141357.421875
31339.75;141357.421875
31339.76;141357.421875
31339.77;141357.421875
31339.78;141357.421875
31339.79;141357.421875
31339.8;141357.421875
31339.81;141357.421875
31339.82;141357.421875
31339.83;141357.421875
31339.84;141357.421875
31339.85;141357.421875
31339.86;141357.421875
31339.87;141357.421875
31339.88;141357.421875
31339.89;141357.421875
31339.9;141357.421875
31339.91;141357.421875
31339.92;141357.421875
31339.93;141357.421875
31339.94;141357.421875
31339.95;141357.421875
31339.96;141357.421875
31339.97;141357.421875
31339.98;141357.421875
31339.99;141357.421875
31340.0;141357.421875
31340.01;141357.421875
31340.02;141357.421875
31340.03;141357.421875
31340.04;141357.421875
31340.05;141357.421875
31340.06;141357.421875
31340.07;141357.421875
31340.08;141357.421875
31340.09;141357.421875
31340.1;141357.421875
31340.11;141357.421875
31340.12;141357.421875
31340.13;141357.421875
31340.14;141357.421875
31340.15;141357.421875
31340.16;141357.421875
31340.17;141357.421875
31340.18;141357.421875
31340.19;141357.421875
31340.2;141357.421875
31340.21;141113.28125
31340.22;141357.421875
31340.23;141357.421875
31340.24;141357.421875
31340.25;141357.421875
31340.26;141357.421875
31340.27;141357.421875
31340.28;141357.421875
31340.29;141357.421875
31340.3;141113.28125
31340.31;141357.421875
31340.32;141357.421875
31340.33;141357.421875
31340.34;141113.28125
31340.35;141357.421875
31340.36;141357.421875
31340.37;141357.421875
31340.38;141357.421875
31340.39;141113.28125
31340.4;141357.421875
31340.41;141113.28125
31340.42;141113.28125
31340.43;141113.28125
31340.44;141113.28125
31340.45;141113.28125
31340.46;141113.28125
31340.47;141113.28125
31340.48;141113.28125
31340.49;141113.28125
31340.5;141113.28125
31340.51;141113.28125
31340.52;141113.28125
31340.53;141113.28125
31340.54;141357.421875
31340.55;141113.28125
31340.56;141357.421875
31340.57;141113.28125
31340.58;141113.28125
31340.59;141113.28125
31340.6;141113.28125
31340.61;141357.421875
31340.62;141113.28125
31340.63;141113.28125
31340.64;141357.421875
31340.65;141113.28125
31340.66;141113.28125
31340.67;141113.28125
31340.68;141113.28125
31340.69;141357.421875
31340.7;141357.421875
31340.71;141113.28125
31340.72;141113.28125
31340.73;141113.28125
31340.74;141113.28125
31340.75;141113.28125
31340.76;141357.421875
31340.77;141113.28125
31340.78;141357.421875
31340.79;141113.28125
31340.8;141357.421875
31340.81;141113.28125
31340.82;141113.28125
31340.83;141113.28125
31340.84;141113.28125
31340.85;141113.28125
31340.86;141113.28125
31340.87;141357.421875
31340.88;141357.421875
31340.89;141113.28125
31340.9;141357.421875
31340.91;141113.28125
31340.92;141113.28125
31340.93;141113.28125
31340.94;141113.28125
31340.95;141113.28125
31340.96;141113.28125
31340.97;141113.28125
31340.98;141113.28125
31340.99;141357.421875
31341.0;141113.28125
31341.01;141113.28125
31341.02;141357.421875
31341.03;141357.421875
31341.04;141113.28125
31341.05;141113.28125
31341.06;141113.28125
31341.07;141113.28125
31341.08;141113.28125
31341.09;141113.28125
31341.1;141113.28125
31341.11;141113.28125
31341.12;141357.421875
31341.13;141357.421875
31341.14;141113.28125
31341.15;141113.28125
31341.16;141113.28125
31341.17;141113.28125
31341.18;141113.28125
31341.19;141113.28125
31341.2;141357.421875
31341.21;141113.28125
31341.22;141357.421875
31341.23;141113.28125
31341.24;141113.28125
31341.25;141113.28125
31341.26;141113.28125
31341.27;141113.28125
31341.28;141113.28125
31341.29;141113.28125
31341.3;141113.28125
31341.31;141113.28125
31341.32;141113.28125
31341.33;141113.28125
31341.34;141113.28125
31341.35;141113.28125
31341.36;141113.28125
31341.37;141113.28125
31341.38;141113.28125
31341.39;141113.28125
31341.4;141357.421875
31341.41;141113.28125
31341.42;141113.28125
31341.43;141113.28125
31341.44;141357.421875
31341.45;141357.421875
31341.46;141113.28125
31341.47;141113.28125
31341.48;141113.28125
31341.49;141113.28125
31341.5;141357.421875
31341.51;141357.421875
31341.52;141357.421875
31341.53;141113.28125
31341.54;141113.28125
31341.55;141357.421875
31341.56;141113.28125
31341.57;141113.28125
31341.58;141113.28125
31341.59;141357.421875
31341.6;141113.28125
31341.61;141113.28125
31341.62;141357.421875
31341.63;141113.28125
31341.64;141113.28125
31341.65;141357.421875
31341.66;141113.28125
31341.67;141357.421875
31341.68;141113.28125
31341.69;141357.421875
31341.7;141113.28125
31341.71;141357.421875
31341.72;141113.28125
31341.73;141113.28125
31341.74;141113.28125
31341.75;141357.421875
31341.76;141113.28125
31341.77;141357.421875
31341.78;141113.28125
31341.79;141113.28125
31341.8;141113.28125
31341.81;141113.28125
31341.82;141113.28125
31341.83;141113.28125
31341.84;141113.28125
31341.85;141357.421875
31341.86;141113.28125
31341.87;141113.28125
31341.88;141113.28125
31341.89;141113.28125
31341.9;141357.421875
31341.91;141113.28125
31341.92;141113.28125
31341.93;141113.28125
31341.94;141113.28125
31341.95;141113.28125
31341.96;141357.421875
31341.97;141113.28125
31341.98;141113.28125
31341.99;141113.28125
31342.0;141113.28125
31342.01;141113.28125
31342.02;141113.28125
31342.03;141113.28125
31342.04;141113.28125
31342.05;141113.28125
31342.06;141113.28125
31342.07;141113.28125
31342.08;141357.421875
31342.09;141113.28125
31342.1;141113.28125
31342.11;141113.28125
31342.12;141113.28125
31342.13;141113.28125
31342.14;141113.28125
31342.15;141113.28125
31342.16;141113.28125
31342.17;141113.28125
31342.18;141113.28125
31342.19;141113.28125
31342.2;141113.28125
31342.21;141113.28125
31342.22;141357.421875
31342.23;141113.28125
31342.24;141113.28125
31342.25;141113.28125
31342.26;141113.28125
31342.27;141113.28125
31342.28;141113.28125
31342.29;141113.28125
31342.3;141113.28125
31342.31;141113.28125
31342.32;141113.28125
31342.33;141113.28125
31342.34;141113.28125
31342.35;141113.28125
31342.36;141113.28125
31342.37;141113.28125
31342.38;141113.28125
31342.39;141113.28125
31342.4;141357.421875
31342.41;141113.28125
31342.42;141113.28125
31342.43;141113.28125
31342.44;141113.28125
31342.45;141357.421875
31342.46;141113.28125
31342.47;141113.28125
31342.48;141113.28125
31342.49;141113.28125
31342.5;141113.28125
31342.51;141113.28125
31342.52;141357.421875
31342.53;141113.28125
31342.54;141113.28125
31342.55;141357.421875
31342.56;141113.28125
31342.57;141113.28125
31342.58;141113.28125
31342.59;141113.28125
31342.6;141113.28125
31342.61;141357.421875
31342.62;141113.28125
31342.63;141113.28125
31342.64;141113.28125
31342.65;141113.28125
31342.66;141113.28125
31342.67;141113.28125
31342.68;141113.28125
31342.69;141113.28125
31342.7;141113.28125
31342.71;141113.28125
31342.72;141113.28125
31342.73;141113.28125
31342.74;141357.421875
31342.75;141113.28125
31342.76;141113.28125
31342.77;141113.28125
31342.78;141113.28125
31342.79;141113.28125
31342.8;141113.28125
31342.81;141113.28125
31342.82;141113.28125
31342.83;141113.28125
31342.84;141113.28125
31342.85;141357.421875
31342.86;141113.28125
31342.87;141113.28125
31342.88;141113.28125
31342.89;141113.28125
31342.9;141113.28125
31342.91;141113.28125
31342.92;141113.28125
31342.93;141113.28125
31342.94;141357.421875
31342.95;141113.28125
31342.96;141113.28125
31342.97;141113.28125
31342.98;141113.28125
31342.99;141357.421875
31343.0;141113.28125
31343.01;141113.28125
31343.02;141113.28125
31343.03;141113.28125
31343.04;141357.421875
31343.05;141113.28125
31343.06;141357.421875
31343.07;141113.28125
31343.08;141113.28125
31343.09;141113.28125
31343.1;141113.28125
31343.11;141113.28125
31343.12;141357.421875
31343.13;141113.28125
31343.14;141113.28125
31343.15;141113.28125
31343.16;141113.28125
31343.17;141113.28125
31343.18;141113.28125
31343.19;141113.28125
31343.2;141113.28125
31343.21;141113.28125
31343.22;141113.28125
31343.23;141113.28125
31343.24;141113.28125
31343.25;141357.421875
31343.26;141113.28125
31343.27;141113.28125
31343.28;141357.421875
31343.29;141113.28125
31343.3;141113.28125
31343.31;141113.28125
31343.32;141113.28125
31343.33;141113.28125
31343.34;141113.28125
31343.35;141113.28125
31343.36;141113.28125
31343.37;141113.28125
31343.38;141113.28125
31343.39;141113.28125
31343.4;141113.28125
31343.41;141357.421875
31343.42;141113.28125
31343.43;141357.421875
31343.44;141357.421875
31343.45;141357.421875
31343.46;141113.28125
31343.47;141113.28125
31343.48;141357.421875
31343.49;141113.28125
31343.5;141113.28125
31343.51;141113.28125
31343.52;141113.28125
31343.53;141357.421875
31343.54;141113.28125
31343.55;141357.421875
31343.56;141113.28125
31343.57;141357.421875
31343.58;141357.421875
31343.59;141357.421875
31343.6;141113.28125
31343.61;141357.421875
31343.62;141113.28125
31343.63;141357.421875
31343.64;141113.28125
31343.65;141113.28125
31343.66;141113.28125
31343.67;141357.421875
31343.68;141113.28125
31343.69;141113.28125
31343.7;141357.421875
31343.71;141113.28125
31343.72;141357.421875
31343.73;141113.28125
31343.74;141357.421875
31343.75;141113.28125
31343.76;141113.28125
31343.77;141113.28125
31343.78;141357.421875
31343.79;141113.28125
31343.8;141113.28125
31343.81;141357.421875
31343.82;141357.421875
31343.83;141113.28125
31343.84;141357.421875
31343.85;141113.28125
31343.86;141113.28125
31343.87;141113.28125
31343.88;141357.421875
31343.89;141113.28125
31343.9;141357.421875
31343.91;141113.28125
31343.92;141357.421875
31343.93;141357.421875
31343.94;141357.421875
31343.95;141113.28125
31343.96;141113.28125
31343.97;141357.421875
31343.98;141113.28125
31343.99;141113.28125
31344.0;141357.421875
31344.01;141113.28125
31344.02;141357.421875
31344.03;141113.28125
31344.04;141357.421875
31344.05;141113.28125
31344.06;141113.28125
31344.07;141357.421875
31344.08;141113.28125
31344.09;141113.28125
31344.1;141113.28125
31344.11;141357.421875
31344.12;141113.28125
31344.13;141357.421875
31344.14;141113.28125
31344.15;141357.421875
31344.16;141113.28125
31344.17;141113.28125
31344.18;141357.421875
31344.19;141113.28125
31344.2;141357.421875
31344.21;141357.421875
31344.22;141113.28125
31344.23;141357.421875
31344.24;141357.421875
31344.25;141113.28125
31344.26;141113.28125
31344.27;141113.28125
31344.28;141113.28125
31344.29;141113.28125
31344.3;141113.28125
31344.31;141113.28125
31344.32;141357.421875
31344.33;141113.28125
31344.34;141113.28125
31344.35;141357.421875
31344.36;141357.421875
31344.37;141357.421875
31344.38;141113.28125
31344.39;141113.28125
31344.4;141357.421875
31344.41;141113.28125
31344.42;141113.28125
31344.43;141113.28125
31344.44;141113.28125
31344.45;141113.28125
31344.46;141113.28125
31344.47;141357.421875
31344.48;141113.28125
31344.49;141113.28125
31344.5;141113.28125
31344.51;141113.28125
31344.52;141113.28125
31344.53;141113.28125
31344.54;141113.28125
31344.55;141113.28125
31344.56;141113.28125
31344.57;141113.28125
31344.58;141113.28125
31344.59;141113.28125
31344.6;141113.28125
31344.61;145751.953125
31344.62;227539.0625
31344.63;147460.9375
31344.64;141601.5625
31344.65;142578.125
31344.66;142089.84375
31344.67;141845.703125
31344.68;184570.3125
31344.69;203125.0
31344.7;133789.0625
31344.71;144775.390625
31344.72;142089.84375
31344.73;142333.984375
31344.74;146972.65625
31344.75;228759.765625
31344.76;147705.078125
31344.77;142089.84375
31344.78;143066.40625
31344.79;142333.984375
31344.8;142089.84375
31344.81;141845.703125
31344.82;141601.5625
31344.83;141601.5625
31344.84;141357.421875
31344.85;141357.421875
31344.86;141357.421875
31344.87;146484.375
31344.88;228271.484375
31344.89;147460.9375
31344.9;141845.703125
31344.91;142822.265625
31344.92;142089.84375
31344.93;142089.84375
31344.94;141845.703125
31344.95;141601.5625
31344.96;141601.5625
31344.97;141357.421875
31344.98;141357.421875
31344.99;141357.421875
31345.0;146240.234375
31345.01;228271.484375
31345.02;147460.9375
31345.03;141845.703125
31345.04;142578.125
31345.05;142089.84375
31345.06;141845.703125
31345.07;141845.703125
31345.08;141601.5625
31345.09;141601.5625
31345.1;141357.421875
31345.11;141601.5625
31345.12;141357.421875
31345.13;146484.375
31345.14;228271.484375
31345.15;147216.796875
31345.16;141845.703125
31345.17;142822.265625
31345.18;142089.84375
31345.19;142089.84375
31345.2;141845.703125
31345.21;141601.5625
31345.22;141601.5625
31345.23;141357.421875
31345.24;141357.421875
31345.25;141357.421875
31345.26;146484.375
31345.27;228027.34375
31345.28;147216.796875
31345.29;141845.703125
31345.3;142822.265625
31345.31;142089.84375
31345.32;142089.84375
31345.33;184814.453125
31345.34;203125.0
31345.35;133544.921875
31345.36;145019.53125
31345.37;142089.84375
31345.38;142333.984375
31345.39;146972.65625
31345.4;228759.765625
31345.41;147705.078125
31345.42;142333.984375
31345.43;142822.265625
31345.44;142333.984375
31345.45;142089.84375
31345.46;184814.453125
31345.47;203369.140625
31345.48;133789.0625
31345.49;144775.390625
31345.5;142089.84375
31345.51;142333.984375
31345.52;146972.65625
31345.53;228759.765625
31345.54;147705.078125
31345.55;142333.984375
31345.56;142822.265625
31345.57;142333.984375
31345.58;142089.84375
31345.59;184814.453125
31345.6;203125.0
31345.61;133789.0625
31345.62;145019.53125
31345.63;142089.84375
31345.64;142333.984375
31345.65;147216.796875
31345.66;228759.765625
31345.67;147705.078125
31345.68;142333.984375
31345.69;143066.40625
31345.7;142333.984375
31345.71;142089.84375
31345.72;184814.453125
31345.73;203125.0
31345.74;133789.0625
31345.75;144775.390625
31345.76;142333.984375
31345.77;142333.984375
31345.78;146972.65625
31345.79;228759.765625
31345.8;147705.078125
31345.81;142089.84375
31345.82;142822.265625
31345.83;142333.984375
31345.84;142089.84375
31345.85;141845.703125
31345.86;141601.5625
31345.87;141601.5625
31345.88;141357.421875
31345.89;141357.421875
31345.9;141357.421875
31345.91;146484.375
31345.92;228271.484375
31345.93;147460.9375
31345.94;141845.703125
31345.95;142822.265625
31345.96;142089.84375
31345.97;141845.703125
31345.98;141601.5625
31345.99;141601.5625
31346.0;141601.5625
31346.01;141357.421875
31346.02;141601.5625
31346.03;141357.421875
31346.04;146484.375
31346.05;228271.484375
31346.06;147460.9375
31346.07;141845.703125
31346.08;142822.265625
31346.09;142089.84375
31346.1;141845.703125
31346.11;141845.703125
31346.12;141601.5625
31346.13;141601.5625
31346.14;141357.421875
31346.15;141357.421875
31346.16;141357.421875
31346.17;146484.375
31346.18;228271.484375
31346.19;147460.9375
31346.2;141845.703125
31346.21;142578.125
31346.22;142089.84375
31346.23;142089.84375
31346.24;141845.703125
31346.25;141601.5625
31346.26;141601.5625
31346.27;141357.421875
31346.28;141357.421875
31346.29;141357.421875
31346.3;146240.234375
31346.31;228271.484375
31346.32;147216.796875
31346.33;142089.84375
31346.34;142578.125
31346.35;142089.84375
31346.36;142089.84375
31346.37;141845.703125
31346.38;141601.5625
31346.39;141601.5625
31346.4;141357.421875
31346.41;141357.421875
31346.42;141357.421875
31346.43;146484.375
31346.44;228271.484375
31346.45;147216.796875
31346.46;141845.703125
31346.47;142578.125
31346.48;142089.84375
31346.49;142089.84375
31346.5;141845.703125
31346.51;141601.5625
31346.52;141601.5625
31346.53;141357.421875
31346.54;141357.421875
31346.55;141357.421875
31346.56;146484.375
31346.57;228271.484375
31346.58;147216.796875
31346.59;141845.703125
31346.6;142822.265625
31346.61;142089.84375
31346.62;141845.703125
31346.63;141845.703125
31346.64;141601.5625
31346.65;141601.5625
31346.66;141601.5625
31346.67;141357.421875
31346.68;141357.421875
31346.69;146484.375
31346.7;228271.484375
31346.71;147216.796875
31346.72;141845.703125
31346.73;142822.265625
31346.74;142089.84375
31346.75;142089.84375
31346.76;141845.703125
31346.77;141601.5625
31346.78;141601.5625
31346.79;141357.421875
31346.8;141357.421875
31346.81;141357.421875
31346.82;141357.421875
31346.83;141357.421875
31346.84;141357.421875
31346.85;141357.421875
31346.86;141357.421875
31346.87;141113.28125
31346.88;141357.421875
31346.89;141113.28125
31346.9;141113.28125
31346.91;141113.28125
31346.92;141113.28125
31346.93;141113.28125
31346.94;141357.421875
31346.95;141113.28125
31346.96;141357.421875
31346.97;141357.421875
31346.98;141113.28125
31346.99;141113.28125
31347.0;141113.28125
31347.01;141113.28125
31347.02;141113.28125
31347.03;141357.421875
31347.04;141113.28125
31347.05;141113.28125
31347.06;141357.421875
31347.07;141113.28125
31347.08;141357.421875
31347.09;141113.28125
31347.1;141357.421875
31347.11;141113.28125
31347.12;141357.421875
31347.13;141357.421875
31347.14;141113.28125
31347.15;141357.421875
31347.16;141113.28125
31347.17;141357.421875
31347.18;141357.421875
31347.19;141113.28125
31347.2;141113.28125
31347.21;141357.421875
31347.22;141113.28125
31347.23;141113.28125
31347.24;141113.28125
31347.25;141357.421875
31347.26;141113.28125
31347.27;141357.421875
31347.28;141357.421875
31347.29;141113.28125
31347.3;141113.28125
31347.31;141357.421875
31347.32;141357.421875
31347.33;141113.28125
31347.34;141357.421875
31347.35;141113.28125
31347.36;141357.421875
31347.37;141357.421875
31347.38;141357.421875
31347.39;141113.28125
31347.4;141113.28125
31347.41;141357.421875
31347.42;141357.421875
31347.43;141113.28125
31347.44;141357.421875
31347.45;141113.28125
31347.46;141357.421875
31347.47;141357.421875
31347.48;141357.421875
31347.49;141357.421875
31347.5;141113.28125
31347.51;141357.421875
31347.52;141357.421875
31347.53;141113.28125
31347.54;141357.421875
31347.55;141357.421875
31347.56;141357.421875
31347.57;141357.421875
31347.58;141357.421875
31347.59;141357.421875
31347.6;141113.28125
31347.61;141113.28125
31347.62;141357.421875
31347.63;141357.421875
31347.64;141357.421875
31347.65;141357.421875
31347.66;141357.421875
31347.67;141113.28125
31347.68;141357.421875
31347.69;141357.421875
31347.7;141357.421875
31347.71;141357.421875
31347.72;141357.421875
31347.73;141113.28125
31347.74;141357.421875
31347.75;141357.421875
31347.76;141357.421875
31347.77;141113.28125
31347.78;141357.421875
31347.79;141357.421875
31347.8;141357.421875
31347.81;141357.421875
31347.82;141357.421875
31347.83;141113.28125
31347.84;141357.421875
31347.85;141357.421875
31347.86;141113.28125
31347.87;141357.421875
31347.88;141113.28125
31347.89;141357.421875
31347.9;141113.28125
31347.91;141357.421875
31347.92;141113.28125
31347.93;141113.28125
31347.94;141357.421875
31347.95;141357.421875
31347.96;141357.421875
31347.97;141357.421875
31347.98;141357.421875
31347.99;141113.28125
31348.0;141357.421875
31348.01;141357.421875
31348.02;141357.421875
31348.03;141113.28125
31348.04;141113.28125
31348.05;141357.421875
31348.06;141113.28125
31348.07;141357.421875
31348.08;141357.421875
31348.09;141113.28125
31348.1;141113.28125
31348.11;141113.28125
31348.12;141357.421875
31348.13;141357.421875
31348.14;141113.28125
31348.15;141357.421875
31348.16;141357.421875
31348.17;141113.28125
31348.18;141357.421875
31348.19;141357.421875
31348.2;141357.421875
31348.21;141357.421875
31348.22;141357.421875
31348.23;141113.28125
31348.24;141357.421875
31348.25;141113.28125
31348.26;141113.28125
31348.27;141357.421875
31348.28;141113.28125
31348.29;141113.28125
31348.3;141357.421875
31348.31;141113.28125
31348.32;141113.28125
31348.33;141357.421875
31348.34;141357.421875
31348.35;141113.28125
31348.36;141113.28125
31348.37;141113.28125
31348.38;141357.421875
31348.39;141357.421875
31348.4;141357.421875
31348.41;141113.28125
31348.42;141113.28125
31348.43;141113.28125
31348.44;141113.28125
31348.45;141357.421875
31348.46;141113.28125
31348.47;141357.421875
31348.48;141113.28125
31348.49;141357.421875
31348.5;141113.28125
31348.51;141113.28125
31348.52;141113.28125
31348.53;141357.421875
31348.54;141357.421875
31348.55;141113.28125
31348.56;141113.28125
31348.57;141357.421875
31348.58;141113.28125
31348.59;141113.28125
31348.6;141357.421875
31348.61;141357.421875
31348.62;141357.421875
31348.63;141113.28125
31348.64;141357.421875
31348.65;141357.421875
31348.66;141113.28125
31348.67;141113.28125
31348.68;141113.28125
31348.69;141113.28125
31348.7;141113.28125
31348.71;141113.28125
31348.72;141357.421875
31348.73;141113.28125
31348.74;141113.28125
31348.75;141357.421875
31348.76;141357.421875
31348.77;141113.28125
31348.78;141113.28125
31348.79;141113.28125
31348.8;141357.421875
31348.81;141113.28125
31348.82;141113.28125
31348.83;141113.28125
31348.84;141113.28125
31348.85;141357.421875
31348.86;141113.28125
31348.87;141113.28125
31348.88;141113.28125
31348.89;141113.28125
31348.9;141357.421875
31348.91;141113.28125
31348.92;141113.28125
31348.93;141113.28125
31348.94;141357.421875
31348.95;141113.28125
31348.96;141357.421875
31348.97;141357.421875
31348.98;141357.421875
31348.99;141113.28125
31349.0;141113.28125
31349.01;141113.28125
31349.02;141357.421875
31349.03;141113.28125
31349.04;141113.28125
31349.05;141113.28125
31349.06;141357.421875
31349.07;141357.421875
31349.08;141113.28125
31349.09;141357.421875
31349.1;141357.421875
31349.11;141357.421875
31349.12;141113.28125
31349.13;141113.28125
31349.14;141113.28125
31349.15;141357.421875
31349.16;141357.421875
31349.17;141357.421875
31349.18;141357.421875
31349.19;141113.28125
31349.2;141357.421875
31349.21;141357.421875
31349.22;141357.421875
31349.23;141357.421875
31349.24;141357.421875
31349.25;141357.421875
31349.26;141113.28125
31349.27;141357.421875
31349.28;141357.421875
31349.29;141357.421875
31349.3;141357.421875
31349.31;141357.421875
31349.32;141113.28125
31349.33;141357.421875
31349.34;141357.421875
31349.35;141357.421875
31349.36;141357.421875
31349.37;141357.421875
31349.38;141357.421875
31349.39;141357.421875
31349.4;141357.421875
31349.41;141357.421875
31349.42;141357.421875
31349.43;141357.421875
31349.44;141113.28125
31349.45;141357.421875
31349.46;141357.421875
31349.47;141357.421875
31349.48;141113.28125
31349.49;141357.421875
31349.5;141357.421875
31349.51;141357.421875
31349.52;141357.421875
31349.53;141357.421875
31349.54;141357.421875
31349.55;141357.421875
31349.56;141357.421875
31349.57;141357.421875
31349.58;141357.421875
31349.59;141113.28125
31349.6;141357.421875
31349.61;141357.421875
31349.62;141357.421875
31349.63;141357.421875
31349.64;141357.421875
31349.65;141113.28125
31349.66;141357.421875
31349.67;141357.421875
31349.68;141357.421875
31349.69;141357.421875
31349.7;141357.421875
31349.71;141357.421875
31349.72;141357.421875
31349.73;141357.421875
31349.74;141357.421875
31349.75;141357.421875
31349.76;141357.421875
31349.77;141357.421875
31349.78;141357.421875
31349.79;141357.421875
31349.8;141357.421875
31349.81;141357.421875
31349.82;141357.421875
31349.83;141357.421875
31349.84;141357.421875
31349.85;141357.421875
31349.86;141357.421875
31349.87;141357.421875
31349.88;141357.421875
31349.89;141357.421875
31349.9;141357.421875
31349.91;141357.421875
31349.92;141357.421875
31349.93;141357.421875
31349.94;141357.421875
31349.95;141357.421875
31349.96;141357.421875
31349.97;141357.421875
31349.98;141357.421875
31349.99;141357.421875
31350.0;141357.421875
31350.01;141357.421875
31350.02;141357.421875
31350.03;141357.421875
31350.04;141357.421875
31350.05;141357.421875
31350.06;141357.421875
31350.07;141357.421875
31350.08;141357.421875
31350.09;141357.421875
31350.1;141357.421875
31350.11;141357.421875
31350.12;141357.421875
31350.13;141357.421875
31350.14;141357.421875
31350.15;141357.421875
31350.16;141357.421875
31350.17;141357.421875
31350.18;141357.421875
31350.19;141357.421875
31350.2;141357.421875
31350.21;141357.421875
31350.22;141357.421875
31350.23;141357.421875
31350.24;141357.421875
31350.25;141357.421875
31350.26;141357.421875
31350.27;141357.421875
31350.28;141357.421875
31350.29;141357.421875
31350.3;141357.421875
31350.31;141357.421875
31350.32;141357.421875
31350.33;141357.421875
31350.34;141357.421875
31350.35;141357.421875
31350.36;141357.421875
31350.37;141357.421875
31350.38;141357.421875
31350.39;141357.421875
31350.4;141357.421875
31350.41;141357.421875
31350.42;141601.5625
31350.43;141357.421875
31350.44;141357.421875
31350.45;141357.421875
31350.46;141357.421875
31350.47;141357.421875
31350.48;141357.421875
31350.49;141357.421875
31350.5;141357.421875
31350.51;141357.421875
31350.52;141357.421875
31350.53;141357.421875
31350.54;141357.421875
31350.55;141357.421875
31350.56;141357.421875
31350.57;141601.5625
31350.58;141357.421875
31350.59;141601.5625
31350.6;141357.421875
31350.61;141357.421875
31350.62;141357.421875
31350.63;141357.421875
31350.64;141357.421875
31350.65;141357.421875
31350.66;141357.421875
31350.67;141357.421875
31350.68;141357.421875
31350.69;141357.421875
31350.7;141601.5625
31350.71;141357.421875
31350.72;141357.421875
31350.73;141357.421875
31350.74;141357.421875
31350.75;141357.421875
31350.76;141601.5625
31350.77;141357.421875
31350.78;141357.421875
31350.79;141357.421875
31350.8;141601.5625
31350.81;141357.421875
31350.82;141601.5625
31350.83;141357.421875
31350.84;141357.421875
31350.85;141601.5625
31350.86;141601.5625
31350.87;141357.421875
31350.88;141601.5625
31350.89;141357.421875
31350.9;141601.5625
31350.91;141357.421875
31350.92;141601.5625
31350.93;141357.421875
31350.94;141601.5625
31350.95;141601.5625
31350.96;141357.421875
31350.97;141601.5625
31350.98;141601.5625
31350.99;141357.421875
31351.0;141357.421875
31351.01;141601.5625
31351.02;141601.5625
31351.03;141601.5625
31351.04;141357.421875
31351.05;141601.5625
31351.06;141601.5625
31351.07;141357.421875
31351.08;141357.421875
31351.09;141601.5625
31351.1;141601.5625
31351.11;141357.421875
31351.12;141601.5625
31351.13;141601.5625
31351.14;141601.5625
31351.15;141601.5625
31351.16;141601.5625
31351.17;141357.421875
31351.18;141601.5625
31351.19;141601.5625
31351.2;141601.5625
31351.21;141357.421875
31351.22;141601.5625
31351.23;141357.421875
31351.24;141601.5625
31351.25;141601.5625
31351.26;141357.421875
31351.27;141601.5625
31351.28;141601.5625
31351.29;141601.5625
31351.3;141357.421875
31351.31;141601.5625
31351.32;141601.5625
31351.33;141601.5625
31351.34;141357.421875
31351.35;141601.5625
31351.36;141601.5625
31351.37;141601.5625
31351.38;141601.5625
31351.39;141601.5625
31351.4;141601.5625
31351.41;141601.5625
31351.42;141601.5625
31351.43;141601.5625
31351.44;141601.5625
31351.45;141601.5625
31351.46;141601.5625
31351.47;141601.5625
31351.48;141601.5625
31351.49;141601.5625
31351.5;141601.5625
31351.51;141601.5625
31351.52;141601.5625
31351.53;141601.5625
31351.54;141357.421875
31351.55;141601.5625
31351.56;141601.5625
31351.57;141601.5625
31351.58;141601.5625
31351.59;141601.5625
31351.6;141601.5625
31351.61;141601.5625
31351.62;141601.5625
31351.63;141601.5625
31351.64;141601.5625
31351.65;141601.5625
31351.66;141601.5625
31351.67;141601.5625
31351.68;141601.5625
31351.69;141601.5625
31351.7;141601.5625
31351.71;141601.5625
31351.72;141601.5625
31351.73;141601.5625
31351.74;141601.5625
31351.75;141601.5625
31351.76;141601.5625
31351.77;141601.5625
31351.78;141601.5625
31351.79;141601.5625
31351.8;141601.5625
31351.81;141601.5625
31351.82;141601.5625
31351.83;141601.5625
31351.84;141601.5625
31351.85;141601.5625
31351.86;141601.5625
31351.87;141601.5625
31351.88;141601.5625
31351.89;141601.5625
31351.9;141601.5625
31351.91;141601.5625
31351.92;141601.5625
31351.93;141601.5625
31351.94;141601.5625
31351.95;141601.5625
31351.96;141601.5625
31351.97;141601.5625
31351.98;141601.5625
31351.99;141601.5625
31352.0;141601.5625
31352.01;141601.5625
31352.02;141601.5625
31352.03;141601.5625
31352.04;141601.5625
31352.05;141601.5625
31352.06;141601.5625
31352.07;141601.5625
31352.08;141601.5625
31352.09;141845.703125
31352.1;141601.5625
31352.11;141601.5625
31352.12;141601.5625
31352.13;141601.5625
31352.14;141601.5625
31352.15;141601.5625
31352.16;141601.5625
31352.17;141601.5625
31352.18;141601.5625
31352.19;141601.5625
31352.2;141601.5625
31352.21;141601.5625
31352.22;141601.5625
31352.23;141601.5625
31352.24;141601.5625
31352.25;141601.5625
31352.26;141601.5625
31352.27;141601.5625
31352.28;141601.5625
31352.29;141601.5625
31352.3;141601.5625
31352.31;141601.5625
31352.32;141601.5625
31352.33;141601.5625
31352.34;141601.5625
31352.35;141845.703125
31352.36;141601.5625
31352.37;141601.5625
31352.38;141601.5625
31352.39;141601.5625
31352.4;141601.5625
31352.41;141601.5625
31352.42;141601.5625
31352.43;141601.5625
31352.44;141845.703125
31352.45;141601.5625
31352.46;141601.5625
31352.47;141601.5625
31352.48;141357.421875
31352.49;141601.5625
31352.5;141601.5625
31352.51;141601.5625
31352.52;141601.5625
31352.53;141601.5625
31352.54;141601.5625
31352.55;141601.5625
31352.56;141601.5625
31352.57;141601.5625
31352.58;141601.5625
31352.59;141601.5625
31352.6;141601.5625
31352.61;141601.5625
31352.62;141601.5625
31352.63;141601.5625
31352.64;141601.5625
31352.65;141601.5625
31352.66;141601.5625
31352.67;141601.5625
31352.68;141601.5625
31352.69;141601.5625
31352.7;141601.5625
31352.71;141601.5625
31352.72;141601.5625
31352.73;141601.5625
31352.74;141601.5625
31352.75;141601.5625
31352.76;141601.5625
31352.77;141601.5625
31352.78;141601.5625
31352.79;141601.5625
31352.8;141601.5625
31352.81;141601.5625
31352.82;141601.5625
31352.83;141601.5625
31352.84;141601.5625
31352.85;141601.5625
31352.86;141601.5625
31352.87;141601.5625
31352.88;141601.5625
31352.89;141601.5625
31352.9;141601.5625
31352.91;141601.5625
31352.92;141601.5625
31352.93;141601.5625
31352.94;141601.5625
31352.95;141601.5625
31352.96;141601.5625
31352.97;141601.5625
31352.98;141601.5625
31352.99;141601.5625
31353.0;141601.5625
31353.01;141601.5625
31353.02;141601.5625
31353.03;141601.5625
31353.04;141601.5625
31353.05;141601.5625
31353.06;141601.5625
31353.07;141601.5625
31353.08;141601.5625
31353.09;141601.5625
31353.1;141601.5625
31353.11;141601.5625
31353.12;141601.5625
31353.13;141601.5625
31353.14;141601.5625
31353.15;141601.5625
31353.16;141601.5625
31353.17;141601.5625
31353.18;141601.5625
31353.19;141601.5625
31353.2;141601.5625
31353.21;141601.5625
31353.22;141601.5625
31353.23;141601.5625
31353.24;141601.5625
31353.25;141601.5625
31353.26;141601.5625
31353.27;141601.5625
31353.28;141601.5625
31353.29;141601.5625
31353.3;141601.5625
31353.31;141601.5625
31353.32;141601.5625
31353.33;141601.5625
31353.34;141601.5625
31353.35;141601.5625
31353.36;141601.5625
31353.37;141601.5625
31353.38;141845.703125
31353.39;141601.5625
31353.4;141601.5625
31353.41;141601.5625
31353.42;141601.5625
31353.43;141601.5625
31353.44;141601.5625
31353.45;141601.5625
31353.46;141601.5625
31353.47;141601.5625
31353.48;141601.5625
31353.49;141601.5625
31353.5;141601.5625
31353.51;141601.5625
31353.52;141601.5625
31353.53;141845.703125
31353.54;141601.5625
31353.55;141601.5625
31353.56;141601.5625
31353.57;141601.5625
31353.58;141601.5625
31353.59;141601.5625
31353.6;141601.5625
31353.61;141601.5625
31353.62;141845.703125
31353.63;141601.5625
31353.64;141601.5625
31353.65;141601.5625
31353.66;141845.703125
31353.67;141845.703125
31353.68;141601.5625
31353.69;141601.5625
31353.7;141601.5625
31353.71;141601.5625
31353.72;141845.703125
31353.73;141601.5625
31353.74;141601.5625
31353.75;141601.5625
31353.76;141601.5625
31353.77;141601.5625
31353.78;141601.5625
31353.79;141601.5625
31353.8;141601.5625
31353.81;141601.5625
31353.82;141601.5625
31353.83;141601.5625
31353.84;141845.703125
31353.85;141601.5625
31353.86;141601.5625
31353.87;141601.5625
31353.88;141601.5625
31353.89;141601.5625
31353.9;141601.5625
31353.91;141601.5625
31353.92;141601.5625
31353.93;141601.5625
31353.94;141601.5625
31353.95;141601.5625
31353.96;141601.5625
31353.97;141601.5625
31353.98;141601.5625
31353.99;141845.703125
31354.0;141601.5625
31354.01;141601.5625
31354.02;141601.5625
31354.03;141601.5625
31354.04;141601.5625
31354.05;141601.5625
31354.06;141845.703125
31354.07;141601.5625
31354.08;141601.5625
31354.09;141601.5625
31354.1;141601.5625
31354.11;141601.5625
31354.12;141601.5625
31354.13;141601.5625
31354.14;141845.703125
31354.15;141601.5625
31354.16;141601.5625
31354.17;141601.5625
31354.18;141601.5625
31354.19;141601.5625
31354.2;141601.5625
31354.21;141601.5625
31354.22;141601.5625
31354.23;141601.5625
31354.24;141601.5625
31354.25;141601.5625
31354.26;141601.5625
31354.27;141601.5625
31354.28;141601.5625
31354.29;141601.5625
31354.3;141601.5625
31354.31;141601.5625
31354.32;141601.5625
31354.33;141601.5625
31354.34;141601.5625
31354.35;141845.703125
31354.36;141601.5625
31354.37;141601.5625
31354.38;141845.703125
31354.39;141601.5625
31354.4;141601.5625
31354.41;141601.5625
31354.42;141601.5625
31354.43;141601.5625
31354.44;141601.5625
31354.45;141601.5625
31354.46;141601.5625
31354.47;141601.5625
31354.48;141601.5625
31354.49;141601.5625
31354.5;141601.5625
31354.51;141601.5625
31354.52;141601.5625
31354.53;141601.5625
31354.54;141601.5625
31354.55;141601.5625
31354.56;141601.5625
31354.57;141601.5625
31354.58;141601.5625
31354.59;141601.5625
31354.6;141601.5625
31354.61;141601.5625
31354.62;141601.5625
31354.63;141601.5625
31354.64;141601.5625
31354.65;141845.703125
31354.66;141601.5625
31354.67;141601.5625
31354.68;141601.5625
31354.69;141601.5625
31354.7;141601.5625
31354.71;141601.5625
31354.72;141601.5625
31354.73;141845.703125
31354.74;141601.5625
31354.75;141601.5625
31354.76;141601.5625
31354.77;141601.5625
31354.78;141601.5625
31354.79;141601.5625
31354.8;141601.5625
31354.81;141601.5625
31354.82;141601.5625
31354.83;141601.5625
31354.84;141601.5625
31354.85;141601.5625
31354.86;141601.5625
31354.87;141601.5625
31354.88;141601.5625
31354.89;141601.5625
31354.9;141601.5625
31354.91;141601.5625
31354.92;141601.5625
31354.93;141601.5625
31354.94;141601.5625
31354.95;141601.5625
31354.96;141601.5625
31354.97;141845.703125
31354.98;141601.5625
31354.99;141601.5625
31355.0;141601.5625
31355.01;141601.5625
31355.02;141601.5625
31355.03;141601.5625
31355.04;141601.5625
31355.05;141601.5625
31355.06;141601.5625
31355.07;141601.5625
31355.08;141601.5625
31355.09;141601.5625
31355.1;141601.5625
31355.11;141845.703125
31355.12;141601.5625
31355.13;141601.5625
31355.14;141601.5625
31355.15;141601.5625
31355.16;141601.5625
31355.17;141601.5625
31355.18;141601.5625
31355.19;141845.703125
31355.2;141601.5625
31355.21;141601.5625
31355.22;141845.703125
31355.23;141601.5625
31355.24;141601.5625
31355.25;141601.5625
31355.26;141601.5625
31355.27;141601.5625
31355.28;141601.5625
31355.29;141601.5625
31355.3;141601.5625
31355.31;141601.5625
31355.32;141601.5625
31355.33;141601.5625
31355.34;141601.5625
31355.35;141601.5625
31355.36;141601.5625
31355.37;141601.5625
31355.38;141601.5625
31355.39;141601.5625
31355.4;141601.5625
31355.41;141845.703125
31355.42;141845.703125
31355.43;141601.5625
31355.44;141601.5625
31355.45;141845.703125
31355.46;141601.5625
31355.47;141601.5625
31355.48;141601.5625
31355.49;141845.703125
31355.5;141601.5625
31355.51;141601.5625
31355.52;141601.5625
31355.53;141601.5625
31355.54;141601.5625
31355.55;141845.703125
31355.56;141601.5625
31355.57;141601.5625
31355.58;141845.703125
31355.59;141601.5625
31355.6;141601.5625
31355.61;141601.5625
31355.62;141601.5625
31355.63;141845.703125
31355.64;141845.703125
31355.65;141601.5625
31355.66;141601.5625
31355.67;141601.5625
31355.68;141845.703125
31355.69;141601.5625
31355.7;141601.5625
31355.71;141601.5625
31355.72;141601.5625
31355.73;141601.5625
31355.74;141845.703125
31355.75;141845.703125
31355.76;141601.5625
31355.77;141601.5625
31355.78;141601.5625
31355.79;141601.5625
31355.8;141601.5625
31355.81;141601.5625
31355.82;141601.5625
31355.83;141601.5625
31355.84;141601.5625
31355.85;141601.5625
31355.86;141601.5625
31355.87;141601.5625
31355.88;141601.5625
31355.89;141601.5625
31355.9;141601.5625
31355.91;141601.5625
31355.92;141601.5625
31355.93;141845.703125
31355.94;141601.5625
31355.95;141601.5625
31355.96;141601.5625
31355.97;141601.5625
31355.98;141601.5625
31355.99;141601.5625
31356.0;141601.5625
31356.01;141601.5625
31356.02;141601.5625
31356.03;141601.5625
31356.04;141845.703125
31356.05;141601.5625
31356.06;141845.703125
31356.07;141601.5625
31356.08;141601.5625
31356.09;141601.5625
31356.1;141601.5625
31356.11;141601.5625
31356.12;141601.5625
31356.13;141601.5625
31356.14;141601.5625
31356.15;141601.5625
31356.16;141601.5625
31356.17;141601.5625
31356.18;141601.5625
31356.19;141601.5625
31356.2;141601.5625
31356.21;141601.5625
31356.22;141601.5625
31356.23;141601.5625
31356.24;141601.5625
31356.25;141601.5625
31356.26;141601.5625
31356.27;141601.5625
31356.28;141845.703125
31356.29;141601.5625
31356.3;141601.5625
31356.31;141601.5625
31356.32;141601.5625
31356.33;141601.5625
31356.34;141601.5625
31356.35;141601.5625
31356.36;141601.5625
31356.37;141601.5625
31356.38;141601.5625
31356.39;141601.5625
31356.4;141601.5625
31356.41;141601.5625
31356.42;141601.5625
31356.43;141601.5625
31356.44;141601.5625
31356.45;141601.5625
31356.46;141601.5625
31356.47;141601.5625
31356.48;141601.5625
31356.49;141601.5625
31356.5;141601.5625
31356.51;141601.5625
31356.52;141601.5625
31356.53;141601.5625
31356.54;141601.5625
31356.55;141601.5625
31356.56;141601.5625
31356.57;141601.5625
31356.58;141601.5625
31356.59;141601.5625
31356.6;141601.5625
31356.61;141601.5625
31356.62;141601.5625
31356.63;141601.5625
31356.64;141601.5625
31356.65;141601.5625
31356.66;141601.5625
31356.67;141601.5625
31356.68;141601.5625
31356.69;141357.421875
31356.7;141601.5625
31356.71;141601.5625
31356.72;141601.5625
31356.73;141357.421875
31356.74;141601.5625
31356.75;141601.5625
31356.76;141601.5625
31356.77;141601.5625
31356.78;141601.5625
31356.79;141601.5625
31356.8;141601.5625
31356.81;141601.5625
31356.82;141601.5625
31356.83;141601.5625
31356.84;141601.5625
31356.85;141601.5625
31356.86;141601.5625
31356.87;141601.5625
31356.88;141601.5625
31356.89;141601.5625
31356.9;141601.5625
31356.91;141601.5625
31356.92;141601.5625
31356.93;141601.5625
31356.94;141601.5625
31356.95;141601.5625
31356.96;141601.5625
31356.97;141601.5625
31356.98;141601.5625
31356.99;141601.5625
31357.0;141601.5625
31357.01;141601.5625
31357.02;141601.5625
31357.03;141601.5625
31357.04;141601.5625
31357.05;141601.5625
31357.06;141601.5625
31357.07;141601.5625
31357.08;141601.5625
31357.09;141601.5625
31357.1;141601.5625
31357.11;141601.5625
31357.12;141601.5625
31357.13;141601.5625
31357.14;141601.5625
31357.15;141601.5625
31357.16;141601.5625
31357.17;141601.5625
31357.18;141601.5625
31357.19;141601.5625
31357.2;141601.5625
31357.21;141601.5625
31357.22;141601.5625
31357.23;141601.5625
31357.24;141601.5625
31357.25;141601.5625
31357.26;141601.5625
31357.27;141601.5625
31357.28;141601.5625
31357.29;141601.5625
31357.3;141601.5625
31357.31;141601.5625
31357.32;141601.5625
31357.33;141601.5625
31357.34;141601.5625
31357.35;141601.5625
31357.36;141601.5625
31357.37;141601.5625
31357.38;141601.5625
31357.39;141357.421875
31357.4;141601.5625
31357.41;141601.5625
31357.42;141601.5625
31357.43;141601.5625
31357.44;141601.5625
31357.45;141601.5625
31357.46;141601.5625
31357.47;141601.5625
31357.48;141601.5625
31357.49;141601.5625
31357.5;141601.5625
31357.51;141601.5625
31357.52;141601.5625
31357.53;141601.5625
31357.54;141601.5625
31357.55;141601.5625
31357.56;141601.5625
31357.57;141601.5625
31357.58;141601.5625
31357.59;141601.5625
31357.6;141601.5625
31357.61;141601.5625
31357.62;141601.5625
31357.63;141601.5625
31357.64;141601.5625
31357.65;141601.5625
31357.66;141601.5625
31357.67;141601.5625
31357.68;141601.5625
31357.69;141601.5625
31357.7;141601.5625
31357.71;141601.5625
31357.72;141601.5625
31357.73;141601.5625
31357.74;141601.5625
31357.75;141601.5625
31357.76;141601.5625
31357.77;141601.5625
31357.78;141601.5625
31357.79;141601.5625
31357.8;141601.5625
31357.81;141601.5625
31357.82;141601.5625
31357.83;141601.5625
31357.84;141601.5625
31357.85;141601.5625
31357.86;141601.5625
31357.87;141601.5625
31357.88;141601.5625
31357.89;141601.5625
31357.9;141601.5625
31357.91;141601.5625
31357.92;141601.5625
31357.93;141601.5625
31357.94;141601.5625
31357.95;141601.5625
31357.96;141601.5625
31357.97;141601.5625
31357.98;141601.5625
31357.99;141601.5625
31358.0;141601.5625
31358.01;141601.5625
31358.02;141601.5625
31358.03;141601.5625
31358.04;141601.5625
31358.05;141601.5625
31358.06;141601.5625
31358.07;141601.5625
31358.08;141601.5625
31358.09;141601.5625
31358.1;141601.5625
31358.11;141601.5625
31358.12;141601.5625
31358.13;141601.5625
31358.14;141601.5625
31358.15;141601.5625
31358.16;141601.5625
31358.17;141601.5625
31358.18;141357.421875
31358.19;141601.5625
31358.2;141357.421875
31358.21;141601.5625
31358.22;141357.421875
31358.23;141601.5625
31358.24;141601.5625
31358.25;141357.421875
31358.26;141601.5625
31358.27;141357.421875
31358.28;141357.421875
31358.29;141357.421875
31358.3;141601.5625
31358.31;141601.5625
31358.32;141601.5625
31358.33;141601.5625
31358.34;141601.5625
31358.35;141357.421875
31358.36;141601.5625
31358.37;141357.421875
31358.38;141357.421875
31358.39;141357.421875
31358.4;141601.5625
31358.41;141357.421875
31358.42;141601.5625
31358.43;141601.5625
31358.44;141601.5625
31358.45;141601.5625
31358.46;141357.421875
31358.47;141357.421875
31358.48;141357.421875
31358.49;141357.421875
31358.5;141357.421875
31358.51;141357.421875
31358.52;141357.421875
31358.53;141357.421875
31358.54;141357.421875
31358.55;141601.5625
31358.56;141357.421875
31358.57;141601.5625
31358.58;141357.421875
31358.59;141357.421875
31358.6;141357.421875
31358.61;141357.421875
31358.62;141357.421875
31358.63;141357.421875
31358.64;141357.421875
31358.65;141357.421875
31358.66;141357.421875
31358.67;141357.421875
31358.68;141357.421875
31358.69;141357.421875
31358.7;141357.421875
31358.71;141357.421875
31358.72;141357.421875
31358.73;141357.421875
31358.74;141357.421875
31358.75;141357.421875
31358.76;141357.421875
31358.77;141357.421875
31358.78;141357.421875
31358.79;141357.421875
31358.8;141357.421875
31358.81;141357.421875
31358.82;141357.421875
31358.83;141357.421875
31358.84;141357.421875
31358.85;141357.421875
31358.86;141357.421875
31358.87;141357.421875
31358.88;141357.421875
31358.89;141357.421875
31358.9;141357.421875
31358.91;141357.421875
31358.92;141357.421875
31358.93;141357.421875
31358.94;141601.5625
31358.95;141357.421875
31358.96;141357.421875
31358.97;141357.421875
31358.98;141357.421875
31358.99;141357.421875
31359.0;141357.421875
31359.01;141357.421875
31359.02;141357.421875
31359.03;141357.421875
31359.04;141357.421875
31359.05;141357.421875
31359.06;141357.421875
31359.07;141357.421875
31359.08;141357.421875
31359.09;141357.421875
31359.1;141357.421875
31359.11;141357.421875
31359.12;141357.421875
31359.13;141357.421875
31359.14;141357.421875
31359.15;141357.421875
31359.16;141357.421875
31359.17;141357.421875
31359.18;141357.421875
31359.19;141357.421875
31359.2;141357.421875
31359.21;141357.421875
31359.22;141357.421875
31359.23;141357.421875
31359.24;141357.421875
31359.25;141357.421875
31359.26;141357.421875
31359.27;141357.421875
31359.28;141357.421875
31359.29;141357.421875
31359.3;141357.421875
31359.31;141357.421875
31359.32;141357.421875
31359.33;141357.421875
31359.34;141357.421875
31359.35;141357.421875
31359.36;141357.421875
31359.37;141357.421875
31359.38;141357.421875
31359.39;141357.421875
31359.4;141357.421875
31359.41;141357.421875
31359.42;141357.421875
31359.43;141357.421875
31359.44;141357.421875
31359.45;141357.421875
31359.46;141357.421875
31359.47;141357.421875
31359.48;141357.421875
31359.49;141357.421875
31359.5;141357.421875
31359.51;141357.421875
31359.52;141357.421875
31359.53;141357.421875
31359.54;141357.421875
31359.55;141357.421875
31359.56;141357.421875
31359.57;141357.421875
31359.58;141357.421875
31359.59;141357.421875
31359.6;141357.421875
31359.61;141357.421875
31359.62;141357.421875
31359.63;141357.421875
31359.64;141357.421875
31359.65;141357.421875
31359.66;141357.421875
31359.67;141357.421875
31359.68;141357.421875
31359.69;141357.421875
31359.7;141357.421875
31359.71;141357.421875
31359.72;141357.421875
31359.73;141357.421875
31359.74;141357.421875
31359.75;141357.421875
31359.76;141357.421875
31359.77;141357.421875
31359.78;141357.421875
31359.79;141357.421875
31359.8;141357.421875
31359.81;141357.421875
31359.82;141357.421875
31359.83;141357.421875
31359.84;141357.421875
31359.85;141357.421875
31359.86;141357.421875
31359.87;141357.421875
31359.88;141357.421875
31359.89;141357.421875
31359.9;141357.421875
31359.91;141357.421875
31359.92;141357.421875
31359.93;141357.421875
31359.94;141357.421875
31359.95;141357.421875
31359.96;141357.421875
31359.97;141357.421875
31359.98;141357.421875
31359.99;141357.421875
31360.0;141357.421875
31360.01;141357.421875
31360.02;141357.421875
31360.03;141357.421875
31360.04;141357.421875
31360.05;141357.421875
31360.06;141357.421875
31360.07;141113.28125
31360.08;141357.421875
31360.09;141357.421875
31360.1;141357.421875
31360.11;141357.421875
31360.12;141113.28125
31360.13;141357.421875
31360.14;141357.421875
31360.15;141357.421875
31360.16;141357.421875
31360.17;141113.28125
31360.18;141357.421875
31360.19;141357.421875
31360.2;141357.421875
31360.21;141357.421875
31360.22;141357.421875
31360.23;141357.421875
31360.24;141357.421875
31360.25;141113.28125
31360.26;141357.421875
31360.27;141357.421875
31360.28;141357.421875
31360.29;141357.421875
31360.3;141357.421875
31360.31;141113.28125
31360.32;141357.421875
31360.33;141113.28125
31360.34;141357.421875
31360.35;141357.421875
31360.36;141357.421875
31360.37;141357.421875
31360.38;141357.421875
31360.39;141357.421875
31360.4;141357.421875
31360.41;141357.421875
31360.42;141113.28125
31360.43;141357.421875
31360.44;141113.28125
31360.45;141357.421875
31360.46;141357.421875
31360.47;141357.421875
31360.48;141113.28125
31360.49;141357.421875
31360.5;141357.421875
31360.51;141357.421875
31360.52;141357.421875
31360.53;141113.28125
31360.54;141113.28125
31360.55;141113.28125
31360.56;141357.421875
31360.57;141113.28125
31360.58;141357.421875
31360.59;141357.421875
31360.6;141113.28125
31360.61;141357.421875
31360.62;141113.28125
31360.63;141113.28125
31360.64;141113.28125
31360.65;141357.421875
31360.66;141357.421875
31360.67;141113.28125
31360.68;141357.421875
31360.69;141113.28125
31360.7;141357.421875
31360.71;141357.421875
31360.72;141113.28125
31360.73;141357.421875
31360.74;141357.421875
31360.75;141357.421875
31360.76;141357.421875
31360.77;141113.28125
31360.78;141113.28125
31360.79;141357.421875
31360.8;141113.28125
31360.81;141113.28125
31360.82;141113.28125
31360.83;141113.28125
31360.84;141113.28125
31360.85;141113.28125
31360.86;141113.28125
31360.87;141113.28125
31360.88;141357.421875
31360.89;141113.28125
31360.9;141113.28125
31360.91;141113.28125
31360.92;141113.28125
31360.93;141113.28125
31360.94;141113.28125
31360.95;141113.28125
31360.96;141357.421875
31360.97;141113.28125
31360.98;141357.421875
31360.99;141113.28125
31361.0;141357.421875
31361.01;141113.28125
31361.02;141113.28125
31361.03;141113.28125
31361.04;141113.28125
31361.05;141113.28125
31361.06;141113.28125
31361.07;141113.28125
31361.08;141113.28125
31361.09;141113.28125
31361.1;141357.421875
31361.11;141357.421875
31361.12;141113.28125
31361.13;141357.421875
31361.14;141113.28125
31361.15;141113.28125
31361.16;141113.28125
31361.17;141357.421875
31361.18;141113.28125
31361.19;141113.28125
31361.2;141113.28125
31361.21;141113.28125
31361.22;141357.421875
31361.23;141357.421875
31361.24;141113.28125
31361.25;141113.28125
31361.26;141113.28125
31361.27;141357.421875
31361.28;141113.28125
31361.29;141113.28125
31361.3;141357.421875
31361.31;141113.28125
31361.32;141113.28125
31361.33;141357.421875
31361.34;141113.28125
31361.35;141357.421875
31361.36;141113.28125
31361.37;141113.28125
31361.38;141113.28125
31361.39;141113.28125
31361.4;141113.28125
31361.41;141113.28125
31361.42;141113.28125
31361.43;141357.421875
31361.44;141113.28125
31361.45;141357.421875
31361.46;141113.28125
31361.47;141113.28125
31361.48;141357.421875
31361.49;141357.421875
31361.5;141113.28125
31361.51;141357.421875
31361.52;141357.421875
31361.53;141113.28125
31361.54;141113.28125
31361.55;141357.421875
31361.56;141357.421875
31361.57;141113.28125
31361.58;141357.421875
31361.59;141357.421875
31361.6;141113.28125
31361.61;141113.28125
31361.62;141357.421875
31361.63;141357.421875
31361.64;141113.28125
31361.65;141357.421875
31361.66;141357.421875
31361.67;141357.421875
31361.68;141113.28125
31361.69;141113.28125
31361.7;141357.421875
31361.71;141113.28125
31361.72;141113.28125
31361.73;141357.421875
31361.74;141113.28125
31361.75;141357.421875
31361.76;141113.28125
31361.77;141357.421875
31361.78;141113.28125
31361.79;141113.28125
31361.8;141357.421875
31361.81;141113.28125
31361.82;141113.28125
31361.83;141357.421875
31361.84;141113.28125
31361.85;141357.421875
31361.86;141113.28125
31361.87;141357.421875
31361.88;141357.421875
31361.89;141357.421875
31361.9;141113.28125
31361.91;141113.28125
31361.92;141113.28125
31361.93;141357.421875
31361.94;141113.28125
31361.95;141357.421875
31361.96;141357.421875
31361.97;141357.421875
31361.98;141113.28125
31361.99;141113.28125
31362.0;141357.421875
31362.01;141113.28125
31362.02;141113.28125
31362.03;141113.28125
31362.04;141357.421875
31362.05;141113.28125
31362.06;141113.28125
31362.07;141113.28125
31362.08;141113.28125
31362.09;141113.28125
31362.1;141113.28125
31362.11;141113.28125
31362.12;141357.421875
31362.13;141357.421875
31362.14;141113.28125
31362.15;141113.28125
31362.16;141357.421875
31362.17;141113.28125
31362.18;141113.28125
31362.19;141357.421875
31362.2;141357.421875
31362.21;141113.28125
31362.22;141357.421875
31362.23;141113.28125
31362.24;141113.28125
31362.25;141113.28125
31362.26;141113.28125
31362.27;141113.28125
31362.28;141113.28125
31362.29;141113.28125
31362.3;141357.421875
31362.31;141357.421875
31362.32;141113.28125
31362.33;141357.421875
31362.34;141113.28125
31362.35;141113.28125
31362.36;141357.421875
31362.37;141357.421875
31362.38;141113.28125
31362.39;141357.421875
31362.4;141357.421875
31362.41;141113.28125
31362.42;141357.421875
31362.43;141113.28125
31362.44;141113.28125
31362.45;141113.28125
31362.46;141357.421875
31362.47;141113.28125
31362.48;141113.28125
31362.49;141357.421875
31362.5;141113.28125
31362.51;141357.421875
31362.52;141357.421875
31362.53;141357.421875
31362.54;141357.421875
31362.55;141113.28125
31362.56;141113.28125
31362.57;141113.28125
31362.58;141113.28125
31362.59;141113.28125
31362.6;141113.28125
31362.61;146484.375
31362.62;228027.34375
31362.63;146240.234375
31362.64;142089.84375
31362.65;142578.125
31362.66;142089.84375
31362.67;141845.703125
31362.68;186279.296875
31362.69;201416.015625
31362.7;133789.0625
31362.71;144775.390625
31362.72;142089.84375
31362.73;142333.984375
31362.74;147705.078125
31362.75;229003.90625
31362.76;146484.375
31362.77;142578.125
31362.78;142822.265625
31362.79;142333.984375
31362.8;142089.84375
31362.81;141845.703125
31362.82;141845.703125
31362.83;141601.5625
31362.84;141601.5625
31362.85;141357.421875
31362.86;141357.421875
31362.87;146972.65625
31362.88;228515.625
31362.89;145996.09375
31362.9;142333.984375
31362.91;142578.125
31362.92;142089.84375
31362.93;141845.703125
31362.94;141845.703125
31362.95;141601.5625
31362.96;141357.421875
31362.97;141357.421875
31362.98;141357.421875
31362.99;141357.421875
31363.0;147216.796875
31363.01;228515.625
31363.02;146240.234375
31363.03;142089.84375
31363.04;142822.265625
31363.05;142089.84375
31363.06;142089.84375
31363.07;141845.703125
31363.08;141601.5625
31363.09;141601.5625
31363.1;141601.5625
31363.11;141357.421875
31363.12;141357.421875
31363.13;146972.65625
31363.14;228759.765625
31363.15;146240.234375
31363.16;142333.984375
31363.17;142822.265625
31363.18;142089.84375
31363.19;142089.84375
31363.2;141845.703125
31363.21;141601.5625
31363.22;141601.5625
31363.23;141357.421875
31363.24;141357.421875
31363.25;141357.421875
31363.26;147216.796875
31363.27;228515.625
31363.28;146240.234375
31363.29;142089.84375
31363.3;142578.125
31363.31;142089.84375
31363.32;142089.84375
31363.33;186523.4375
31363.34;201171.875
31363.35;133789.0625
31363.36;144775.390625
31363.37;142089.84375
31363.38;142333.984375
31363.39;147705.078125
31363.4;229003.90625
31363.41;146484.375
31363.42;142578.125
31363.43;142822.265625
31363.44;142333.984375
31363.45;142089.84375
31363.46;186523.4375
31363.47;201416.015625
31363.48;134033.203125
31363.49;145019.53125
31363.5;142089.84375
31363.51;142333.984375
31363.52;147705.078125
31363.53;229003.90625
31363.54;146484.375
31363.55;142578.125
31363.56;142822.265625
31363.57;142333.984375
31363.58;142089.84375
31363.59;186767.578125
31363.6;201416.015625
31363.61;134033.203125
31363.62;145019.53125
31363.63;142089.84375
31363.64;142333.984375
31363.65;147705.078125
31363.66;229248.046875
31363.67;146484.375
31363.68;142578.125
31363.69;143066.40625
31363.7;142333.984375
31363.71;142089.84375
31363.72;186767.578125
31363.73;201416.015625
31363.74;134033.203125
31363.75;145019.53125
31363.76;142333.984375
31363.77;142333.984375
31363.78;147705.078125
31363.79;229248.046875
31363.8;146484.375
31363.81;142578.125
31363.82;143066.40625
31363.83;142333.984375
31363.84;142089.84375
31363.85;141845.703125
31363.86;141845.703125
31363.87;141601.5625
31363.88;141601.5625
31363.89;141601.5625
31363.9;141601.5625
31363.91;147216.796875
31363.92;228759.765625
31363.93;146240.234375
31363.94;142333.984375
31363.95;142822.265625
31363.96;142089.84375
31363.97;141845.703125
31363.98;141845.703125
31363.99;141845.703125
31364.0;141601.5625
31364.01;141601.5625
31364.02;141601.5625
31364.03;141357.421875
31364.04;147216.796875
31364.05;228515.625
31364.06;146240.234375
31364.07;142089.84375
31364.08;142822.265625
31364.09;142333.984375
31364.1;142089.84375
31364.11;141845.703125
31364.12;141601.5625
31364.13;141601.5625
31364.14;141601.5625
31364.15;141357.421875
31364.16;141357.421875
31364.17;146972.65625
31364.18;228515.625
31364.19;145996.09375
31364.2;142333.984375
31364.21;142578.125
31364.22;142333.984375
31364.23;142089.84375
31364.24;141845.703125
31364.25;141845.703125
31364.26;141601.5625
31364.27;141357.421875
31364.28;141601.5625
31364.29;141357.421875
31364.3;147216.796875
31364.31;228759.765625
31364.32;146240.234375
31364.33;142333.984375
31364.34;142578.125
31364.35;142089.84375
31364.36;142089.84375
31364.37;141845.703125
31364.38;141601.5625
31364.39;141601.5625
31364.4;141601.5625
31364.41;141357.421875
31364.42;141357.421875
31364.43;146972.65625
31364.44;228515.625
31364.45;145996.09375
31364.46;142089.84375
31364.47;142578.125
31364.48;142089.84375
31364.49;141845.703125
31364.5;141601.5625
31364.51;141601.5625
31364.52;141357.421875
31364.53;141357.421875
31364.54;141357.421875
31364.55;141357.421875
31364.56;146972.65625
31364.57;228515.625
31364.58;145996.09375
31364.59;142089.84375
31364.6;142578.125
31364.61;142089.84375
31364.62;141845.703125
31364.63;141601.5625
31364.64;141601.5625
31364.65;141601.5625
31364.66;141357.421875
31364.67;141357.421875
31364.68;141357.421875
31364.69;146972.65625
31364.7;228515.625
31364.71;145996.09375
31364.72;142089.84375
31364.73;142578.125
31364.74;142089.84375
31364.75;141845.703125
31364.76;141845.703125
31364.77;141601.5625
31364.78;141601.5625
31364.79;141357.421875
31364.8;141113.28125
31364.81;141357.421875
31364.82;141357.421875
31364.83;141113.28125
31364.84;141113.28125
31364.85;141113.28125
31364.86;141113.28125
31364.87;141113.28125
31364.88;141113.28125
31364.89;141113.28125
31364.9;141113.28125
31364.91;141113.28125
31364.92;141113.28125
31364.93;141113.28125
31364.94;141113.28125
31364.95;141113.28125
31364.96;141113.28125
31364.97;141113.28125
31364.98;141113.28125
31364.99;141113.28125
31365.0;141113.28125
31365.01;141113.28125
31365.02;141113.28125
31365.03;141113.28125
31365.04;141113.28125
31365.05;141113.28125
31365.06;141113.28125
31365.07;141113.28125
31365.08;141357.421875
31365.09;141113.28125
31365.1;141113.28125
31365.11;141113.28125
31365.12;141113.28125
31365.13;141113.28125
31365.14;141357.421875
31365.15;141357.421875
31365.16;141113.28125
31365.17;141113.28125
31365.18;141113.28125
31365.19;141357.421875
31365.2;141113.28125
31365.21;141113.28125
31365.22;141357.421875
31365.23;141113.28125
31365.24;141113.28125
31365.25;141113.28125
31365.26;141113.28125
31365.27;141113.28125
31365.28;141113.28125
31365.29;141113.28125
31365.3;141113.28125
31365.31;141113.28125
31365.32;141113.28125
31365.33;141113.28125
31365.34;141113.28125
31365.35;141113.28125
31365.36;141357.421875
31365.37;141113.28125
31365.38;141113.28125
31365.39;141113.28125
31365.4;141113.28125
31365.41;141113.28125
31365.42;141113.28125
31365.43;141113.28125
31365.44;141113.28125
31365.45;141113.28125
31365.46;141357.421875
31365.47;141113.28125
31365.48;141113.28125
31365.49;141113.28125
31365.5;141357.421875
31365.51;141113.28125
31365.52;141357.421875
31365.53;141113.28125
31365.54;141357.421875
31365.55;141113.28125
31365.56;141113.28125
31365.57;141113.28125
31365.58;141113.28125
31365.59;141113.28125
31365.6;141113.28125
31365.61;141113.28125
31365.62;141113.28125
31365.63;141113.28125
31365.64;141113.28125
31365.65;141113.28125
31365.66;141113.28125
31365.67;141357.421875
31365.68;141113.28125
31365.69;141113.28125
31365.7;141113.28125
31365.71;141113.28125
31365.72;141113.28125
31365.73;141357.421875
31365.74;141113.28125
31365.75;141113.28125
31365.76;141113.28125
31365.77;141113.28125
31365.78;141113.28125
31365.79;141113.28125
31365.8;141113.28125
31365.81;141113.28125
31365.82;141113.28125
31365.83;141357.421875
31365.84;141113.28125
31365.85;141357.421875
31365.86;141113.28125
31365.87;141113.28125
31365.88;141113.28125
31365.89;141113.28125
31365.9;141113.28125
31365.91;141113.28125
31365.92;141113.28125
31365.93;141113.28125
31365.94;141113.28125
31365.95;141357.421875
31365.96;141113.28125
31365.97;141357.421875
31365.98;141113.28125
31365.99;141113.28125
31366.0;141113.28125
31366.01;141357.421875
31366.02;141113.28125
31366.03;141113.28125
31366.04;141357.421875
31366.05;141113.28125
31366.06;141113.28125
31366.07;141113.28125
31366.08;141113.28125
31366.09;141113.28125
31366.1;141113.28125
31366.11;141357.421875
31366.12;141113.28125
31366.13;141113.28125
31366.14;141113.28125
31366.15;141113.28125
31366.16;141113.28125
31366.17;141113.28125
31366.18;141113.28125
31366.19;141113.28125
31366.2;141113.28125
31366.21;141113.28125
31366.22;141113.28125
31366.23;141113.28125
31366.24;141113.28125
31366.25;141113.28125
31366.26;141113.28125
31366.27;141113.28125
31366.28;141113.28125
31366.29;141113.28125
31366.3;141113.28125
31366.31;141113.28125
31366.32;141113.28125
31366.33;141113.28125
31366.34;141113.28125
31366.35;141113.28125
31366.36;141113.28125
31366.37;141113.28125
31366.38;141113.28125
31366.39;141113.28125
31366.4;141113.28125
31366.41;141113.28125
31366.42;141113.28125
31366.43;141113.28125
31366.44;141113.28125
31366.45;141113.28125
31366.46;141113.28125
31366.47;141357.421875
31366.48;141113.28125
31366.49;141113.28125
31366.5;141113.28125
31366.51;141113.28125
31366.52;141113.28125
31366.53;141113.28125
31366.54;141113.28125
31366.55;141113.28125
31366.56;141113.28125
31366.57;141357.421875
31366.58;141113.28125
31366.59;141113.28125
31366.6;141113.28125
31366.61;141113.28125
31366.62;141113.28125
31366.63;141113.28125
31366.64;141113.28125
31366.65;141113.28125
31366.66;141113.28125
31366.67;141357.421875
31366.68;141113.28125
31366.69;141113.28125
31366.7;141113.28125
31366.71;141113.28125
31366.72;141357.421875
31366.73;141113.28125
31366.74;141113.28125
31366.75;141113.28125
31366.76;141113.28125
31366.77;141113.28125
31366.78;141113.28125
31366.79;141113.28125
31366.8;141113.28125
31366.81;141357.421875
31366.82;141113.28125
31366.83;141357.421875
31366.84;141113.28125
31366.85;141113.28125
31366.86;141113.28125
31366.87;141113.28125
31366.88;141113.28125
31366.89;141113.28125
31366.9;141357.421875
31366.91;141357.421875
31366.92;141113.28125
31366.93;141113.28125
31366.94;141113.28125
31366.95;141113.28125
31366.96;141113.28125
31366.97;141113.28125
31366.98;141113.28125
31366.99;141113.28125
31367.0;141113.28125
31367.01;141113.28125
31367.02;141113.28125
31367.03;141113.28125
31367.04;141113.28125
31367.05;141113.28125
31367.06;141357.421875
31367.07;141357.421875
31367.08;141113.28125
31367.09;141113.28125
31367.1;141357.421875
31367.11;141113.28125
31367.12;141113.28125
31367.13;141113.28125
31367.14;141113.28125
31367.15;141113.28125
31367.16;141113.28125
31367.17;141113.28125
31367.18;141357.421875
31367.19;141113.28125
31367.2;141113.28125
31367.21;141113.28125
31367.22;141113.28125
31367.23;141113.28125
31367.24;141113.28125
31367.25;141113.28125
31367.26;141113.28125
31367.27;141113.28125
31367.28;141113.28125
31367.29;141357.421875
31367.3;141113.28125
31367.31;141113.28125
31367.32;141357.421875
31367.33;141113.28125
31367.34;141113.28125
31367.35;141113.28125
31367.36;141113.28125
31367.37;141357.421875
31367.38;141113.28125
31367.39;141113.28125
31367.4;141113.28125
31367.41;141113.28125
31367.42;141113.28125
31367.43;141113.28125
31367.44;141357.421875
31367.45;141357.421875
31367.46;141357.421875
31367.47;141113.28125
31367.48;141357.421875
31367.49;141357.421875
31367.5;141113.28125
31367.51;141113.28125
31367.52;141357.421875
31367.53;141113.28125
31367.54;141113.28125
31367.55;141357.421875
31367.56;141113.28125
31367.57;141113.28125
31367.58;141357.421875
31367.59;141113.28125
31367.6;141113.28125
31367.61;141357.421875
31367.62;141113.28125
31367.63;141357.421875
31367.64;141113.28125
31367.65;141113.28125
31367.66;141357.421875
31367.67;141357.421875
31367.68;141357.421875
31367.69;141113.28125
31367.7;141113.28125
31367.71;141113.28125
31367.72;141357.421875
31367.73;141113.28125
31367.74;141113.28125
31367.75;141113.28125
31367.76;141113.28125
31367.77;141113.28125
31367.78;141113.28125
31367.79;141357.421875
31367.8;141113.28125
31367.81;141113.28125
31367.82;141113.28125
31367.83;141113.28125
31367.84;141113.28125
31367.85;141357.421875
31367.86;141357.421875
31367.87;141357.421875
31367.88;141357.421875
31367.89;141113.28125
31367.9;141357.421875
31367.91;141113.28125
31367.92;141357.421875
31367.93;141113.28125
31367.94;141357.421875
31367.95;141113.28125
31367.96;141357.421875
31367.97;141113.28125
31367.98;141357.421875
31367.99;141113.28125
31368.0;141113.28125
31368.01;141113.28125
31368.02;141357.421875
31368.03;141357.421875
31368.04;141113.28125
31368.05;141357.421875
31368.06;141357.421875
31368.07;141113.28125
31368.08;141113.28125
31368.09;141357.421875
31368.1;141113.28125
31368.11;141357.421875
31368.12;141113.28125
31368.13;141113.28125
31368.14;141357.421875
31368.15;141113.28125
31368.16;141113.28125
31368.17;141113.28125
31368.18;141357.421875
31368.19;141113.28125
31368.2;141357.421875
31368.21;141113.28125
31368.22;141357.421875
31368.23;141113.28125
31368.24;141113.28125
31368.25;141113.28125
31368.26;141113.28125
31368.27;141357.421875
31368.28;141113.28125
31368.29;141357.421875
31368.3;141113.28125
31368.31;141357.421875
31368.32;141113.28125
31368.33;141357.421875
31368.34;141113.28125
31368.35;141113.28125
31368.36;141357.421875
31368.37;141113.28125
31368.38;141113.28125
31368.39;141113.28125
31368.4;141357.421875
31368.41;141113.28125
31368.42;141113.28125
31368.43;141113.28125
31368.44;141113.28125
31368.45;141113.28125
31368.46;141113.28125
31368.47;141113.28125
31368.48;141113.28125
31368.49;141113.28125
31368.5;141113.28125
31368.51;141113.28125
31368.52;141357.421875
31368.53;141357.421875
31368.54;141113.28125
31368.55;141113.28125
31368.56;141113.28125
31368.57;141357.421875
31368.58;141113.28125
31368.59;141113.28125
31368.6;141113.28125
31368.61;141357.421875
31368.62;141113.28125
31368.63;141113.28125
31368.64;141113.28125
31368.65;141113.28125
31368.66;141113.28125
31368.67;141357.421875
31368.68;141357.421875
31368.69;141113.28125
31368.7;141113.28125
31368.71;141113.28125
31368.72;141113.28125
31368.73;141357.421875
31368.74;141113.28125
31368.75;141357.421875
31368.76;141113.28125
31368.77;141113.28125
31368.78;141357.421875
31368.79;141113.28125
31368.8;141113.28125
31368.81;141113.28125
31368.82;141113.28125
31368.83;141357.421875
31368.84;141113.28125
31368.85;141113.28125
31368.86;141113.28125
31368.87;141113.28125
31368.88;141357.421875
31368.89;141357.421875
31368.9;141113.28125
31368.91;141113.28125
31368.92;141357.421875
31368.93;141113.28125
31368.94;141357.421875
31368.95;141113.28125
31368.96;141357.421875
31368.97;141357.421875
31368.98;141357.421875
31368.99;141113.28125
31369.0;141113.28125
31369.01;141357.421875
31369.02;141113.28125
31369.03;141113.28125
31369.04;141113.28125
31369.05;141113.28125
31369.06;141357.421875
31369.07;141357.421875
31369.08;141113.28125
31369.09;141113.28125
31369.1;141113.28125
31369.11;141357.421875
31369.12;141357.421875
31369.13;141357.421875
31369.14;141357.421875
31369.15;141357.421875
31369.16;141357.421875
31369.17;141357.421875
31369.18;141357.421875
31369.19;141113.28125
31369.2;141113.28125
31369.21;141357.421875
31369.22;141357.421875
31369.23;141357.421875
31369.24;141113.28125
31369.25;141357.421875
31369.26;141113.28125
31369.27;141357.421875
31369.28;141113.28125
31369.29;141357.421875
31369.3;141357.421875
31369.31;141113.28125
31369.32;141357.421875
31369.33;141357.421875
31369.34;141113.28125
31369.35;141357.421875
31369.36;141357.421875
31369.37;141357.421875
31369.38;141357.421875
31369.39;141113.28125
31369.4;141113.28125
31369.41;141357.421875
31369.42;141357.421875
31369.43;141357.421875
31369.44;141357.421875
31369.45;141357.421875
31369.46;141113.28125
31369.47;141357.421875
31369.48;141357.421875
31369.49;141357.421875
31369.5;141357.421875
31369.51;141357.421875
31369.52;141357.421875
31369.53;141357.421875
31369.54;141357.421875
31369.55;141357.421875
31369.56;141357.421875
31369.57;141357.421875
31369.58;141357.421875
31369.59;141357.421875
31369.6;141357.421875
31369.61;141357.421875
31369.62;141357.421875
31369.63;141357.421875
31369.64;141357.421875
31369.65;141357.421875
31369.66;141357.421875
31369.67;141357.421875
31369.68;141357.421875
31369.69;141357.421875
31369.7;141357.421875
31369.71;141357.421875
31369.72;141357.421875
31369.73;141357.421875
31369.74;141357.421875
31369.75;141357.421875
31369.76;141357.421875
31369.77;141357.421875
31369.78;141357.421875
31369.79;141357.421875
31369.8;141357.421875
31369.81;141357.421875
31369.82;141357.421875
31369.83;141357.421875
31369.84;141357.421875
31369.85;141357.421875
31369.86;141357.421875
31369.87;141357.421875
31369.88;141357.421875
31369.89;141357.421875
31369.9;141357.421875
31369.91;141357.421875
31369.92;141357.421875
31369.93;141357.421875
31369.94;141357.421875
31369.95;141357.421875
31369.96;141357.421875
31369.97;141357.421875
31369.98;141357.421875
31369.99;141357.421875
31370.0;141357.421875
31370.01;141357.421875
31370.02;141357.421875
31370.03;141357.421875
31370.04;141357.421875
31370.05;141357.421875
31370.06;141357.421875
31370.07;141357.421875
31370.08;141357.421875
31370.09;141357.421875
31370.1;141357.421875
31370.11;141357.421875
31370.12;141357.421875
31370.13;141357.421875
31370.14;141357.421875
31370.15;141357.421875
31370.16;141357.421875
31370.17;141357.421875
31370.18;141357.421875
31370.19;141357.421875
31370.2;141357.421875
31370.21;141357.421875
31370.22;141357.421875
31370.23;141357.421875
31370.24;141357.421875
31370.25;141357.421875
31370.26;141357.421875
31370.27;141357.421875
31370.28;141357.421875
31370.29;141357.421875
31370.3;141357.421875
31370.31;141357.421875
31370.32;141357.421875
31370.33;141357.421875
31370.34;141357.421875
31370.35;141357.421875
31370.36;141357.421875
31370.37;141357.421875
31370.38;141357.421875
31370.39;141357.421875
31370.4;141601.5625
31370.41;141357.421875
31370.42;141357.421875
31370.43;141601.5625
31370.44;141357.421875
31370.45;141357.421875
31370.46;141601.5625
31370.47;141357.421875
31370.48;141601.5625
31370.49;141357.421875
31370.5;141357.421875
31370.51;141357.421875
31370.52;141357.421875
31370.53;141357.421875
31370.54;141357.421875
31370.55;141357.421875
31370.56;141357.421875
31370.57;141357.421875
31370.58;141357.421875
31370.59;141357.421875
31370.6;141357.421875
31370.61;141357.421875
31370.62;141601.5625
31370.63;141357.421875
31370.64;141357.421875
31370.65;141357.421875
31370.66;141357.421875
31370.67;141601.5625
31370.68;141357.421875
31370.69;141601.5625
31370.7;141357.421875
31370.71;141357.421875
31370.72;141357.421875
31370.73;141601.5625
31370.74;141357.421875
31370.75;141357.421875
31370.76;141357.421875
31370.77;141357.421875
31370.78;141357.421875
31370.79;141357.421875
31370.8;141601.5625
31370.81;141357.421875
31370.82;141357.421875
31370.83;141601.5625
31370.84;141601.5625
31370.85;141357.421875
31370.86;141601.5625
31370.87;141357.421875
31370.88;141357.421875
31370.89;141357.421875
31370.9;141601.5625
31370.91;141601.5625
31370.92;141601.5625
31370.93;141357.421875
31370.94;141357.421875
31370.95;141357.421875
31370.96;141357.421875
31370.97;141601.5625
31370.98;141601.5625
31370.99;141357.421875
31371.0;141601.5625
31371.01;141601.5625
31371.02;141357.421875
31371.03;141601.5625
31371.04;141357.421875
31371.05;141357.421875
31371.06;141601.5625
31371.07;141357.421875
31371.08;141357.421875
31371.09;141601.5625
31371.1;141601.5625
31371.11;141357.421875
31371.12;141601.5625
31371.13;141601.5625
31371.14;141357.421875
31371.15;141601.5625
31371.16;141601.5625
31371.17;141601.5625
31371.18;141357.421875
31371.19;141601.5625
31371.2;141601.5625
31371.21;141601.5625
31371.22;141601.5625
31371.23;141601.5625
31371.24;141357.421875
31371.25;141357.421875
31371.26;141601.5625
31371.27;141601.5625
31371.28;141601.5625
31371.29;141601.5625
31371.3;141601.5625
31371.31;141601.5625
31371.32;141601.5625
31371.33;141601.5625
31371.34;141601.5625
31371.35;141601.5625
31371.36;141601.5625
31371.37;141601.5625
31371.38;141357.421875
31371.39;141601.5625
31371.4;141357.421875
31371.41;141601.5625
31371.42;141601.5625
31371.43;141601.5625
31371.44;141601.5625
31371.45;141601.5625
31371.46;141601.5625
31371.47;141601.5625
31371.48;141601.5625
31371.49;141601.5625
31371.5;141601.5625
31371.51;141601.5625
31371.52;141601.5625
31371.53;141601.5625
31371.54;141601.5625
31371.55;141601.5625
31371.56;141601.5625
31371.57;141601.5625
31371.58;141601.5625
31371.59;141601.5625
31371.6;141601.5625
31371.61;141601.5625
31371.62;141601.5625
31371.63;141601.5625
31371.64;141601.5625
31371.65;141601.5625
31371.66;141845.703125
31371.67;141601.5625
31371.68;141601.5625
31371.69;141601.5625
31371.7;141601.5625
31371.71;141601.5625
31371.72;141601.5625
31371.73;141601.5625
31371.74;141601.5625
31371.75;141601.5625
31371.76;141601.5625
31371.77;141601.5625
31371.78;141601.5625
31371.79;141601.5625
31371.8;141601.5625
31371.81;141601.5625
31371.82;141601.5625
31371.83;141601.5625
31371.84;141601.5625
31371.85;141601.5625
31371.86;141601.5625
31371.87;141601.5625
31371.88;141601.5625
31371.89;141601.5625
31371.9;141601.5625
31371.91;141601.5625
31371.92;141601.5625
31371.93;141601.5625
31371.94;141601.5625
31371.95;141601.5625
31371.96;141601.5625
31371.97;141601.5625
31371.98;141601.5625
31371.99;141601.5625
31372.0;141601.5625
31372.01;141601.5625
31372.02;141601.5625
31372.03;141601.5625
31372.04;141601.5625
31372.05;141601.5625
31372.06;141601.5625
31372.07;141601.5625
31372.08;141601.5625
31372.09;141601.5625
31372.1;141601.5625
31372.11;141601.5625
31372.12;141845.703125
31372.13;141601.5625
31372.14;141601.5625
31372.15;141601.5625
31372.16;141601.5625
31372.17;141601.5625
31372.18;141601.5625
31372.19;141601.5625
31372.2;141845.703125
31372.21;141601.5625
31372.22;141601.5625
31372.23;141601.5625
31372.24;141601.5625
31372.25;141601.5625
31372.26;141601.5625
31372.27;141601.5625
31372.28;141601.5625
31372.29;141601.5625
31372.3;141601.5625
31372.31;141601.5625
31372.32;141601.5625
31372.33;141601.5625
31372.34;141601.5625
31372.35;141601.5625
31372.36;141601.5625
31372.37;141601.5625
31372.38;141601.5625
31372.39;141601.5625
31372.4;141845.703125
31372.41;141601.5625
31372.42;141601.5625
31372.43;141601.5625
31372.44;141601.5625
31372.45;141601.5625
31372.46;141601.5625
31372.47;141601.5625
31372.48;141601.5625
31372.49;141601.5625
31372.5;141601.5625
31372.51;141601.5625
31372.52;141601.5625
31372.53;141601.5625
31372.54;141601.5625
31372.55;141601.5625
31372.56;141601.5625
31372.57;141601.5625
31372.58;141601.5625
31372.59;141601.5625
31372.6;141601.5625
31372.61;141601.5625
31372.62;141601.5625
31372.63;141601.5625
31372.64;141601.5625
31372.65;141601.5625
31372.66;141601.5625
31372.67;141601.5625
31372.68;141601.5625
31372.69;141601.5625
31372.7;141601.5625
31372.71;141601.5625
31372.72;141601.5625
31372.73;141601.5625
31372.74;141601.5625
31372.75;141601.5625
31372.76;141601.5625
31372.77;141601.5625
31372.78;141601.5625
31372.79;141601.5625
31372.8;141601.5625
31372.81;141601.5625
31372.82;141601.5625
31372.83;141601.5625
31372.84;141601.5625
31372.85;141601.5625
31372.86;141601.5625
31372.87;141601.5625
31372.88;141601.5625
31372.89;141601.5625
31372.9;141601.5625
31372.91;141601.5625
31372.92;141601.5625
31372.93;141601.5625
31372.94;141601.5625
31372.95;141601.5625
31372.96;141601.5625
31372.97;141601.5625
31372.98;141601.5625
31372.99;141601.5625
31373.0;141601.5625
31373.01;141601.5625
31373.02;141601.5625
31373.03;141601.5625
31373.04;141601.5625
31373.05;141601.5625
31373.06;141601.5625
31373.07;141601.5625
31373.08;141601.5625
31373.09;141601.5625
31373.1;141601.5625
31373.11;141601.5625
31373.12;141601.5625
31373.13;141601.5625
31373.14;141601.5625
31373.15;141601.5625
31373.16;141601.5625
31373.17;141601.5625
31373.18;141601.5625
31373.19;141601.5625
31373.2;141601.5625
31373.21;141601.5625
31373.22;141601.5625
31373.23;141601.5625
31373.24;141601.5625
31373.25;141601.5625
31373.26;141601.5625
31373.27;141601.5625
31373.28;141601.5625
31373.29;141601.5625
31373.3;141601.5625
31373.31;141601.5625
31373.32;141601.5625
31373.33;141601.5625
31373.34;141601.5625
31373.35;141601.5625
31373.36;141601.5625
31373.37;141601.5625
31373.38;141601.5625
31373.39;141601.5625
31373.4;141601.5625
31373.41;141601.5625
31373.42;141601.5625
31373.43;141601.5625
31373.44;141601.5625
31373.45;141601.5625
31373.46;141601.5625
31373.47;141601.5625
31373.48;141601.5625
31373.49;141601.5625
31373.5;141601.5625
31373.51;141601.5625
31373.52;141601.5625
31373.53;141601.5625
31373.54;141601.5625
31373.55;141845.703125
31373.56;141601.5625
31373.57;141601.5625
31373.58;141601.5625
31373.59;141601.5625
31373.6;141601.5625
31373.61;141601.5625
31373.62;141601.5625
31373.63;141601.5625
31373.64;141601.5625
31373.65;141601.5625
31373.66;141601.5625
31373.67;141601.5625
31373.68;141601.5625
31373.69;141601.5625
31373.7;141601.5625
31373.71;141601.5625
31373.72;141601.5625
31373.73;141601.5625
31373.74;141601.5625
31373.75;141601.5625
31373.76;141601.5625
31373.77;141601.5625
31373.78;141601.5625
31373.79;141601.5625
31373.8;141601.5625
31373.81;141601.5625
31373.82;141601.5625
31373.83;141601.5625
31373.84;141601.5625
31373.85;141601.5625
31373.86;141601.5625
31373.87;141601.5625
31373.88;141601.5625
31373.89;141601.5625
31373.9;141601.5625
31373.91;141601.5625
31373.92;141601.5625
31373.93;141601.5625
31373.94;141601.5625
31373.95;141601.5625
31373.96;141601.5625
31373.97;141601.5625
31373.98;141601.5625
31373.99;141601.5625
31374.0;141601.5625
31374.01;141601.5625
31374.02;141601.5625
31374.03;141601.5625
31374.04;141601.5625
31374.05;141601.5625
31374.06;141601.5625
31374.07;141601.5625
31374.08;141601.5625
31374.09;141601.5625
31374.1;141601.5625
31374.11;141601.5625
31374.12;141601.5625
31374.13;141601.5625
31374.14;141601.5625
31374.15;141601.5625
31374.16;141601.5625
31374.17;141601.5625
31374.18;141601.5625
31374.19;141601.5625
31374.2;141601.5625
31374.21;141601.5625
31374.22;141601.5625
31374.23;141601.5625
31374.24;141601.5625
31374.25;141601.5625
31374.26;141601.5625
31374.27;141601.5625
31374.28;141601.5625
31374.29;141601.5625
31374.3;141601.5625
31374.31;141601.5625
31374.32;141601.5625
31374.33;141601.5625
31374.34;141601.5625
31374.35;141601.5625
31374.36;141601.5625
31374.37;141601.5625
31374.38;141601.5625
31374.39;141601.5625
31374.4;141601.5625
31374.41;141601.5625
31374.42;141601.5625
31374.43;141601.5625
31374.44;141601.5625
31374.45;141601.5625
31374.46;141601.5625
31374.47;141601.5625
31374.48;141601.5625
31374.49;141601.5625
31374.5;141601.5625
31374.51;141601.5625
31374.52;141601.5625
31374.53;141601.5625
31374.54;141601.5625
31374.55;141601.5625
31374.56;141601.5625
31374.57;141601.5625
31374.58;141601.5625
31374.59;141601.5625
31374.6;141601.5625
31374.61;141601.5625
31374.62;141601.5625
31374.63;141601.5625
31374.64;141601.5625
31374.65;141601.5625
31374.66;141601.5625
31374.67;141601.5625
31374.68;141601.5625
31374.69;141601.5625
31374.7;141601.5625
31374.71;141601.5625
31374.72;141601.5625
31374.73;141357.421875
31374.74;141601.5625
31374.75;141601.5625
31374.76;141601.5625
31374.77;141601.5625
31374.78;141601.5625
31374.79;141601.5625
31374.8;141601.5625
31374.81;141601.5625
31374.82;141601.5625
31374.83;141601.5625
31374.84;141601.5625
31374.85;141601.5625
31374.86;141601.5625
31374.87;141601.5625
31374.88;141601.5625
31374.89;141601.5625
31374.9;141601.5625
31374.91;141601.5625
31374.92;141601.5625
31374.93;141601.5625
31374.94;141601.5625
31374.95;141601.5625
31374.96;141601.5625
31374.97;141601.5625
31374.98;141601.5625
31374.99;141601.5625
31375.0;141601.5625
31375.01;141601.5625
31375.02;141357.421875
31375.03;141601.5625
31375.04;141601.5625
31375.05;141601.5625
31375.06;141601.5625
31375.07;141601.5625
31375.08;141601.5625
31375.09;141601.5625
31375.1;141601.5625
31375.11;141601.5625
31375.12;141601.5625
31375.13;141601.5625
31375.14;141601.5625
31375.15;141601.5625
31375.16;141601.5625
31375.17;141601.5625
31375.18;141601.5625
31375.19;141601.5625
31375.2;141601.5625
31375.21;141601.5625
31375.22;141601.5625
31375.23;141601.5625
31375.24;141601.5625
31375.25;141601.5625
31375.26;141601.5625
31375.27;141601.5625
31375.28;141601.5625
31375.29;141601.5625
31375.3;141601.5625
31375.31;141601.5625
31375.32;141601.5625
31375.33;141601.5625
31375.34;141601.5625
31375.35;141601.5625
31375.36;141601.5625
31375.37;141601.5625
31375.38;141601.5625
31375.39;141601.5625
31375.4;141601.5625
31375.41;141601.5625
31375.42;141601.5625
31375.43;141601.5625
31375.44;141601.5625
31375.45;141601.5625
31375.46;141601.5625
31375.47;141601.5625
31375.48;141601.5625
31375.49;141601.5625
31375.5;141601.5625
31375.51;141601.5625
31375.52;141601.5625
31375.53;141601.5625
31375.54;141601.5625
31375.55;141601.5625
31375.56;141601.5625
31375.57;141601.5625
31375.58;141601.5625
31375.59;141601.5625
31375.6;141601.5625
31375.61;141601.5625
31375.62;141601.5625
31375.63;141601.5625
31375.64;141601.5625
31375.65;141601.5625
31375.66;141601.5625
31375.67;141601.5625
31375.68;141601.5625
31375.69;141601.5625
31375.7;141601.5625
31375.71;141601.5625
31375.72;141601.5625
31375.73;141601.5625
31375.74;141601.5625
31375.75;141601.5625
31375.76;141601.5625
31375.77;141601.5625
31375.78;141601.5625
31375.79;141601.5625
31375.8;141601.5625
31375.81;141601.5625
31375.82;141601.5625
31375.83;141601.5625
31375.84;141601.5625
31375.85;141601.5625
31375.86;141601.5625
31375.87;141601.5625
31375.88;141601.5625
31375.89;141601.5625
31375.9;141601.5625
31375.91;141601.5625
31375.92;141601.5625
31375.93;141601.5625
31375.94;141601.5625
31375.95;141601.5625
31375.96;141601.5625
31375.97;141601.5625
31375.98;141601.5625
31375.99;141601.5625
31376.0;141601.5625
31376.01;141601.5625
31376.02;141601.5625
31376.03;141601.5625
31376.04;141601.5625
31376.05;141601.5625
31376.06;141601.5625
31376.07;141601.5625
31376.08;141601.5625
31376.09;141601.5625
31376.1;141601.5625
31376.11;141601.5625
31376.12;141601.5625
31376.13;141601.5625
31376.14;141601.5625
31376.15;141601.5625
31376.16;141601.5625
31376.17;141601.5625
31376.18;141601.5625
31376.19;141601.5625
31376.2;141601.5625
31376.21;141601.5625
31376.22;141601.5625
31376.23;141601.5625
31376.24;141601.5625
31376.25;141601.5625
31376.26;141601.5625
31376.27;141601.5625
31376.28;141601.5625
31376.29;141601.5625
31376.3;141601.5625
31376.31;141601.5625
31376.32;141601.5625
31376.33;141601.5625
31376.34;141601.5625
31376.35;141601.5625
31376.36;141601.5625
31376.37;141601.5625
31376.38;141601.5625
31376.39;141601.5625
31376.4;141601.5625
31376.41;141357.421875
31376.42;141601.5625
31376.43;141601.5625
31376.44;141601.5625
31376.45;141601.5625
31376.46;141357.421875
31376.47;141601.5625
31376.48;141601.5625
31376.49;141601.5625
31376.5;141601.5625
31376.51;141601.5625
31376.52;141601.5625
31376.53;141601.5625
31376.54;141601.5625
31376.55;141357.421875
31376.56;141601.5625
31376.57;141601.5625
31376.58;141601.5625
31376.59;141601.5625
31376.6;141601.5625
31376.61;141601.5625
31376.62;141601.5625
31376.63;141601.5625
31376.64;141601.5625
31376.65;141601.5625
31376.66;141601.5625
31376.67;141601.5625
31376.68;141601.5625
31376.69;141601.5625
31376.7;141601.5625
31376.71;141601.5625
31376.72;141601.5625
31376.73;141601.5625
31376.74;141357.421875
31376.75;141601.5625
31376.76;141601.5625
31376.77;141601.5625
31376.78;141601.5625
31376.79;141601.5625
31376.8;141601.5625
31376.81;141601.5625
31376.82;141601.5625
31376.83;141601.5625
31376.84;141601.5625
31376.85;141601.5625
31376.86;141601.5625
31376.87;141601.5625
31376.88;141601.5625
31376.89;141601.5625
31376.9;141601.5625
31376.91;141601.5625
31376.92;141601.5625
31376.93;141601.5625
31376.94;141601.5625
31376.95;141601.5625
31376.96;141601.5625
31376.97;141601.5625
31376.98;141601.5625
31376.99;141601.5625
31377.0;141601.5625
31377.01;141601.5625
31377.02;141601.5625
31377.03;141601.5625
31377.04;141601.5625
31377.05;141601.5625
31377.06;141601.5625
31377.07;141601.5625
31377.08;141601.5625
31377.09;141601.5625
31377.1;141357.421875
31377.11;141601.5625
31377.12;141601.5625
31377.13;141357.421875
31377.14;141601.5625
31377.15;141601.5625
31377.16;141601.5625
31377.17;141601.5625
31377.18;141601.5625
31377.19;141601.5625
31377.2;141601.5625
31377.21;141601.5625
31377.22;141601.5625
31377.23;141601.5625
31377.24;141601.5625
31377.25;141601.5625
31377.26;141601.5625
31377.27;141601.5625
31377.28;141601.5625
31377.29;141601.5625
31377.3;141601.5625
31377.31;141601.5625
31377.32;141601.5625
31377.33;141601.5625
31377.34;141601.5625
31377.35;141601.5625
31377.36;141601.5625
31377.37;141601.5625
31377.38;141601.5625
31377.39;141601.5625
31377.4;141357.421875
31377.41;141601.5625
31377.42;141601.5625
31377.43;141601.5625
31377.44;141601.5625
31377.45;141601.5625
31377.46;141601.5625
31377.47;141601.5625
31377.48;141601.5625
31377.49;141601.5625
31377.5;141601.5625
31377.51;141601.5625
31377.52;141601.5625
31377.53;141357.421875
31377.54;141601.5625
31377.55;141601.5625
31377.56;141601.5625
31377.57;141601.5625
31377.58;141601.5625
31377.59;141601.5625
31377.6;141601.5625
31377.61;141601.5625
31377.62;141601.5625
31377.63;141601.5625
31377.64;141601.5625
31377.65;141601.5625
31377.66;141601.5625
31377.67;141601.5625
31377.68;141601.5625
31377.69;141601.5625
31377.7;141601.5625
31377.71;141601.5625
31377.72;141601.5625
31377.73;141601.5625
31377.74;141601.5625
31377.75;141601.5625
31377.76;141601.5625
31377.77;141601.5625
31377.78;141601.5625
31377.79;141601.5625
31377.8;141601.5625
31377.81;141601.5625
31377.82;141357.421875
31377.83;141601.5625
31377.84;141601.5625
31377.85;141601.5625
31377.86;141601.5625
31377.87;141601.5625
31377.88;141601.5625
31377.89;141601.5625
31377.9;141601.5625
31377.91;141601.5625
31377.92;141601.5625
31377.93;141601.5625
31377.94;141601.5625
31377.95;141601.5625
31377.96;141601.5625
31377.97;141601.5625
31377.98;141601.5625
31377.99;141601.5625
31378.0;141601.5625
31378.01;141601.5625
31378.02;141601.5625
31378.03;141357.421875
31378.04;141601.5625
31378.05;141601.5625
31378.06;141601.5625
31378.07;141601.5625
31378.08;141601.5625
31378.09;141601.5625
31378.1;141601.5625
31378.11;141601.5625
31378.12;141601.5625
31378.13;141601.5625
31378.14;141601.5625
31378.15;141601.5625
31378.16;141357.421875
31378.17;141601.5625
31378.18;141601.5625
31378.19;141601.5625
31378.2;141601.5625
31378.21;141601.5625
31378.22;141601.5625
31378.23;141601.5625
31378.24;141601.5625
31378.25;141357.421875
31378.26;141357.421875
31378.27;141357.421875
31378.28;141601.5625
31378.29;141357.421875
31378.3;141601.5625
31378.31;141357.421875
31378.32;141601.5625
31378.33;141357.421875
31378.34;141601.5625
31378.35;141357.421875
31378.36;141357.421875
31378.37;141601.5625
31378.38;141601.5625
31378.39;141601.5625
31378.4;141357.421875
31378.41;141357.421875
31378.42;141357.421875
31378.43;141601.5625
31378.44;141601.5625
31378.45;141357.421875
31378.46;141357.421875
31378.47;141357.421875
31378.48;141357.421875
31378.49;141601.5625
31378.5;141357.421875
31378.51;141357.421875
31378.52;141357.421875
31378.53;141357.421875
31378.54;141357.421875
31378.55;141357.421875
31378.56;141357.421875
31378.57;141357.421875
31378.58;141601.5625
31378.59;141357.421875
31378.6;141357.421875
31378.61;141357.421875
31378.62;141357.421875
31378.63;141357.421875
31378.64;141357.421875
31378.65;141357.421875
31378.66;141357.421875
31378.67;141357.421875
31378.68;141357.421875
31378.69;141357.421875
31378.7;141357.421875
31378.71;141357.421875
31378.72;141357.421875
31378.73;141357.421875
31378.74;141357.421875
31378.75;141357.421875
31378.76;141357.421875
31378.77;141357.421875
31378.78;141357.421875
31378.79;141357.421875
31378.8;141357.421875
31378.81;141357.421875
31378.82;141357.421875
31378.83;141357.421875
31378.84;141357.421875
31378.85;141357.421875
31378.86;141357.421875
31378.87;141357.421875
31378.88;141357.421875
31378.89;141357.421875
31378.9;141357.421875
31378.91;141357.421875
31378.92;141357.421875
31378.93;141357.421875
31378.94;141357.421875
31378.95;141357.421875
31378.96;141357.421875
31378.97;141357.421875
31378.98;141357.421875
31378.99;141357.421875
31379.0;141357.421875
31379.01;141357.421875
31379.02;141357.421875
31379.03;141357.421875
31379.04;141357.421875
31379.05;141357.421875
31379.06;141357.421875
31379.07;141357.421875
31379.08;141357.421875
31379.09;141357.421875
31379.1;141357.421875
31379.11;141357.421875
31379.12;141357.421875
31379.13;141357.421875
31379.14;141357.421875
31379.15;141357.421875
31379.16;141357.421875
31379.17;141357.421875
31379.18;141357.421875
31379.19;141357.421875
31379.2;141357.421875
31379.21;141357.421875
31379.22;141357.421875
31379.23;141357.421875
31379.24;141357.421875
31379.25;141113.28125
31379.26;141357.421875
31379.27;141357.421875
31379.28;141357.421875
31379.29;141357.421875
31379.3;141357.421875
31379.31;141357.421875
31379.32;141357.421875
31379.33;141357.421875
31379.34;141357.421875
31379.35;141357.421875
31379.36;141357.421875
31379.37;141357.421875
31379.38;141357.421875
31379.39;141357.421875
31379.4;141357.421875
31379.41;141357.421875
31379.42;141357.421875
31379.43;141357.421875
31379.44;141357.421875
31379.45;141357.421875
31379.46;141357.421875
31379.47;141357.421875
31379.48;141357.421875
31379.49;141357.421875
31379.5;141357.421875
31379.51;141357.421875
31379.52;141357.421875
31379.53;141357.421875
31379.54;141357.421875
31379.55;141357.421875
31379.56;141113.28125
31379.57;141357.421875
31379.58;141357.421875
31379.59;141357.421875
31379.6;141357.421875
31379.61;141357.421875
31379.62;141357.421875
31379.63;141357.421875
31379.64;141357.421875
31379.65;141357.421875
31379.66;141357.421875
31379.67;141357.421875
31379.68;141357.421875
31379.69;141357.421875
31379.7;141357.421875
31379.71;141357.421875
31379.72;141357.421875
31379.73;141357.421875
31379.74;141357.421875
31379.75;141357.421875
31379.76;141357.421875
31379.77;141357.421875
31379.78;141357.421875
31379.79;141357.421875
31379.8;141357.421875
31379.81;141357.421875
31379.82;141357.421875
31379.83;141357.421875
31379.84;141357.421875
31379.85;141113.28125
31379.86;141357.421875
31379.87;141357.421875
31379.88;141357.421875
31379.89;141357.421875
31379.9;141357.421875
31379.91;141113.28125
31379.92;141357.421875
31379.93;141357.421875
31379.94;141357.421875
31379.95;141357.421875
31379.96;141357.421875
31379.97;141357.421875
31379.98;141357.421875
31379.99;141113.28125
31380.0;141357.421875
31380.01;141357.421875
31380.02;141357.421875
31380.03;141113.28125
31380.04;141357.421875
31380.05;141357.421875
31380.06;141357.421875
31380.07;141113.28125
31380.08;141357.421875
31380.09;141113.28125
31380.1;141357.421875
31380.11;141357.421875
31380.12;141357.421875
31380.13;141113.28125
31380.14;141357.421875
31380.15;141357.421875
31380.16;141357.421875
31380.17;141357.421875
31380.18;141357.421875
31380.19;141357.421875
31380.2;141113.28125
31380.21;141357.421875
31380.22;141357.421875
31380.23;141357.421875
31380.24;141357.421875
31380.25;141357.421875
31380.26;141357.421875
31380.27;141357.421875
31380.28;141357.421875
31380.29;141357.421875
31380.3;141113.28125
31380.31;141357.421875
31380.32;141357.421875
31380.33;141113.28125
31380.34;141357.421875
31380.35;141357.421875
31380.36;141357.421875
31380.37;141357.421875
31380.38;141113.28125
31380.39;141357.421875
31380.4;141357.421875
31380.41;141113.28125
31380.42;141113.28125
31380.43;141113.28125
31380.44;141113.28125
31380.45;141113.28125
31380.46;141113.28125
31380.47;141113.28125
31380.48;141113.28125
31380.49;141113.28125
31380.5;141113.28125
31380.51;141113.28125
31380.52;141113.28125
31380.53;141113.28125
31380.54;141113.28125
31380.55;141113.28125
31380.56;141113.28125
31380.57;141113.28125
31380.58;141113.28125
31380.59;141113.28125
31380.6;141113.28125
31380.61;147216.796875
31380.62;228027.34375
31380.63;145019.53125
31380.64;142333.984375
31380.65;142578.125
31380.66;141845.703125
31380.67;141845.703125
31380.68;187988.28125
31380.69;199218.75
31380.7;134033.203125
31380.71;144531.25
31380.72;142089.84375
31380.73;142089.84375
31380.74;148437.5
31380.75;229248.046875
31380.76;145263.671875
31380.77;142578.125
31380.78;142822.265625
31380.79;142333.984375
31380.8;142089.84375
31380.81;141845.703125
31380.82;141601.5625
31380.83;141601.5625
31380.84;141357.421875
31380.85;141357.421875
31380.86;141357.421875
31380.87;147705.078125
31380.88;229003.90625
31380.89;145019.53125
31380.9;142333.984375
31380.91;142578.125
31380.92;142089.84375
31380.93;141845.703125
31380.94;141845.703125
31380.95;141601.5625
31380.96;141357.421875
31380.97;141357.421875
31380.98;141357.421875
31380.99;141357.421875
31381.0;147705.078125
31381.01;229003.90625
31381.02;145019.53125
31381.03;142333.984375
31381.04;142578.125
31381.05;142089.84375
31381.06;141845.703125
31381.07;141601.5625
31381.08;141601.5625
31381.09;141601.5625
31381.1;141357.421875
31381.11;141357.421875
31381.12;141357.421875
31381.13;147705.078125
31381.14;228759.765625
31381.15;145019.53125
31381.16;142333.984375
31381.17;142578.125
31381.18;142089.84375
31381.19;141845.703125
31381.2;141601.5625
31381.21;141601.5625
31381.22;141357.421875
31381.23;141357.421875
31381.24;141357.421875
31381.25;141357.421875
31381.26;147705.078125
31381.27;228759.765625
31381.28;145019.53125
31381.29;142333.984375
31381.3;142578.125
31381.31;142089.84375
31381.32;142089.84375
31381.33;188232.421875
31381.34;199218.75
31381.35;134033.203125
31381.36;144775.390625
31381.37;142089.84375
31381.38;142089.84375
31381.39;148437.5
31381.4;229248.046875
31381.41;145263.671875
31381.42;142578.125
31381.43;142822.265625
31381.44;142333.984375
31381.45;142089.84375
31381.46;188232.421875
31381.47;199218.75
31381.48;134033.203125
31381.49;144775.390625
31381.5;142089.84375
31381.51;142333.984375
31381.52;148437.5
31381.53;229248.046875
31381.54;145263.671875
31381.55;142578.125
31381.56;142822.265625
31381.57;142333.984375
31381.58;142089.84375
31381.59;188232.421875
31381.6;199462.890625
31381.61;134033.203125
31381.62;144775.390625
31381.63;142089.84375
31381.64;142333.984375
31381.65;148437.5
31381.66;229248.046875
31381.67;145263.671875
31381.68;142822.265625
31381.69;142822.265625
31381.7;142333.984375
31381.71;142089.84375
31381.72;188232.421875
31381.73;199462.890625
31381.74;134033.203125
31381.75;144775.390625
31381.76;142089.84375
31381.77;142333.984375
31381.78;148437.5
31381.79;229248.046875
31381.8;145263.671875
31381.81;142822.265625
31381.82;142822.265625
31381.83;142333.984375
31381.84;142089.84375
31381.85;141845.703125
31381.86;141845.703125
31381.87;141601.5625
31381.88;141601.5625
31381.89;141357.421875
31381.9;141357.421875
31381.91;147705.078125
31381.92;229003.90625
31381.93;144775.390625
31381.94;142333.984375
31381.95;142578.125
31381.96;142089.84375
31381.97;142089.84375
31381.98;141845.703125
31381.99;141601.5625
31382.0;141601.5625
31382.01;141357.421875
31382.02;141357.421875
31382.03;141357.421875
31382.04;147705.078125
31382.05;228759.765625
31382.06;145019.53125
31382.07;142333.984375
31382.08;142578.125
31382.09;142089.84375
31382.1;141845.703125
31382.11;141845.703125
31382.12;141601.5625
31382.13;141601.5625
31382.14;141357.421875
31382.15;141357.421875
31382.16;141357.421875
31382.17;147705.078125
31382.18;228759.765625
31382.19;145019.53125
31382.2;142578.125
31382.21;142578.125
31382.22;142089.84375
31382.23;141845.703125
31382.24;141601.5625
31382.25;141601.5625
31382.26;141357.421875
31382.27;141357.421875
31382.28;141357.421875
31382.29;141357.421875
31382.3;147949.21875
31382.31;228759.765625
31382.32;145019.53125
31382.33;142333.984375
31382.34;142578.125
31382.35;142089.84375
31382.36;142089.84375
31382.37;141601.5625
31382.38;141601.5625
31382.39;141601.5625
31382.4;141357.421875
31382.41;141357.421875
31382.42;141357.421875
31382.43;147705.078125
31382.44;228759.765625
31382.45;144775.390625
31382.46;142578.125
31382.47;142578.125
31382.48;142089.84375
31382.49;141845.703125
31382.5;141601.5625
31382.51;141601.5625
31382.52;141357.421875
31382.53;141357.421875
31382.54;141357.421875
31382.55;141357.421875
31382.56;147705.078125
31382.57;229003.90625
31382.58;144775.390625
31382.59;142333.984375
31382.6;142578.125
31382.61;142089.84375
31382.62;141845.703125
31382.63;141845.703125
31382.64;141601.5625
31382.65;141357.421875
31382.66;141357.421875
31382.67;141357.421875
31382.68;141357.421875
31382.69;147705.078125
31382.7;229003.90625
31382.71;144775.390625
31382.72;142578.125
31382.73;142578.125
31382.74;142089.84375
31382.75;141845.703125
31382.76;141601.5625
31382.77;141601.5625
31382.78;141601.5625
31382.79;141357.421875
31382.8;141357.421875
31382.81;141357.421875
31382.82;141357.421875
31382.83;141357.421875
31382.84;141357.421875
31382.85;141357.421875
31382.86;141357.421875
31382.87;141113.28125
31382.88;141113.28125
31382.89;141357.421875
31382.9;141113.28125
31382.91;141113.28125
31382.92;141113.28125
31382.93;141113.28125
31382.94;141113.28125
31382.95;141113.28125
31382.96;141113.28125
31382.97;141113.28125
31382.98;141113.28125
31382.99;141113.28125
31383.0;141113.28125
31383.01;141113.28125
31383.02;141113.28125
31383.03;141357.421875
31383.04;141113.28125
31383.05;141113.28125
31383.06;141113.28125
31383.07;141113.28125
31383.08;141113.28125
31383.09;141113.28125
31383.1;141113.28125
31383.11;141113.28125
31383.12;141113.28125
31383.13;141113.28125
31383.14;141113.28125
31383.15;141113.28125
31383.16;141113.28125
31383.17;141113.28125
31383.18;141113.28125
31383.19;141113.28125
31383.2;141113.28125
31383.21;141113.28125
31383.22;141113.28125
31383.23;141357.421875
31383.24;141113.28125
31383.25;141113.28125
31383.26;141113.28125
31383.27;141357.421875
31383.28;141113.28125
31383.29;141113.28125
31383.3;141113.28125
31383.31;141357.421875
31383.32;141113.28125
31383.33;141113.28125
31383.34;141113.28125
31383.35;141113.28125
31383.36;141113.28125
31383.37;141113.28125
31383.38;141113.28125
31383.39;141113.28125
31383.4;141113.28125
31383.41;141113.28125
31383.42;141113.28125
31383.43;141113.28125
31383.44;141357.421875
31383.45;141113.28125
31383.46;141357.421875
31383.47;141113.28125
31383.48;141357.421875
31383.49;141357.421875
31383.5;141113.28125
31383.51;141113.28125
31383.52;141113.28125
31383.53;141113.28125
31383.54;141113.28125
31383.55;141113.28125
31383.56;141357.421875
31383.57;141357.421875
31383.58;141113.28125
31383.59;141357.421875
31383.6;141357.421875
31383.61;141113.28125
31383.62;141113.28125
31383.63;141113.28125
31383.64;141357.421875
31383.65;141113.28125
31383.66;141113.28125
31383.67;141113.28125
31383.68;141113.28125
31383.69;141357.421875
31383.7;141113.28125
31383.71;141113.28125
31383.72;141113.28125
31383.73;141113.28125
31383.74;141113.28125
31383.75;141113.28125
31383.76;141113.28125
31383.77;141113.28125
31383.78;141113.28125
31383.79;141357.421875
31383.8;141113.28125
31383.81;141357.421875
31383.82;141113.28125
31383.83;141357.421875
31383.84;141113.28125
31383.85;141113.28125
31383.86;141113.28125
31383.87;141113.28125
31383.88;141113.28125
31383.89;141113.28125
31383.9;141357.421875
31383.91;141357.421875
31383.92;141357.421875
31383.93;141113.28125
31383.94;141113.28125
31383.95;141113.28125
31383.96;141357.421875
31383.97;141113.28125
31383.98;141357.421875
31383.99;141113.28125
31384.0;141113.28125
31384.01;141357.421875
31384.02;141357.421875
31384.03;141113.28125
31384.04;141113.28125
31384.05;141357.421875
31384.06;141113.28125
31384.07;141113.28125
31384.08;141357.421875
31384.09;141357.421875
31384.1;141113.28125
31384.11;141357.421875
31384.12;141357.421875
31384.13;141113.28125
31384.14;141113.28125
31384.15;141113.28125
31384.16;141113.28125
31384.17;141113.28125
31384.18;141357.421875
31384.19;141113.28125
31384.2;141113.28125
31384.21;141357.421875
31384.22;141357.421875
31384.23;141113.28125
31384.24;141357.421875
31384.25;141113.28125
31384.26;141113.28125
31384.27;141357.421875
31384.28;141113.28125
31384.29;141113.28125
31384.3;141113.28125
31384.31;141357.421875
31384.32;141113.28125
31384.33;141113.28125
31384.34;141113.28125
31384.35;141113.28125
31384.36;141113.28125
31384.37;141113.28125
31384.38;141113.28125
31384.39;141357.421875
31384.4;141113.28125
31384.41;141113.28125
31384.42;141113.28125
31384.43;141113.28125
31384.44;141113.28125
31384.45;141113.28125
31384.46;141113.28125
31384.47;141113.28125
31384.48;141113.28125
31384.49;141357.421875
31384.5;141113.28125
31384.51;141113.28125
31384.52;141113.28125
31384.53;141357.421875
31384.54;141113.28125
31384.55;141357.421875
31384.56;141113.28125
31384.57;141113.28125
31384.58;141113.28125
31384.59;141113.28125
31384.6;141113.28125
31384.61;141113.28125
31384.62;141113.28125
31384.63;141113.28125
31384.64;141113.28125
31384.65;141113.28125
31384.66;141113.28125
31384.67;141113.28125
31384.68;141113.28125
31384.69;141113.28125
31384.7;141113.28125
31384.71;141113.28125
31384.72;141113.28125
31384.73;141113.28125
31384.74;141113.28125
31384.75;141113.28125
31384.76;141113.28125
31384.77;141357.421875
31384.78;141113.28125
31384.79;141357.421875
31384.8;141113.28125
31384.81;141113.28125
31384.82;141113.28125
31384.83;141113.28125
31384.84;141113.28125
31384.85;141113.28125
31384.86;141113.28125
31384.87;141113.28125
31384.88;141113.28125
31384.89;141113.28125
31384.9;141113.28125
31384.91;141113.28125
31384.92;141113.28125
31384.93;141357.421875
31384.94;141113.28125
31384.95;141357.421875
31384.96;141113.28125
31384.97;141113.28125
31384.98;141113.28125
31384.99;141113.28125
31385.0;141357.421875
31385.01;141113.28125
31385.02;141113.28125
31385.03;141113.28125
31385.04;141113.28125
31385.05;141113.28125
31385.06;141113.28125
31385.07;141113.28125
31385.08;141357.421875
31385.09;141113.28125
31385.1;141113.28125
31385.11;141113.28125
31385.12;141113.28125
31385.13;141113.28125
31385.14;141113.28125
31385.15;141113.28125
31385.16;141113.28125
31385.17;141113.28125
31385.18;141113.28125
31385.19;141113.28125
31385.2;141113.28125
31385.21;141357.421875
31385.22;141113.28125
31385.23;141113.28125
31385.24;141113.28125
31385.25;141113.28125
31385.26;141113.28125
31385.27;141113.28125
31385.28;141113.28125
31385.29;141113.28125
31385.3;141113.28125
31385.31;141357.421875
31385.32;141113.28125
31385.33;141113.28125
31385.34;141113.28125
31385.35;141357.421875
31385.36;141113.28125
31385.37;141357.421875
31385.38;141113.28125
31385.39;141113.28125
31385.4;141113.28125
31385.41;141113.28125
31385.42;141113.28125
31385.43;141357.421875
31385.44;141113.28125
31385.45;141357.421875
31385.46;141113.28125
31385.47;141113.28125
31385.48;141113.28125
31385.49;141357.421875
31385.5;141113.28125
31385.51;141357.421875
31385.52;141357.421875
31385.53;141113.28125
31385.54;141113.28125
31385.55;141357.421875
31385.56;141357.421875
31385.57;141113.28125
31385.58;141113.28125
31385.59;141357.421875
31385.6;141113.28125
31385.61;141357.421875
31385.62;141113.28125
31385.63;141357.421875
31385.64;141113.28125
31385.65;141357.421875
31385.66;141113.28125
31385.67;141357.421875
31385.68;141357.421875
31385.69;141357.421875
31385.7;141357.421875
31385.71;141113.28125
31385.72;141113.28125
31385.73;141113.28125
31385.74;141357.421875
31385.75;141113.28125
31385.76;141113.28125
31385.77;141113.28125
31385.78;141357.421875
31385.79;141113.28125
31385.8;141113.28125
31385.81;141357.421875
31385.82;141357.421875
31385.83;141357.421875
31385.84;141113.28125
31385.85;141357.421875
31385.86;141357.421875
31385.87;141113.28125
31385.88;141113.28125
31385.89;141113.28125
31385.9;141113.28125
31385.91;141113.28125
31385.92;141357.421875
31385.93;141113.28125
31385.94;141357.421875
31385.95;141357.421875
31385.96;141357.421875
31385.97;141113.28125
31385.98;141113.28125
31385.99;141113.28125
31386.0;141113.28125
31386.01;141113.28125
31386.02;141357.421875
31386.03;141113.28125
31386.04;141113.28125
31386.05;141357.421875
31386.06;141357.421875
31386.07;141113.28125
31386.08;141113.28125
31386.09;141357.421875
31386.1;141113.28125
31386.11;141357.421875
31386.12;141113.28125
31386.13;141113.28125
31386.14;141113.28125
31386.15;141113.28125
31386.16;141357.421875
31386.17;141357.421875
31386.18;141113.28125
31386.19;141357.421875
31386.2;141113.28125
31386.21;141113.28125
31386.22;141113.28125
31386.23;141113.28125
31386.24;141357.421875
31386.25;141357.421875
31386.26;141113.28125
31386.27;141113.28125
31386.28;141113.28125
31386.29;141113.28125
31386.3;141113.28125
31386.31;141113.28125
31386.32;141113.28125
31386.33;141113.28125
31386.34;141357.421875
31386.35;141113.28125
31386.36;141357.421875
31386.37;141113.28125
31386.38;141357.421875
31386.39;141357.421875
31386.4;141357.421875
31386.41;141113.28125
31386.42;141113.28125
31386.43;141357.421875
31386.44;141113.28125
31386.45;141113.28125
31386.46;141357.421875
31386.47;141357.421875
31386.48;141113.28125
31386.49;141357.421875
31386.5;141357.421875
31386.51;141113.28125
31386.52;141113.28125
31386.53;141113.28125
31386.54;141113.28125
31386.55;141357.421875
31386.56;141113.28125
31386.57;141357.421875
31386.58;141113.28125
31386.59;141357.421875
31386.6;141357.421875
31386.61;141113.28125
31386.62;141357.421875
31386.63;141113.28125
31386.64;141357.421875
31386.65;141113.28125
31386.66;141113.28125
31386.67;141113.28125
31386.68;141357.421875
31386.69;141113.28125
31386.7;141357.421875
31386.71;141357.421875
31386.72;141113.28125
31386.73;141113.28125
31386.74;141357.421875
31386.75;141113.28125
31386.76;141113.28125
31386.77;141357.421875
31386.78;141113.28125
31386.79;141113.28125
31386.8;141113.28125
31386.81;141113.28125
31386.82;141357.421875
31386.83;141113.28125
31386.84;141113.28125
31386.85;141113.28125
31386.86;141357.421875
31386.87;141113.28125
31386.88;141113.28125
31386.89;141113.28125
31386.9;141357.421875
31386.91;141113.28125
31386.92;141357.421875
31386.93;141357.421875
31386.94;141113.28125
31386.95;141357.421875
31386.96;141357.421875
31386.97;141113.28125
31386.98;141113.28125
31386.99;141357.421875
31387.0;141357.421875
31387.01;141113.28125
31387.02;141357.421875
31387.03;141113.28125
31387.04;141113.28125
31387.05;141357.421875
31387.06;141113.28125
31387.07;141113.28125
31387.08;141113.28125
31387.09;141113.28125
31387.1;141113.28125
31387.11;141357.421875
31387.12;141357.421875
31387.13;141113.28125
31387.14;141113.28125
31387.15;141357.421875
31387.16;141113.28125
31387.17;141357.421875
31387.18;141113.28125
31387.19;141113.28125
31387.2;141113.28125
31387.21;141113.28125
31387.22;141113.28125
31387.23;141113.28125
31387.24;141357.421875
31387.25;141357.421875
31387.26;141113.28125
31387.27;141113.28125
31387.28;141357.421875
31387.29;141113.28125
31387.3;141113.28125
31387.31;141113.28125
31387.32;141357.421875
31387.33;141113.28125
31387.34;141113.28125
31387.35;141113.28125
31387.36;141357.421875
31387.37;141113.28125
31387.38;141357.421875
31387.39;141113.28125
31387.4;141113.28125
31387.41;141113.28125
31387.42;141113.28125
31387.43;141113.28125
31387.44;141357.421875
31387.45;141113.28125
31387.46;141357.421875
31387.47;141113.28125
31387.48;141357.421875
31387.49;141357.421875
31387.5;141113.28125
31387.51;141357.421875
31387.52;141357.421875
31387.53;141357.421875
31387.54;141357.421875
31387.55;141113.28125
31387.56;141357.421875
31387.57;141357.421875
31387.58;141113.28125
31387.59;141357.421875
31387.6;141113.28125
31387.61;141357.421875
31387.62;141113.28125
31387.63;141357.421875
31387.64;141357.421875
31387.65;141113.28125
31387.66;141357.421875
31387.67;141357.421875
31387.68;141113.28125
31387.69;141113.28125
31387.7;141357.421875
31387.71;141113.28125
31387.72;141357.421875
31387.73;141357.421875
31387.74;141113.28125
31387.75;141357.421875
31387.76;141113.28125
31387.77;141357.421875
31387.78;141357.421875
31387.79;141113.28125
31387.8;141357.421875
31387.81;141113.28125
31387.82;141357.421875
31387.83;141113.28125
31387.84;141357.421875
31387.85;141113.28125
31387.86;141357.421875
31387.87;141357.421875
31387.88;141357.421875
31387.89;141357.421875
31387.9;141357.421875
31387.91;141357.421875
31387.92;141113.28125
31387.93;141357.421875
31387.94;141357.421875
31387.95;141357.421875
31387.96;141113.28125
31387.97;141113.28125
31387.98;141357.421875
31387.99;141357.421875
31388.0;141357.421875
31388.01;141357.421875
31388.02;141113.28125
31388.03;141357.421875
31388.04;141113.28125
31388.05;141357.421875
31388.06;141357.421875
31388.07;141357.421875
31388.08;141357.421875
31388.09;141357.421875
31388.1;141357.421875
31388.11;141113.28125
31388.12;141357.421875
31388.13;141357.421875
31388.14;141357.421875
31388.15;141113.28125
31388.16;141357.421875
31388.17;141357.421875
31388.18;141357.421875
31388.19;141113.28125
31388.2;141113.28125
31388.21;141357.421875
31388.22;141357.421875
31388.23;141357.421875
31388.24;141113.28125
31388.25;141113.28125
31388.26;141113.28125
31388.27;141357.421875
31388.28;141357.421875
31388.29;141113.28125
31388.3;141113.28125
31388.31;141357.421875
31388.32;141357.421875
31388.33;141113.28125
31388.34;141357.421875
31388.35;141357.421875
31388.36;141357.421875
31388.37;141357.421875
31388.38;141113.28125
31388.39;141357.421875
31388.4;141357.421875
31388.41;141113.28125
31388.42;141113.28125
31388.43;141357.421875
31388.44;141113.28125
31388.45;141113.28125
31388.46;141113.28125
31388.47;141357.421875
31388.48;141113.28125
31388.49;141113.28125
31388.5;141113.28125
31388.51;141113.28125
31388.52;141113.28125
31388.53;141113.28125
31388.54;141113.28125
31388.55;141113.28125
31388.56;141357.421875
31388.57;141113.28125
31388.58;141113.28125
31388.59;141113.28125
31388.6;141357.421875
31388.61;141357.421875
31388.62;141357.421875
31388.63;141113.28125
31388.64;141357.421875
31388.65;141113.28125
31388.66;141357.421875
31388.67;141113.28125
31388.68;141113.28125
31388.69;141357.421875
31388.7;141113.28125
31388.71;141113.28125
31388.72;141113.28125
31388.73;141357.421875
31388.74;141113.28125
31388.75;141113.28125
31388.76;141113.28125
31388.77;141113.28125
31388.78;141113.28125
31388.79;141113.28125
31388.8;141113.28125
31388.81;141113.28125
31388.82;141113.28125
31388.83;141357.421875
31388.84;141357.421875
31388.85;141357.421875
31388.86;141357.421875
31388.87;141357.421875
31388.88;141113.28125
31388.89;141357.421875
31388.9;141357.421875
31388.91;141357.421875
31388.92;141113.28125
31388.93;141357.421875
31388.94;141113.28125
31388.95;141357.421875
31388.96;141357.421875
31388.97;141357.421875
31388.98;141357.421875
31388.99;141113.28125
31389.0;141357.421875
31389.01;141113.28125
31389.02;141357.421875
31389.03;141113.28125
31389.04;141113.28125
31389.05;141113.28125
31389.06;141357.421875
31389.07;141113.28125
31389.08;141113.28125
31389.09;141113.28125
31389.1;141357.421875
31389.11;141113.28125
31389.12;141357.421875
31389.13;141113.28125
31389.14;141357.421875
31389.15;141113.28125
31389.16;141113.28125
31389.17;141357.421875
31389.18;141357.421875
31389.19;141357.421875
31389.2;141357.421875
31389.21;141113.28125
31389.22;141357.421875
31389.23;141357.421875
31389.24;141113.28125
31389.25;141357.421875
31389.26;141357.421875
31389.27;141113.28125
31389.28;141357.421875
31389.29;141357.421875
31389.3;141357.421875
31389.31;141113.28125
31389.32;141357.421875
31389.33;141113.28125
31389.34;141113.28125
31389.35;141357.421875
31389.36;141113.28125
31389.37;141357.421875
31389.38;141357.421875
31389.39;141357.421875
31389.4;141357.421875
31389.41;141357.421875
31389.42;141357.421875
31389.43;141357.421875
31389.44;141357.421875
31389.45;141357.421875
31389.46;141357.421875
31389.47;141357.421875
31389.48;141357.421875
31389.49;141357.421875
31389.5;141357.421875
31389.51;141357.421875
31389.52;141357.421875
31389.53;141357.421875
31389.54;141357.421875
31389.55;141357.421875
31389.56;141357.421875
31389.57;141357.421875
31389.58;141357.421875
31389.59;141357.421875
31389.6;141357.421875
31389.61;141357.421875
31389.62;141357.421875
31389.63;141357.421875
31389.64;141357.421875
31389.65;141357.421875
31389.66;141357.421875
31389.67;141357.421875
31389.68;141357.421875
31389.69;141357.421875
31389.7;141357.421875
31389.71;141357.421875
31389.72;141357.421875
31389.73;141357.421875
31389.74;141357.421875
31389.75;141357.421875
31389.76;141357.421875
31389.77;141357.421875
31389.78;141357.421875
31389.79;141357.421875
31389.8;141357.421875
31389.81;141357.421875
31389.82;141357.421875
31389.83;141357.421875
31389.84;141357.421875
31389.85;141357.421875
31389.86;141357.421875
31389.87;141357.421875
31389.88;141357.421875
31389.89;141357.421875
31389.9;141357.421875
31389.91;141357.421875
31389.92;141357.421875
31389.93;141357.421875
31389.94;141357.421875
31389.95;141357.421875
31389.96;141357.421875
31389.97;141357.421875
31389.98;141357.421875
31389.99;141357.421875
31390.0;141357.421875
31390.01;141357.421875
31390.02;141357.421875
31390.03;141357.421875
31390.04;141357.421875
31390.05;141357.421875
31390.06;141357.421875
31390.07;141357.421875
31390.08;141357.421875
31390.09;141357.421875
31390.1;141357.421875
31390.11;141357.421875
31390.12;141357.421875
31390.13;141357.421875
31390.14;141357.421875
31390.15;141357.421875
31390.16;141357.421875
31390.17;141357.421875
31390.18;141357.421875
31390.19;141357.421875
31390.2;141357.421875
31390.21;141357.421875
31390.22;141357.421875
31390.23;141357.421875
31390.24;141357.421875
31390.25;141357.421875
31390.26;141357.421875
31390.27;141357.421875
31390.28;141357.421875
31390.29;141357.421875
31390.3;141357.421875
31390.31;141357.421875
31390.32;141357.421875
31390.33;141357.421875
31390.34;141357.421875
31390.35;141357.421875
31390.36;141357.421875
31390.37;141357.421875
31390.38;141357.421875
31390.39;141357.421875
31390.4;141357.421875
31390.41;141357.421875
31390.42;141357.421875
31390.43;141357.421875
31390.44;141357.421875
31390.45;141357.421875
31390.46;141601.5625
31390.47;141357.421875
31390.48;141357.421875
31390.49;141357.421875
31390.5;141357.421875
31390.51;141357.421875
31390.52;141357.421875
31390.53;141357.421875
31390.54;141357.421875
31390.55;141357.421875
31390.56;141357.421875
31390.57;141357.421875
31390.58;141357.421875
31390.59;141357.421875
31390.6;141357.421875
31390.61;141357.421875
31390.62;141357.421875
31390.63;141357.421875
31390.64;141357.421875
31390.65;141357.421875
31390.66;141357.421875
31390.67;141357.421875
31390.68;141601.5625
31390.69;141357.421875
31390.7;141357.421875
31390.71;141601.5625
31390.72;141357.421875
31390.73;141601.5625
31390.74;141357.421875
31390.75;141357.421875
31390.76;141601.5625
31390.77;141357.421875
31390.78;141601.5625
31390.79;141357.421875
31390.8;141357.421875
31390.81;141357.421875
31390.82;141357.421875
31390.83;141357.421875
31390.84;141357.421875
31390.85;141601.5625
31390.86;141357.421875
31390.87;141357.421875
31390.88;141357.421875
31390.89;141357.421875
31390.9;141357.421875
31390.91;141601.5625
31390.92;141357.421875
31390.93;141357.421875
31390.94;141357.421875
31390.95;141357.421875
31390.96;141601.5625
31390.97;141357.421875
31390.98;141601.5625
31390.99;141601.5625
31391.0;141357.421875
31391.01;141601.5625
31391.02;141357.421875
31391.03;141357.421875
31391.04;141601.5625
31391.05;141601.5625
31391.06;141601.5625
31391.07;141357.421875
31391.08;141601.5625
31391.09;141601.5625
31391.1;141601.5625
31391.11;141601.5625
31391.12;141357.421875
31391.13;141601.5625
31391.14;141601.5625
31391.15;141357.421875
31391.16;141601.5625
31391.17;141601.5625
31391.18;141601.5625
31391.19;141601.5625
31391.2;141601.5625
31391.21;141601.5625
31391.22;141601.5625
31391.23;141601.5625
31391.24;141601.5625
31391.25;141357.421875
31391.26;141601.5625
31391.27;141601.5625
31391.28;141601.5625
31391.29;141601.5625
31391.3;141357.421875
31391.31;141601.5625
31391.32;141601.5625
31391.33;141601.5625
31391.34;141601.5625
31391.35;141601.5625
31391.36;141601.5625
31391.37;141601.5625
31391.38;141601.5625
31391.39;141357.421875
31391.4;141601.5625
31391.41;141601.5625
31391.42;141601.5625
31391.43;141601.5625
31391.44;141601.5625
31391.45;141601.5625
31391.46;141601.5625
31391.47;141601.5625
31391.48;141601.5625
31391.49;141601.5625
31391.5;141601.5625
31391.51;141601.5625
31391.52;141601.5625
31391.53;141601.5625
31391.54;141601.5625
31391.55;141601.5625
31391.56;141601.5625
31391.57;141601.5625
31391.58;141601.5625
31391.59;141357.421875
31391.6;141601.5625
31391.61;141601.5625
31391.62;141601.5625
31391.63;141601.5625
31391.64;141601.5625
31391.65;141601.5625
31391.66;141601.5625
31391.67;141845.703125
31391.68;141601.5625
31391.69;141601.5625
31391.7;141601.5625
31391.71;141601.5625
31391.72;141601.5625
31391.73;141601.5625
31391.74;141601.5625
31391.75;141601.5625
31391.76;141601.5625
31391.77;141601.5625
31391.78;141601.5625
31391.79;141601.5625
31391.8;141601.5625
31391.81;141601.5625
31391.82;141601.5625
31391.83;141601.5625
31391.84;141601.5625
31391.85;141601.5625
31391.86;141601.5625
31391.87;141601.5625
31391.88;141601.5625
31391.89;141601.5625
31391.9;141601.5625
31391.91;141601.5625
31391.92;141601.5625
31391.93;141601.5625
31391.94;141601.5625
31391.95;141601.5625
31391.96;141601.5625
31391.97;141845.703125
31391.98;141601.5625
31391.99;141601.5625
31392.0;141601.5625
31392.01;141601.5625
31392.02;141601.5625
31392.03;141601.5625
31392.04;141601.5625
31392.05;141601.5625
31392.06;141845.703125
31392.07;141601.5625
31392.08;141601.5625
31392.09;141601.5625
31392.1;141601.5625
31392.11;141601.5625
31392.12;141601.5625
31392.13;141601.5625
31392.14;141601.5625
31392.15;141601.5625
31392.16;141601.5625
31392.17;141845.703125
31392.18;141601.5625
31392.19;141601.5625
31392.2;141845.703125
31392.21;141601.5625
31392.22;141601.5625
31392.23;141601.5625
31392.24;141601.5625
31392.25;141601.5625
31392.26;141601.5625
31392.27;141601.5625
31392.28;141601.5625
31392.29;141601.5625
31392.3;141845.703125
31392.31;141601.5625
31392.32;141845.703125
31392.33;141601.5625
31392.34;141601.5625
31392.35;141601.5625
31392.36;141601.5625
31392.37;141601.5625
31392.38;141601.5625
31392.39;141601.5625
31392.4;141601.5625
31392.41;141601.5625
31392.42;141601.5625
31392.43;141601.5625
31392.44;141601.5625
31392.45;141601.5625
31392.46;141601.5625
31392.47;141601.5625
31392.48;141601.5625
31392.49;141601.5625
31392.5;141601.5625
31392.51;141601.5625
31392.52;141601.5625
31392.53;141601.5625
31392.54;141601.5625
31392.55;141601.5625
31392.56;141601.5625
31392.57;141601.5625
31392.58;141601.5625
31392.59;141601.5625
31392.6;141601.5625
31392.61;141601.5625
31392.62;141601.5625
31392.63;141601.5625
31392.64;141601.5625
31392.65;141601.5625
31392.66;141601.5625
31392.67;141601.5625
31392.68;141601.5625
31392.69;141601.5625
31392.7;141601.5625
31392.71;141601.5625
31392.72;141601.5625
31392.73;141601.5625
31392.74;141601.5625
31392.75;141601.5625
31392.76;141601.5625
31392.77;141601.5625
31392.78;141601.5625
31392.79;141601.5625
31392.8;141601.5625
31392.81;141601.5625
31392.82;141601.5625
31392.83;141845.703125
31392.84;141601.5625
31392.85;141601.5625
31392.86;141601.5625
31392.87;141601.5625
31392.88;141601.5625
31392.89;141601.5625
31392.9;141601.5625
31392.91;141601.5625
31392.92;141601.5625
31392.93;141601.5625
31392.94;141601.5625
31392.95;141601.5625
31392.96;141601.5625
31392.97;141601.5625
31392.98;141601.5625
31392.99;141601.5625
31393.0;141601.5625
31393.01;141601.5625
31393.02;141601.5625
31393.03;141601.5625
31393.04;141601.5625
31393.05;141601.5625
31393.06;141601.5625
31393.07;141601.5625
31393.08;141601.5625
31393.09;141601.5625
31393.1;141601.5625
31393.11;141601.5625
31393.12;141601.5625
31393.13;141601.5625
31393.14;141601.5625
31393.15;141601.5625
31393.16;141601.5625
31393.17;141601.5625
31393.18;141601.5625
31393.19;141601.5625
31393.2;141601.5625
31393.21;141601.5625
31393.22;141601.5625
31393.23;141601.5625
31393.24;141601.5625
31393.25;141601.5625
31393.26;141601.5625
31393.27;141601.5625
31393.28;141601.5625
31393.29;141601.5625
31393.3;141601.5625
31393.31;141601.5625
31393.32;141601.5625
31393.33;141601.5625
31393.34;141601.5625
31393.35;141845.703125
31393.36;141601.5625
31393.37;141601.5625
31393.38;141601.5625
31393.39;141601.5625
31393.4;141601.5625
31393.41;141601.5625
31393.42;141601.5625
31393.43;141601.5625
31393.44;141601.5625
31393.45;141601.5625
31393.46;141601.5625
31393.47;141601.5625
31393.48;141601.5625
31393.49;141601.5625
31393.5;141601.5625
31393.51;141845.703125
31393.52;141601.5625
31393.53;141601.5625
31393.54;141601.5625
31393.55;141601.5625
31393.56;141845.703125
31393.57;141601.5625
31393.58;141601.5625
31393.59;141601.5625
31393.6;141601.5625
31393.61;141601.5625
31393.62;141601.5625
31393.63;141601.5625
31393.64;141601.5625
31393.65;141601.5625
31393.66;141601.5625
31393.67;141601.5625
31393.68;141601.5625
31393.69;141601.5625
31393.7;141601.5625
31393.71;141601.5625
31393.72;141601.5625
31393.73;141601.5625
31393.74;141601.5625
31393.75;141601.5625
31393.76;141601.5625
31393.77;141601.5625
31393.78;141601.5625
31393.79;141601.5625
31393.8;141601.5625
31393.81;141601.5625
31393.82;141601.5625
31393.83;141601.5625
31393.84;141601.5625
31393.85;141601.5625
31393.86;141845.703125
31393.87;141601.5625
31393.88;141601.5625
31393.89;141601.5625
31393.9;141601.5625
31393.91;141601.5625
31393.92;141601.5625
31393.93;141601.5625
31393.94;141601.5625
31393.95;141601.5625
31393.96;141601.5625
31393.97;141601.5625
31393.98;141601.5625
31393.99;141601.5625
31394.0;141601.5625
31394.01;141601.5625
31394.02;141601.5625
31394.03;141601.5625
31394.04;141601.5625
31394.05;141601.5625
31394.06;141601.5625
31394.07;141601.5625
31394.08;141601.5625
31394.09;141601.5625
31394.1;141601.5625
31394.11;141601.5625
31394.12;141601.5625
31394.13;141601.5625
31394.14;141601.5625
31394.15;141601.5625
31394.16;141601.5625
31394.17;141601.5625
31394.18;141601.5625
31394.19;141601.5625
31394.2;141601.5625
31394.21;141601.5625
31394.22;141601.5625
31394.23;141601.5625
31394.24;141601.5625
31394.25;141601.5625
31394.26;141601.5625
31394.27;141601.5625
31394.28;141601.5625
31394.29;141601.5625
31394.3;141601.5625
31394.31;141601.5625
31394.32;141601.5625
31394.33;141601.5625
31394.34;141601.5625
31394.35;141601.5625
31394.36;141601.5625
31394.37;141601.5625
31394.38;141601.5625
31394.39;141601.5625
31394.4;141601.5625
31394.41;141601.5625
31394.42;141601.5625
31394.43;141601.5625
31394.44;141601.5625
31394.45;141601.5625
31394.46;141601.5625
31394.47;141601.5625
31394.48;141601.5625
31394.49;141601.5625
31394.5;141601.5625
31394.51;141601.5625
31394.52;141601.5625
31394.53;141601.5625
31394.54;141601.5625
31394.55;141601.5625
31394.56;141601.5625
31394.57;141601.5625
31394.58;141601.5625
31394.59;141601.5625
31394.6;141601.5625
31394.61;141601.5625
31394.62;141601.5625
31394.63;141601.5625
31394.64;141601.5625
31394.65;141601.5625
31394.66;141601.5625
31394.67;141601.5625
31394.68;141601.5625
31394.69;141601.5625
31394.7;141845.703125
31394.71;141601.5625
31394.72;141601.5625
31394.73;141601.5625
31394.74;141601.5625
31394.75;141601.5625
31394.76;141601.5625
31394.77;141601.5625
31394.78;141601.5625
31394.79;141601.5625
31394.8;141601.5625
31394.81;141601.5625
31394.82;141601.5625
31394.83;141601.5625
31394.84;141601.5625
31394.85;141601.5625
31394.86;141601.5625
31394.87;141601.5625
31394.88;141601.5625
31394.89;141601.5625
31394.9;141845.703125
31394.91;141601.5625
31394.92;141601.5625
31394.93;141601.5625
31394.94;141601.5625
31394.95;141601.5625
31394.96;141601.5625
31394.97;141601.5625
31394.98;141601.5625
31394.99;141601.5625
31395.0;141601.5625
31395.01;141601.5625
31395.02;141601.5625
31395.03;141601.5625
31395.04;141601.5625
31395.05;141601.5625
31395.06;141601.5625
31395.07;141601.5625
31395.08;141601.5625
31395.09;141601.5625
31395.1;141601.5625
31395.11;141601.5625
31395.12;141601.5625
31395.13;141601.5625
31395.14;141601.5625
31395.15;141601.5625
31395.16;141601.5625
31395.17;141601.5625
31395.18;141601.5625
31395.19;141601.5625
31395.2;141601.5625
31395.21;141601.5625
31395.22;141601.5625
31395.23;141601.5625
31395.24;141601.5625
31395.25;141601.5625
31395.26;141601.5625
31395.27;141601.5625
31395.28;141601.5625
31395.29;141601.5625
31395.3;141601.5625
31395.31;141601.5625
31395.32;141601.5625
31395.33;141601.5625
31395.34;141601.5625
31395.35;141601.5625
31395.36;141601.5625
31395.37;141601.5625
31395.38;141601.5625
31395.39;141601.5625
31395.4;141601.5625
31395.41;141601.5625
31395.42;141601.5625
31395.43;141601.5625
31395.44;141845.703125
31395.45;141601.5625
31395.46;141601.5625
31395.47;141601.5625
31395.48;141601.5625
31395.49;141601.5625
31395.5;141601.5625
31395.51;141601.5625
31395.52;141601.5625
31395.53;141601.5625
31395.54;141601.5625
31395.55;141601.5625
31395.56;141601.5625
31395.57;141601.5625
31395.58;141601.5625
31395.59;141845.703125
31395.6;141601.5625
31395.61;141601.5625
31395.62;141601.5625
31395.63;141601.5625
31395.64;141601.5625
31395.65;141601.5625
31395.66;141601.5625
31395.67;141601.5625
31395.68;141601.5625
31395.69;141601.5625
31395.7;141601.5625
31395.71;141601.5625
31395.72;141845.703125
31395.73;141601.5625
31395.74;141601.5625
31395.75;141601.5625
31395.76;141601.5625
31395.77;141601.5625
31395.78;141601.5625
31395.79;141601.5625
31395.8;141601.5625
31395.81;141601.5625
31395.82;141601.5625
31395.83;141601.5625
31395.84;141601.5625
31395.85;141601.5625
31395.86;141601.5625
31395.87;141601.5625
31395.88;141601.5625
31395.89;141601.5625
31395.9;141601.5625
31395.91;141601.5625
31395.92;141845.703125
31395.93;141601.5625
31395.94;141601.5625
31395.95;141845.703125
31395.96;141601.5625
31395.97;141601.5625
31395.98;141601.5625
31395.99;141601.5625
31396.0;141601.5625
31396.01;141601.5625
31396.02;141601.5625
31396.03;141845.703125
31396.04;141601.5625
31396.05;141601.5625
31396.06;141601.5625
31396.07;141601.5625
31396.08;141601.5625
31396.09;141601.5625
31396.1;141601.5625
31396.11;141601.5625
31396.12;141601.5625
31396.13;141845.703125
31396.14;141601.5625
31396.15;141845.703125
31396.16;141601.5625
31396.17;141845.703125
31396.18;141601.5625
31396.19;141845.703125
31396.2;141601.5625
31396.21;141601.5625
31396.22;141601.5625
31396.23;141845.703125
31396.24;141601.5625
31396.25;141845.703125
31396.26;141601.5625
31396.27;141601.5625
31396.28;141601.5625
31396.29;141601.5625
31396.3;141845.703125
31396.31;141601.5625
31396.32;141601.5625
31396.33;141601.5625
31396.34;141845.703125
31396.35;141601.5625
31396.36;141845.703125
31396.37;141601.5625
31396.38;141601.5625
31396.39;141601.5625
31396.4;141845.703125
31396.41;141601.5625
31396.42;141601.5625
31396.43;141601.5625
31396.44;141601.5625
31396.45;141357.421875
31396.46;141601.5625
31396.47;141601.5625
31396.48;141601.5625
31396.49;141601.5625
31396.5;141601.5625
31396.51;141357.421875
31396.52;141601.5625
31396.53;141601.5625
31396.54;141601.5625
31396.55;141601.5625
31396.56;141601.5625
31396.57;141601.5625
31396.58;141601.5625
31396.59;141601.5625
31396.6;141601.5625
31396.61;141601.5625
31396.62;141357.421875
31396.63;141601.5625
31396.64;141601.5625
31396.65;141601.5625
31396.66;141601.5625
31396.67;141601.5625
31396.68;141601.5625
31396.69;141601.5625
31396.7;141601.5625
31396.71;141601.5625
31396.72;141601.5625
31396.73;141601.5625
31396.74;141601.5625
31396.75;141357.421875
31396.76;141601.5625
31396.77;141601.5625
31396.78;141601.5625
31396.79;141601.5625
31396.8;141601.5625
31396.81;141601.5625
31396.82;141601.5625
31396.83;141601.5625
31396.84;141601.5625
31396.85;141601.5625
31396.86;141601.5625
31396.87;141601.5625
31396.88;141357.421875
31396.89;141601.5625
31396.9;141601.5625
31396.91;141601.5625
31396.92;141601.5625
31396.93;141601.5625
31396.94;141601.5625
31396.95;141601.5625
31396.96;141601.5625
31396.97;141601.5625
31396.98;141601.5625
31396.99;141601.5625
31397.0;141601.5625
31397.01;141601.5625
31397.02;141601.5625
31397.03;141601.5625
31397.04;141601.5625
31397.05;141357.421875
31397.06;141601.5625
31397.07;141601.5625
31397.08;141601.5625
31397.09;141601.5625
31397.1;141601.5625
31397.11;141601.5625
31397.12;141601.5625
31397.13;141601.5625
31397.14;141601.5625
31397.15;141601.5625
31397.16;141601.5625
31397.17;141601.5625
31397.18;141601.5625
31397.19;141601.5625
31397.2;141601.5625
31397.21;141601.5625
31397.22;141601.5625
31397.23;141601.5625
31397.24;141601.5625
31397.25;141601.5625
31397.26;141601.5625
31397.27;141601.5625
31397.28;141601.5625
31397.29;141601.5625
31397.3;141601.5625
31397.31;141601.5625
31397.32;141601.5625
31397.33;141601.5625
31397.34;141601.5625
31397.35;141601.5625
31397.36;141601.5625
31397.37;141601.5625
31397.38;141601.5625
31397.39;141601.5625
31397.4;141601.5625
31397.41;141601.5625
31397.42;141601.5625
31397.43;141601.5625
31397.44;141601.5625
31397.45;141601.5625
31397.46;141601.5625
31397.47;141601.5625
31397.48;141601.5625
31397.49;141601.5625
31397.5;141601.5625
31397.51;141601.5625
31397.52;141601.5625
31397.53;141601.5625
31397.54;141601.5625
31397.55;141601.5625
31397.56;141601.5625
31397.57;141601.5625
31397.58;141601.5625
31397.59;141601.5625
31397.6;141601.5625
31397.61;141601.5625
31397.62;141601.5625
31397.63;141601.5625
31397.64;141601.5625
31397.65;141601.5625
31397.66;141601.5625
31397.67;141601.5625
31397.68;141601.5625
31397.69;141601.5625
31397.7;141601.5625
31397.71;141601.5625
31397.72;141601.5625
31397.73;141601.5625
31397.74;141601.5625
31397.75;141601.5625
31397.76;141601.5625
31397.77;141601.5625
31397.78;141601.5625
31397.79;141601.5625
31397.8;141601.5625
31397.81;141601.5625
31397.82;141601.5625
31397.83;141601.5625
31397.84;141601.5625
31397.85;141601.5625
31397.86;141601.5625
31397.87;141601.5625
31397.88;141601.5625
31397.89;141601.5625
31397.9;141601.5625
31397.91;141601.5625
31397.92;141601.5625
31397.93;141601.5625
31397.94;141601.5625
31397.95;141601.5625
31397.96;141601.5625
31397.97;141601.5625
31397.98;141601.5625
31397.99;141601.5625
31398.0;141357.421875
31398.01;141601.5625
31398.02;141601.5625
31398.03;141601.5625
31398.04;141601.5625
31398.05;141601.5625
31398.06;141601.5625
31398.07;141601.5625
31398.08;141601.5625
31398.09;141601.5625
31398.1;141601.5625
31398.11;141601.5625
31398.12;141601.5625
31398.13;141601.5625
31398.14;141601.5625
31398.15;141601.5625
31398.16;141601.5625
31398.17;141601.5625
31398.18;141601.5625
31398.19;141601.5625
31398.2;141601.5625
31398.21;141601.5625
31398.22;141601.5625
31398.23;141601.5625
31398.24;141601.5625
31398.25;141601.5625
31398.26;141601.5625
31398.27;141357.421875
31398.28;141601.5625
31398.29;141601.5625
31398.3;141601.5625
31398.31;141357.421875
31398.32;141601.5625
31398.33;141601.5625
31398.34;141601.5625
31398.35;141357.421875
31398.36;141601.5625
31398.37;141357.421875
31398.38;141357.421875
31398.39;141601.5625
31398.4;141357.421875
31398.41;141601.5625
31398.42;141601.5625
31398.43;141601.5625
31398.44;141357.421875
31398.45;141601.5625
31398.46;141357.421875
31398.47;141357.421875
31398.48;141357.421875
31398.49;141357.421875
31398.5;141357.421875
31398.51;141601.5625
31398.52;141601.5625
31398.53;141601.5625
31398.54;141357.421875
31398.55;141601.5625
31398.56;141357.421875
31398.57;141357.421875
31398.58;141357.421875
31398.59;141601.5625
31398.6;141357.421875
31398.61;148193.359375
31398.62;228515.625
31398.63;144042.96875
31398.64;142578.125
31398.65;142822.265625
31398.66;142333.984375
31398.67;142089.84375
31398.68;190185.546875
31398.69;197753.90625
31398.7;134521.484375
31398.71;144775.390625
31398.72;142333.984375
31398.73;142333.984375
31398.74;149414.0625
31398.75;229736.328125
31398.76;144531.25
31398.77;143066.40625
31398.78;143066.40625
31398.79;142333.984375
31398.8;142333.984375
31398.81;142089.84375
31398.82;141845.703125
31398.83;141845.703125
31398.84;141601.5625
31398.85;141601.5625
31398.86;141601.5625
31398.87;148681.640625
31398.88;229248.046875
31398.89;144042.96875
31398.9;142822.265625
31398.91;142822.265625
31398.92;142333.984375
31398.93;142089.84375
31398.94;142089.84375
31398.95;141845.703125
31398.96;141845.703125
31398.97;141601.5625
31398.98;141601.5625
31398.99;141601.5625
31399.0;148681.640625
31399.01;229248.046875
31399.02;144042.96875
31399.03;142578.125
31399.04;142578.125
31399.05;142333.984375
31399.06;142089.84375
31399.07;141845.703125
31399.08;141845.703125
31399.09;141601.5625
31399.1;141601.5625
31399.11;141601.5625
31399.12;141357.421875
31399.13;148681.640625
31399.14;229248.046875
31399.15;144042.96875
31399.16;142822.265625
31399.17;142578.125
31399.18;142333.984375
31399.19;142089.84375
31399.2;141845.703125
31399.21;141845.703125
31399.22;141601.5625
31399.23;141601.5625
31399.24;141601.5625
31399.25;141601.5625
31399.26;148681.640625
31399.27;229248.046875
31399.28;143798.828125
31399.29;142822.265625
31399.3;142578.125
31399.31;142333.984375
31399.32;141845.703125
31399.33;189941.40625
31399.34;197509.765625
31399.35;134277.34375
31399.36;144775.390625
31399.37;142089.84375
31399.38;142333.984375
31399.39;149414.0625
31399.4;229492.1875
31399.41;144287.109375
31399.42;143066.40625
31399.43;142822.265625
31399.44;142333.984375
31399.45;142089.84375
31399.46;190185.546875
31399.47;197753.90625
31399.48;134521.484375
31399.49;145019.53125
31399.5;142333.984375
31399.51;142333.984375
31399.52;149414.0625
31399.53;229736.328125
31399.54;144531.25
31399.55;143066.40625
31399.56;142822.265625
31399.57;142333.984375
31399.58;142089.84375
31399.59;190185.546875
31399.6;197753.90625
31399.61;134521.484375
31399.62;144775.390625
31399.63;142333.984375
31399.64;142333.984375
31399.65;149414.0625
31399.66;229492.1875
31399.67;144287.109375
31399.68;143066.40625
31399.69;142822.265625
31399.7;142578.125
31399.71;142089.84375
31399.72;190185.546875
31399.73;197509.765625
31399.74;134521.484375
31399.75;144775.390625
31399.76;142089.84375
31399.77;142333.984375
31399.78;149414.0625
31399.79;229736.328125
31399.8;144287.109375
31399.81;143066.40625
31399.82;143066.40625
31399.83;142333.984375
31399.84;142333.984375
31399.85;141845.703125
31399.86;141845.703125
31399.87;141601.5625
31399.88;141601.5625
31399.89;141601.5625
31399.9;141357.421875
31399.91;148681.640625
31399.92;229248.046875
31399.93;144042.96875
31399.94;142822.265625
31399.95;142578.125
31399.96;142333.984375
31399.97;142089.84375
31399.98;141845.703125
31399.99;141845.703125
31400.0;141601.5625
31400.01;141601.5625
31400.02;141357.421875
31400.03;141357.421875
31400.04;148681.640625
31400.05;229248.046875
31400.06;143798.828125
31400.07;142578.125
31400.08;142578.125
31400.09;142089.84375
31400.1;142089.84375
31400.11;141845.703125
31400.12;141845.703125
31400.13;141601.5625
31400.14;141601.5625
31400.15;141357.421875
31400.16;141357.421875
31400.17;148681.640625
31400.18;229248.046875
31400.19;143798.828125
31400.2;142822.265625
31400.21;142578.125
31400.22;142089.84375
31400.23;142089.84375
31400.24;141845.703125
31400.25;141601.5625
31400.26;141601.5625
31400.27;141601.5625
31400.28;141601.5625
31400.29;141357.421875
31400.3;148681.640625
31400.31;229003.90625
31400.32;143798.828125
31400.33;142578.125
31400.34;142578.125
31400.35;142089.84375
31400.36;142089.84375
31400.37;141845.703125
31400.38;141601.5625
31400.39;141601.5625
31400.4;141601.5625
31400.41;141357.421875
31400.42;141357.421875
31400.43;148681.640625
31400.44;229003.90625
31400.45;143798.828125
31400.46;142578.125
31400.47;142578.125
31400.48;142089.84375
31400.49;141845.703125
31400.5;141845.703125
31400.51;141601.5625
31400.52;141601.5625
31400.53;141357.421875
31400.54;141357.421875
31400.55;141357.421875
31400.56;148681.640625
31400.57;229003.90625
31400.58;143798.828125
31400.59;142578.125
31400.6;142578.125
31400.61;142089.84375
31400.62;141845.703125
31400.63;141601.5625
31400.64;141601.5625
31400.65;141601.5625
31400.66;141357.421875
31400.67;141357.421875
31400.68;141357.421875
31400.69;148681.640625
31400.7;229003.90625
31400.71;143554.6875
31400.72;142578.125
31400.73;142578.125
31400.74;142089.84375
31400.75;141845.703125
31400.76;141845.703125
31400.77;141601.5625
31400.78;141601.5625
31400.79;141601.5625
31400.8;141357.421875
31400.81;141357.421875
31400.82;141357.421875
31400.83;141357.421875
31400.84;141357.421875
31400.85;141113.28125
31400.86;141357.421875
31400.87;141113.28125
31400.88;141113.28125
31400.89;141357.421875
31400.9;141357.421875
31400.91;141357.421875
31400.92;141113.28125
31400.93;141113.28125
31400.94;141113.28125
31400.95;141113.28125
31400.96;141113.28125
31400.97;141113.28125
31400.98;141113.28125
31400.99;141113.28125
31401.0;141113.28125
31401.01;141357.421875
31401.02;141113.28125
31401.03;141113.28125
31401.04;141113.28125
31401.05;141113.28125
31401.06;141113.28125
31401.07;141113.28125
31401.08;141113.28125
31401.09;141113.28125
31401.1;141113.28125
31401.11;141357.421875
31401.12;141113.28125
31401.13;141113.28125
31401.14;141113.28125
31401.15;141113.28125
31401.16;141113.28125
31401.17;141357.421875
31401.18;141113.28125
31401.19;141113.28125
31401.2;141113.28125
31401.21;141113.28125
31401.22;141113.28125
31401.23;141357.421875
31401.24;141357.421875
31401.25;141113.28125
31401.26;141357.421875
31401.27;141113.28125
31401.28;141113.28125
31401.29;141113.28125
31401.3;141357.421875
31401.31;141113.28125
31401.32;141357.421875
31401.33;141113.28125
31401.34;141113.28125
31401.35;141357.421875
31401.36;141357.421875
31401.37;141113.28125
31401.38;141357.421875
31401.39;141113.28125
31401.4;141357.421875
31401.41;141113.28125
31401.42;141357.421875
31401.43;141113.28125
31401.44;141357.421875
31401.45;141113.28125
31401.46;141357.421875
31401.47;141113.28125
31401.48;141113.28125
31401.49;141113.28125
31401.5;141357.421875
31401.51;141357.421875
31401.52;141357.421875
31401.53;141357.421875
31401.54;141357.421875
31401.55;141357.421875
31401.56;141113.28125
31401.57;141357.421875
31401.58;141113.28125
31401.59;141113.28125
31401.6;141113.28125
31401.61;141113.28125
31401.62;141113.28125
31401.63;141113.28125
31401.64;141113.28125
31401.65;141357.421875
31401.66;141357.421875
31401.67;141113.28125
31401.68;141113.28125
31401.69;141113.28125
31401.7;141113.28125
31401.71;141113.28125
31401.72;141357.421875
31401.73;141113.28125
31401.74;141113.28125
31401.75;141357.421875
31401.76;141113.28125
31401.77;141357.421875
31401.78;141357.421875
31401.79;141357.421875
31401.8;141113.28125
31401.81;141113.28125
31401.82;141113.28125
31401.83;141357.421875
31401.84;141113.28125
31401.85;141357.421875
31401.86;141113.28125
31401.87;141357.421875
31401.88;141113.28125
31401.89;141357.421875
31401.9;141357.421875
31401.91;141113.28125
31401.92;141113.28125
31401.93;141357.421875
31401.94;141357.421875
31401.95;141113.28125
31401.96;141113.28125
31401.97;141113.28125
31401.98;141113.28125
31401.99;141357.421875
31402.0;141113.28125
31402.01;141113.28125
31402.02;141113.28125
31402.03;141113.28125
31402.04;141113.28125
31402.05;141113.28125
31402.06;141113.28125
31402.07;141113.28125
31402.08;141113.28125
31402.09;141357.421875
31402.1;141357.421875
31402.11;141357.421875
31402.12;141113.28125
31402.13;141113.28125
31402.14;141357.421875
31402.15;141113.28125
31402.16;141113.28125
31402.17;141113.28125
31402.18;141113.28125
31402.19;141357.421875
31402.2;141113.28125
31402.21;141113.28125
31402.22;141357.421875
31402.23;141113.28125
31402.24;141113.28125
31402.25;141357.421875
31402.26;141113.28125
31402.27;141113.28125
31402.28;141113.28125
31402.29;141357.421875
31402.3;141357.421875
31402.31;141357.421875
31402.32;141113.28125
31402.33;141113.28125
31402.34;141357.421875
31402.35;141113.28125
31402.36;141357.421875
31402.37;141113.28125
31402.38;141113.28125
31402.39;141113.28125
31402.4;141357.421875
31402.41;141113.28125
31402.42;141113.28125
31402.43;141113.28125
31402.44;141113.28125
31402.45;141357.421875
31402.46;141357.421875
31402.47;141113.28125
31402.48;141113.28125
31402.49;141357.421875
31402.5;141113.28125
31402.51;141357.421875
31402.52;141113.28125
31402.53;141113.28125
31402.54;141113.28125
31402.55;141357.421875
31402.56;141113.28125
31402.57;141113.28125
31402.58;141113.28125
31402.59;141113.28125
31402.6;141113.28125
31402.61;141357.421875
31402.62;141113.28125
31402.63;141113.28125
31402.64;141113.28125
31402.65;141113.28125
31402.66;141357.421875
31402.67;141113.28125
31402.68;141113.28125
31402.69;141357.421875
31402.7;141113.28125
31402.71;141357.421875
31402.72;141357.421875
31402.73;141357.421875
31402.74;141113.28125
31402.75;141357.421875
31402.76;141357.421875
31402.77;141113.28125
31402.78;141113.28125
31402.79;141113.28125
31402.8;141357.421875
31402.81;141113.28125
31402.82;141113.28125
31402.83;141357.421875
31402.84;141113.28125
31402.85;141113.28125
31402.86;141113.28125
31402.87;141357.421875
31402.88;141113.28125
31402.89;141113.28125
31402.9;141113.28125
31402.91;141113.28125
31402.92;141357.421875
31402.93;141113.28125
31402.94;141357.421875
31402.95;141113.28125
31402.96;141357.421875
31402.97;141113.28125
31402.98;141113.28125
31402.99;141113.28125
31403.0;141113.28125
31403.01;141357.421875
31403.02;141113.28125
31403.03;141357.421875
31403.04;141113.28125
31403.05;141357.421875
31403.06;141113.28125
31403.07;141113.28125
31403.08;141113.28125
31403.09;141113.28125
31403.1;141113.28125
31403.11;141113.28125
31403.12;141113.28125
31403.13;141113.28125
31403.14;141113.28125
31403.15;141113.28125
31403.16;141113.28125
31403.17;141357.421875
31403.18;141113.28125
31403.19;141357.421875
31403.2;141357.421875
31403.21;141113.28125
31403.22;141357.421875
31403.23;141113.28125
31403.24;141113.28125
31403.25;141113.28125
31403.26;141113.28125
31403.27;141113.28125
31403.28;141113.28125
31403.29;141113.28125
31403.3;141113.28125
31403.31;141113.28125
31403.32;141357.421875
31403.33;141113.28125
31403.34;141113.28125
31403.35;141113.28125
31403.36;141113.28125
31403.37;141113.28125
31403.38;141113.28125
31403.39;141357.421875
31403.4;141113.28125
31403.41;141113.28125
31403.42;141113.28125
31403.43;141357.421875
31403.44;141113.28125
31403.45;141357.421875
31403.46;141113.28125
31403.47;141357.421875
31403.48;141113.28125
31403.49;141113.28125
31403.5;141357.421875
31403.51;141113.28125
31403.52;141357.421875
31403.53;141357.421875
31403.54;141357.421875
31403.55;141357.421875
31403.56;141357.421875
31403.57;141113.28125
31403.58;141113.28125
31403.59;141357.421875
31403.6;141113.28125
31403.61;141357.421875
31403.62;141113.28125
31403.63;141357.421875
31403.64;141113.28125
31403.65;141357.421875
31403.66;141357.421875
31403.67;141357.421875
31403.68;141357.421875
31403.69;141357.421875
31403.7;141357.421875
31403.71;141357.421875
31403.72;141113.28125
31403.73;141357.421875
31403.74;141113.28125
31403.75;141357.421875
31403.76;141113.28125
31403.77;141357.421875
31403.78;141113.28125
31403.79;141357.421875
31403.8;141357.421875
31403.81;141113.28125
31403.82;141357.421875
31403.83;141113.28125
31403.84;141357.421875
31403.85;141113.28125
31403.86;141113.28125
31403.87;141113.28125
31403.88;141357.421875
31403.89;141357.421875
31403.9;141357.421875
31403.91;141357.421875
31403.92;141357.421875
31403.93;141113.28125
31403.94;141357.421875
31403.95;141113.28125
31403.96;141357.421875
31403.97;141113.28125
31403.98;141357.421875
31403.99;141113.28125
31404.0;141357.421875
31404.01;141113.28125
31404.02;141357.421875
31404.03;141357.421875
31404.04;141357.421875
31404.05;141357.421875
31404.06;141113.28125
31404.07;141113.28125
31404.08;141113.28125
31404.09;141113.28125
31404.1;141357.421875
31404.11;141113.28125
31404.12;141357.421875
31404.13;141113.28125
31404.14;141113.28125
31404.15;141357.421875
31404.16;141357.421875
31404.17;141357.421875
31404.18;141113.28125
31404.19;141113.28125
31404.2;141357.421875
31404.21;141113.28125
31404.22;141113.28125
31404.23;141113.28125
31404.24;141113.28125
31404.25;141357.421875
31404.26;141113.28125
31404.27;141357.421875
31404.28;141113.28125
31404.29;141357.421875
31404.3;141113.28125
31404.31;141113.28125
31404.32;141357.421875
31404.33;141113.28125
31404.34;141357.421875
31404.35;141113.28125
31404.36;141357.421875
31404.37;141357.421875
31404.38;141113.28125
31404.39;141113.28125
31404.4;141357.421875
31404.41;141113.28125
31404.42;141113.28125
31404.43;141113.28125
31404.44;141113.28125
31404.45;141113.28125
31404.46;141113.28125
31404.47;141113.28125
31404.48;141113.28125
31404.49;141113.28125
31404.5;141113.28125
31404.51;141113.28125
31404.52;141113.28125
31404.53;141113.28125
31404.54;141113.28125
31404.55;141113.28125
31404.56;141113.28125
31404.57;141113.28125
31404.58;141113.28125
31404.59;141113.28125
31404.6;141113.28125
31404.61;141113.28125
31404.62;141113.28125
31404.63;141113.28125
31404.64;141357.421875
31404.65;141113.28125
31404.66;141113.28125
31404.67;141357.421875
31404.68;141113.28125
31404.69;141113.28125
31404.7;141113.28125
31404.71;141113.28125
31404.72;141113.28125
31404.73;141113.28125
31404.74;141113.28125
31404.75;141113.28125
31404.76;141113.28125
31404.77;141113.28125
31404.78;141113.28125
31404.79;141113.28125
31404.8;141113.28125
31404.81;141113.28125
31404.82;141113.28125
31404.83;141113.28125
31404.84;141113.28125
31404.85;141113.28125
31404.86;141113.28125
31404.87;141113.28125
31404.88;141357.421875
31404.89;141113.28125
31404.9;141113.28125
31404.91;141113.28125
31404.92;141113.28125
31404.93;141113.28125
31404.94;141113.28125
31404.95;141113.28125
31404.96;141113.28125
31404.97;141113.28125
31404.98;141113.28125
31404.99;141113.28125
31405.0;141113.28125
31405.01;141113.28125
31405.02;141113.28125
31405.03;141113.28125
31405.04;141113.28125
31405.05;141113.28125
31405.06;141113.28125
31405.07;141113.28125
31405.08;141113.28125
31405.09;141357.421875
31405.1;141113.28125
31405.11;141113.28125
31405.12;141113.28125
31405.13;141113.28125
31405.14;141113.28125
31405.15;141113.28125
31405.16;141113.28125
31405.17;141113.28125
31405.18;141113.28125
31405.19;141113.28125
31405.2;141113.28125
31405.21;141113.28125
31405.22;141113.28125
31405.23;141113.28125
31405.24;141113.28125
31405.25;141113.28125
31405.26;141113.28125
31405.27;141113.28125
31405.28;141113.28125
31405.29;141113.28125
31405.3;141357.421875
31405.31;141113.28125
31405.32;141113.28125
31405.33;141113.28125
31405.34;141113.28125
31405.35;141113.28125
31405.36;141113.28125
31405.37;141113.28125
31405.38;141113.28125
31405.39;141113.28125
31405.4;141113.28125
31405.41;141113.28125
31405.42;141357.421875
31405.43;141113.28125
31405.44;141113.28125
31405.45;141113.28125
31405.46;141357.421875
31405.47;141357.421875
31405.48;141113.28125
31405.49;141113.28125
31405.5;141357.421875
31405.51;141357.421875
31405.52;141113.28125
31405.53;141113.28125
31405.54;141357.421875
31405.55;141113.28125
31405.56;141113.28125
31405.57;141113.28125
31405.58;141113.28125
31405.59;141113.28125
31405.6;141113.28125
31405.61;141113.28125
31405.62;141113.28125
31405.63;141357.421875
31405.64;141113.28125
31405.65;141357.421875
31405.66;141357.421875
31405.67;141113.28125
31405.68;141113.28125
31405.69;141113.28125
31405.7;141357.421875
31405.71;141357.421875
31405.72;141113.28125
31405.73;141357.421875
31405.74;141357.421875
31405.75;141113.28125
31405.76;141113.28125
31405.77;141113.28125
31405.78;141113.28125
31405.79;141113.28125
31405.8;141113.28125
31405.81;141113.28125
31405.82;141113.28125
31405.83;141113.28125
31405.84;141357.421875
31405.85;141113.28125
31405.86;141113.28125
31405.87;141113.28125
31405.88;141113.28125
31405.89;141357.421875
31405.9;141113.28125
31405.91;141113.28125
31405.92;141357.421875
31405.93;141113.28125
31405.94;141357.421875
31405.95;141357.421875
31405.96;141357.421875
31405.97;141113.28125
31405.98;141113.28125
31405.99;141113.28125
31406.0;141357.421875
31406.01;141113.28125
31406.02;141113.28125
31406.03;141113.28125
31406.04;141113.28125
31406.05;141113.28125
31406.06;141357.421875
31406.07;141113.28125
31406.08;141113.28125
31406.09;141113.28125
31406.1;141113.28125
31406.11;141357.421875
31406.12;141113.28125
31406.13;141357.421875
31406.14;141113.28125
31406.15;141113.28125
31406.16;141113.28125
31406.17;141113.28125
31406.18;141113.28125
31406.19;141113.28125
31406.2;141113.28125
31406.21;141113.28125
31406.22;141113.28125
31406.23;141113.28125
31406.24;141357.421875
31406.25;141113.28125
31406.26;141357.421875
31406.27;141113.28125
31406.28;141113.28125
31406.29;141113.28125
31406.3;141113.28125
31406.31;141113.28125
31406.32;141113.28125
31406.33;141113.28125
31406.34;141113.28125
31406.35;141357.421875
31406.36;141113.28125
31406.37;141357.421875
31406.38;141113.28125
31406.39;141113.28125
31406.4;141113.28125
31406.41;141113.28125
31406.42;141113.28125
31406.43;141113.28125
31406.44;141113.28125
31406.45;141113.28125
31406.46;141113.28125
31406.47;141113.28125
31406.48;141113.28125
31406.49;141113.28125
31406.5;141113.28125
31406.51;141113.28125
31406.52;141113.28125
31406.53;141113.28125
31406.54;141113.28125
31406.55;141113.28125
31406.56;141113.28125
31406.57;141113.28125
31406.58;141113.28125
31406.59;141113.28125
31406.6;141357.421875
31406.61;141113.28125
31406.62;141357.421875
31406.63;141113.28125
31406.64;141113.28125
31406.65;141113.28125
31406.66;141113.28125
31406.67;141113.28125
31406.68;141113.28125
31406.69;141113.28125
31406.7;141113.28125
31406.71;141113.28125
31406.72;141113.28125
31406.73;141113.28125
31406.74;141113.28125
31406.75;141113.28125
31406.76;141113.28125
31406.77;141113.28125
31406.78;141113.28125
31406.79;141113.28125
31406.8;141113.28125
31406.81;141113.28125
31406.82;141113.28125
31406.83;141113.28125
31406.84;141113.28125
31406.85;141113.28125
31406.86;141357.421875
31406.87;141113.28125
31406.88;141113.28125
31406.89;141113.28125
31406.9;141113.28125
31406.91;141113.28125
31406.92;141113.28125
31406.93;141357.421875
31406.94;141113.28125
31406.95;141113.28125
31406.96;141113.28125
31406.97;141113.28125
31406.98;141357.421875
31406.99;141113.28125
31407.0;141113.28125
31407.01;141113.28125
31407.02;141113.28125
31407.03;141113.28125
31407.04;141113.28125
31407.05;141113.28125
31407.06;141113.28125
31407.07;141113.28125
31407.08;141113.28125
31407.09;141113.28125
31407.1;141113.28125
31407.11;141113.28125
31407.12;141113.28125
31407.13;141113.28125
31407.14;141113.28125
31407.15;141113.28125
31407.16;141113.28125
31407.17;141113.28125
31407.18;141357.421875
31407.19;141113.28125
31407.2;141113.28125
31407.21;141113.28125
31407.22;141113.28125
31407.23;141113.28125
31407.24;141113.28125
31407.25;141113.28125
31407.26;141113.28125
31407.27;141113.28125
31407.28;141113.28125
31407.29;141113.28125
31407.3;141113.28125
31407.31;141113.28125
31407.32;141113.28125
31407.33;141113.28125
31407.34;141113.28125
31407.35;141113.28125
31407.36;141357.421875
31407.37;141113.28125
31407.38;141113.28125
31407.39;141113.28125
31407.4;141113.28125
31407.41;141113.28125
31407.42;141357.421875
31407.43;141113.28125
31407.44;141357.421875
31407.45;141357.421875
31407.46;141113.28125
31407.47;141113.28125
31407.48;141357.421875
31407.49;141357.421875
31407.5;141113.28125
31407.51;141113.28125
31407.52;141357.421875
31407.53;141113.28125
31407.54;141357.421875
31407.55;141113.28125
31407.56;141113.28125
31407.57;141357.421875
31407.58;141113.28125
31407.59;141113.28125
31407.6;141113.28125
31407.61;141357.421875
31407.62;141357.421875
31407.63;141113.28125
31407.64;141357.421875
31407.65;141113.28125
31407.66;141113.28125
31407.67;141357.421875
31407.68;141357.421875
31407.69;141357.421875
31407.7;141113.28125
31407.71;141357.421875
31407.72;141113.28125
31407.73;141113.28125
31407.74;141113.28125
31407.75;141113.28125
31407.76;141113.28125
31407.77;141357.421875
31407.78;141113.28125
31407.79;141357.421875
31407.8;141357.421875
31407.81;141357.421875
31407.82;141113.28125
31407.83;141113.28125
31407.84;141113.28125
31407.85;141113.28125
31407.86;141113.28125
31407.87;141113.28125
31407.88;141113.28125
31407.89;141357.421875
31407.9;141113.28125
31407.91;141357.421875
31407.92;141113.28125
31407.93;141357.421875
31407.94;141357.421875
31407.95;141357.421875
31407.96;141113.28125
31407.97;141113.28125
31407.98;141113.28125
31407.99;141357.421875
31408.0;141357.421875
31408.01;141113.28125
31408.02;141357.421875
31408.03;141113.28125
31408.04;141357.421875
31408.05;141113.28125
31408.06;141113.28125
31408.07;141357.421875
31408.08;141113.28125
31408.09;141357.421875
31408.1;141357.421875
31408.11;141113.28125
31408.12;141357.421875
31408.13;141113.28125
31408.14;141113.28125
31408.15;141113.28125
31408.16;141113.28125
31408.17;141357.421875
31408.18;141357.421875
31408.19;141113.28125
31408.2;141113.28125
31408.21;141357.421875
31408.22;141113.28125
31408.23;141113.28125
31408.24;141113.28125
31408.25;141357.421875
31408.26;141113.28125
31408.27;141357.421875
31408.28;141357.421875
31408.29;141113.28125
31408.3;141357.421875
31408.31;141113.28125
31408.32;141357.421875
31408.33;141113.28125
31408.34;141357.421875
31408.35;141357.421875
31408.36;141113.28125
31408.37;141113.28125
31408.38;141357.421875
31408.39;141113.28125
31408.4;141113.28125
31408.41;141113.28125
31408.42;141113.28125
31408.43;141113.28125
31408.44;141113.28125
31408.45;141113.28125
31408.46;141113.28125
31408.47;141113.28125
31408.48;141113.28125
31408.49;141113.28125
31408.5;141357.421875
31408.51;141113.28125
31408.52;141113.28125
31408.53;141113.28125
31408.54;141113.28125
31408.55;141357.421875
31408.56;141113.28125
31408.57;141113.28125
31408.58;141113.28125
31408.59;141113.28125
31408.6;141113.28125
31408.61;141113.28125
31408.62;141113.28125
31408.63;141357.421875
31408.64;141113.28125
31408.65;141113.28125
31408.66;141113.28125
31408.67;141113.28125
31408.68;141357.421875
31408.69;141357.421875
31408.7;141113.28125
31408.71;141113.28125
31408.72;141113.28125
31408.73;141113.28125
31408.74;141357.421875
31408.75;141113.28125
31408.76;141113.28125
31408.77;141357.421875
31408.78;141113.28125
31408.79;141113.28125
31408.8;141113.28125
31408.81;141113.28125
31408.82;141357.421875
31408.83;141113.28125
31408.84;141357.421875
31408.85;141113.28125
31408.86;141113.28125
31408.87;141113.28125
31408.88;141357.421875
31408.89;141113.28125
31408.9;141113.28125
31408.91;141113.28125
31408.92;141113.28125
31408.93;141357.421875
31408.94;141113.28125
31408.95;141357.421875
31408.96;141113.28125
31408.97;141357.421875
31408.98;141357.421875
31408.99;141113.28125
31409.0;141113.28125
31409.01;141113.28125
31409.02;141357.421875
31409.03;141113.28125
31409.04;141113.28125
31409.05;141357.421875
31409.06;141357.421875
31409.07;141113.28125
31409.08;141113.28125
31409.09;141113.28125
31409.1;141113.28125
31409.11;141357.421875
31409.12;141113.28125
31409.13;141113.28125
31409.14;141357.421875
31409.15;141357.421875
31409.16;141113.28125
31409.17;141357.421875
31409.18;141357.421875
31409.19;141357.421875
31409.2;141113.28125
31409.21;141357.421875
31409.22;141113.28125
31409.23;141357.421875
31409.24;141357.421875
31409.25;141357.421875
31409.26;141113.28125
31409.27;141357.421875
31409.28;141357.421875
31409.29;141357.421875
31409.3;141357.421875
31409.31;141357.421875
31409.32;141113.28125
31409.33;141357.421875
31409.34;141357.421875
31409.35;141357.421875
31409.36;141357.421875
31409.37;141357.421875
31409.38;141357.421875
31409.39;141357.421875
31409.4;141357.421875
31409.41;141357.421875
31409.42;141357.421875
31409.43;141357.421875
31409.44;141357.421875
31409.45;141357.421875
31409.46;141357.421875
31409.47;141357.421875
31409.48;141357.421875
31409.49;141357.421875
31409.5;141357.421875
31409.51;141357.421875
31409.52;141357.421875
31409.53;141357.421875
31409.54;141357.421875
31409.55;141357.421875
31409.56;141357.421875
31409.57;141357.421875
31409.58;141357.421875
31409.59;141357.421875
31409.6;141357.421875
31409.61;141357.421875
31409.62;141357.421875
31409.63;141357.421875
31409.64;141357.421875
31409.65;141357.421875
31409.66;141357.421875
31409.67;141357.421875
31409.68;141357.421875
31409.69;141357.421875
31409.7;141357.421875
31409.71;141357.421875
31409.72;141357.421875
31409.73;141357.421875
31409.74;141357.421875
31409.75;141357.421875
31409.76;141357.421875
31409.77;141357.421875
31409.78;141357.421875
31409.79;141357.421875
31409.8;141357.421875
31409.81;141357.421875
31409.82;141357.421875
31409.83;141357.421875
31409.84;141357.421875
31409.85;141357.421875
31409.86;141357.421875
31409.87;141357.421875
31409.88;141357.421875
31409.89;141357.421875
31409.9;141357.421875
31409.91;141357.421875
31409.92;141357.421875
31409.93;141357.421875
31409.94;141357.421875
31409.95;141357.421875
31409.96;141357.421875
31409.97;141357.421875
31409.98;141357.421875
31409.99;141357.421875
31410.0;141357.421875
31410.01;141357.421875
31410.02;141357.421875
31410.03;141357.421875
31410.04;141357.421875
31410.05;141357.421875
31410.06;141357.421875
31410.07;141357.421875
31410.08;141357.421875
31410.09;141357.421875
31410.1;141357.421875
31410.11;141357.421875
31410.12;141357.421875
31410.13;141357.421875
31410.14;141357.421875
31410.15;141357.421875
31410.16;141357.421875
31410.17;141357.421875
31410.18;141357.421875
31410.19;141357.421875
31410.2;141357.421875
31410.21;141357.421875
31410.22;141357.421875
31410.23;141357.421875
31410.24;141357.421875
31410.25;141357.421875
31410.26;141357.421875
31410.27;141357.421875
31410.28;141357.421875
31410.29;141357.421875
31410.3;141357.421875
31410.31;141357.421875
31410.32;141357.421875
31410.33;141357.421875
31410.34;141357.421875
31410.35;141357.421875
31410.36;141357.421875
31410.37;141357.421875
31410.38;141357.421875
31410.39;141357.421875
31410.4;141357.421875
31410.41;141357.421875
31410.42;141357.421875
31410.43;141357.421875
31410.44;141357.421875
31410.45;141357.421875
31410.46;141357.421875
31410.47;141357.421875
31410.48;141357.421875
31410.49;141357.421875
31410.5;141357.421875
31410.51;141357.421875
31410.52;141357.421875
31410.53;141357.421875
31410.54;141357.421875
31410.55;141357.421875
31410.56;141357.421875
31410.57;141357.421875
31410.58;141357.421875
31410.59;141357.421875
31410.6;141357.421875
31410.61;141357.421875
31410.62;141357.421875
31410.63;141357.421875
31410.64;141357.421875
31410.65;141357.421875
31410.66;141357.421875
31410.67;141601.5625
31410.68;141357.421875
31410.69;141357.421875
31410.7;141357.421875
31410.71;141357.421875
31410.72;141601.5625
31410.73;141357.421875
31410.74;141357.421875
31410.75;141601.5625
31410.76;141357.421875
31410.77;141357.421875
31410.78;141357.421875
31410.79;141357.421875
31410.8;141601.5625
31410.81;141357.421875
31410.82;141601.5625
31410.83;141357.421875
31410.84;141357.421875
31410.85;141357.421875
31410.86;141357.421875
31410.87;141357.421875
31410.88;141357.421875
31410.89;141357.421875
31410.9;141601.5625
31410.91;141357.421875
31410.92;141357.421875
31410.93;141357.421875
31410.94;141601.5625
31410.95;141357.421875
31410.96;141601.5625
31410.97;141357.421875
31410.98;141601.5625
31410.99;141601.5625
31411.0;141357.421875
31411.01;141357.421875
31411.02;141601.5625
31411.03;141601.5625
31411.04;141601.5625
31411.05;141357.421875
31411.06;141357.421875
31411.07;141601.5625
31411.08;141601.5625
31411.09;141601.5625
31411.1;141357.421875
31411.11;141601.5625
31411.12;141601.5625
31411.13;141601.5625
31411.14;141357.421875
31411.15;141601.5625
31411.16;141601.5625
31411.17;141357.421875
31411.18;141357.421875
31411.19;141601.5625
31411.2;141357.421875
31411.21;141601.5625
31411.22;141601.5625
31411.23;141601.5625
31411.24;141601.5625
31411.25;141601.5625
31411.26;141601.5625
31411.27;141357.421875
31411.28;141601.5625
31411.29;141601.5625
31411.3;141601.5625
31411.31;141601.5625
31411.32;141601.5625
31411.33;141601.5625
31411.34;141601.5625
31411.35;141601.5625
31411.36;141601.5625
31411.37;141357.421875
31411.38;141601.5625
31411.39;141601.5625
31411.4;141601.5625
31411.41;141601.5625
31411.42;141601.5625
31411.43;141601.5625
31411.44;141601.5625
31411.45;141601.5625
31411.46;141601.5625
31411.47;141601.5625
31411.48;141601.5625
31411.49;141601.5625
31411.5;141601.5625
31411.51;141601.5625
31411.52;141601.5625
31411.53;141601.5625
31411.54;141601.5625
31411.55;141601.5625
31411.56;141601.5625
31411.57;141601.5625
31411.58;141601.5625
31411.59;141601.5625
31411.6;141601.5625
31411.61;141601.5625
31411.62;141601.5625
31411.63;141601.5625
31411.64;141601.5625
31411.65;141601.5625
31411.66;141601.5625
31411.67;141601.5625
31411.68;141601.5625
31411.69;141601.5625
31411.7;141601.5625
31411.71;141601.5625
31411.72;141601.5625
31411.73;141601.5625
31411.74;141601.5625
31411.75;141601.5625
31411.76;141601.5625
31411.77;141601.5625
31411.78;141601.5625
31411.79;141601.5625
31411.8;141601.5625
31411.81;141601.5625
31411.82;141845.703125
31411.83;141601.5625
31411.84;141601.5625
31411.85;141601.5625
31411.86;141601.5625
31411.87;141601.5625
31411.88;141601.5625
31411.89;141601.5625
31411.9;141601.5625
31411.91;141601.5625
31411.92;141601.5625
31411.93;141601.5625
31411.94;141601.5625
31411.95;141601.5625
31411.96;141601.5625
31411.97;141601.5625
31411.98;141601.5625
31411.99;141601.5625
31412.0;141601.5625
31412.01;141601.5625
31412.02;141601.5625
31412.03;141601.5625
31412.04;141601.5625
31412.05;141601.5625
31412.06;141601.5625
31412.07;141601.5625
31412.08;141601.5625
31412.09;141601.5625
31412.1;141601.5625
31412.11;141601.5625
31412.12;141601.5625
31412.13;141601.5625
31412.14;141601.5625
31412.15;141601.5625
31412.16;141601.5625
31412.17;141601.5625
31412.18;141601.5625
31412.19;141601.5625
31412.2;141601.5625
31412.21;141601.5625
31412.22;141601.5625
31412.23;141601.5625
31412.24;141601.5625
31412.25;141845.703125
31412.26;141601.5625
31412.27;141601.5625
31412.28;141601.5625
31412.29;141601.5625
31412.3;141601.5625
31412.31;141601.5625
31412.32;141601.5625
31412.33;141601.5625
31412.34;141601.5625
31412.35;141845.703125
31412.36;141601.5625
31412.37;141601.5625
31412.38;141845.703125
31412.39;141601.5625
31412.4;141845.703125
31412.41;141601.5625
31412.42;141601.5625
31412.43;141601.5625
31412.44;141601.5625
31412.45;141601.5625
31412.46;141601.5625
31412.47;141601.5625
31412.48;141601.5625
31412.49;141601.5625
31412.5;141601.5625
31412.51;141601.5625
31412.52;141601.5625
31412.53;141601.5625
31412.54;141601.5625
31412.55;141601.5625
31412.56;141601.5625
31412.57;141601.5625
31412.58;141601.5625
31412.59;141601.5625
31412.6;141601.5625
31412.61;141601.5625
31412.62;141601.5625
31412.63;141601.5625
31412.64;141601.5625
31412.65;141601.5625
31412.66;141601.5625
31412.67;141601.5625
31412.68;141601.5625
31412.69;141601.5625
31412.7;141601.5625
31412.71;141601.5625
31412.72;141601.5625
31412.73;141601.5625
31412.74;141601.5625
31412.75;141601.5625
31412.76;141601.5625
31412.77;141845.703125
31412.78;141601.5625
31412.79;141601.5625
31412.8;141601.5625
31412.81;141601.5625
31412.82;141601.5625
31412.83;141601.5625
31412.84;141601.5625
31412.85;141601.5625
31412.86;141601.5625
31412.87;141601.5625
31412.88;141601.5625
31412.89;141601.5625
31412.9;141601.5625
31412.91;141601.5625
31412.92;141601.5625
31412.93;141601.5625
31412.94;141601.5625
31412.95;141601.5625
31412.96;141601.5625
31412.97;141601.5625
31412.98;141601.5625
31412.99;141601.5625
31413.0;141601.5625
31413.01;141601.5625
31413.02;141601.5625
31413.03;141601.5625
31413.04;141601.5625
31413.05;141601.5625
31413.06;141601.5625
31413.07;141601.5625
31413.08;141601.5625
31413.09;141601.5625
31413.1;141601.5625
31413.11;141601.5625
31413.12;141601.5625
31413.13;141601.5625
31413.14;141601.5625
31413.15;141601.5625
31413.16;141601.5625
31413.17;141601.5625
31413.18;141601.5625
31413.19;141601.5625
31413.2;141601.5625
31413.21;141601.5625
31413.22;141601.5625
31413.23;141601.5625
31413.24;141601.5625
31413.25;141601.5625
31413.26;141601.5625
31413.27;141601.5625
31413.28;141601.5625
31413.29;141601.5625
31413.3;141601.5625
31413.31;141601.5625
31413.32;141601.5625
31413.33;141601.5625
31413.34;141601.5625
31413.35;141601.5625
31413.36;141357.421875
31413.37;141601.5625
31413.38;141601.5625
31413.39;141601.5625
31413.4;141601.5625
31413.41;141601.5625
31413.42;141601.5625
31413.43;141601.5625
31413.44;141601.5625
31413.45;141601.5625
31413.46;141601.5625
31413.47;141845.703125
31413.48;141601.5625
31413.49;141601.5625
31413.5;141601.5625
31413.51;141601.5625
31413.52;141601.5625
31413.53;141601.5625
31413.54;141601.5625
31413.55;141601.5625
31413.56;141601.5625
31413.57;141601.5625
31413.58;141601.5625
31413.59;141601.5625
31413.6;141601.5625
31413.61;141601.5625
31413.62;141601.5625
31413.63;141601.5625
31413.64;141601.5625
31413.65;141601.5625
31413.66;141601.5625
31413.67;141601.5625
31413.68;141601.5625
31413.69;141601.5625
31413.7;141601.5625
31413.71;141601.5625
31413.72;141601.5625
31413.73;141601.5625
31413.74;141601.5625
31413.75;141601.5625
31413.76;141601.5625
31413.77;141601.5625
31413.78;141601.5625
31413.79;141601.5625
31413.8;141601.5625
31413.81;141601.5625
31413.82;141601.5625
31413.83;141601.5625
31413.84;141601.5625
31413.85;141601.5625
31413.86;141601.5625
31413.87;141601.5625
31413.88;141601.5625
31413.89;141601.5625
31413.9;141601.5625
31413.91;141601.5625
31413.92;141601.5625
31413.93;141601.5625
31413.94;141601.5625
31413.95;141601.5625
31413.96;141601.5625
31413.97;141601.5625
31413.98;141601.5625
31413.99;141601.5625
31414.0;141601.5625
31414.01;141601.5625
31414.02;141601.5625
31414.03;141601.5625
31414.04;141601.5625
31414.05;141601.5625
31414.06;141601.5625
31414.07;141601.5625
31414.08;141601.5625
31414.09;141601.5625
31414.1;141601.5625
31414.11;141845.703125
31414.12;141601.5625
31414.13;141601.5625
31414.14;141601.5625
31414.15;141601.5625
31414.16;141601.5625
31414.17;141601.5625
31414.18;141601.5625
31414.19;141601.5625
31414.2;141601.5625
31414.21;141601.5625
31414.22;141601.5625
31414.23;141601.5625
31414.24;141601.5625
31414.25;141601.5625
31414.26;141601.5625
31414.27;141601.5625
31414.28;141601.5625
31414.29;141601.5625
31414.3;141601.5625
31414.31;141601.5625
31414.32;141845.703125
31414.33;141601.5625
31414.34;141601.5625
31414.35;141601.5625
31414.36;141601.5625
31414.37;141601.5625
31414.38;141601.5625
31414.39;141601.5625
31414.4;141601.5625
31414.41;141601.5625
31414.42;141601.5625
31414.43;141601.5625
31414.44;141601.5625
31414.45;141601.5625
31414.46;141601.5625
31414.47;141601.5625
31414.48;141601.5625
31414.49;141601.5625
31414.5;141601.5625
31414.51;141601.5625
31414.52;141601.5625
31414.53;141601.5625
31414.54;141601.5625
31414.55;141601.5625
31414.56;141601.5625
31414.57;141601.5625
31414.58;141601.5625
31414.59;141601.5625
31414.6;141601.5625
31414.61;141601.5625
31414.62;141601.5625
31414.63;141601.5625
31414.64;141601.5625
31414.65;141601.5625
31414.66;141601.5625
31414.67;141601.5625
31414.68;141601.5625
31414.69;141601.5625
31414.7;141601.5625
31414.71;141601.5625
31414.72;141601.5625
31414.73;141601.5625
31414.74;141601.5625
31414.75;141601.5625
31414.76;141601.5625
31414.77;141601.5625
31414.78;141601.5625
31414.79;141601.5625
31414.8;141601.5625
31414.81;141601.5625
31414.82;141601.5625
31414.83;141601.5625
31414.84;141601.5625
31414.85;141601.5625
31414.86;141601.5625
31414.87;141601.5625
31414.88;141601.5625
31414.89;141601.5625
31414.9;141601.5625
31414.91;141601.5625
31414.92;141601.5625
31414.93;141601.5625
31414.94;141601.5625
31414.95;141601.5625
31414.96;141601.5625
31414.97;141601.5625
31414.98;141601.5625
31414.99;141601.5625
31415.0;141601.5625
31415.01;141601.5625
31415.02;141601.5625
31415.03;141601.5625
31415.04;141601.5625
31415.05;141601.5625
31415.06;141601.5625
31415.07;141601.5625
31415.08;141601.5625
31415.09;141601.5625
31415.1;141601.5625
31415.11;141601.5625
31415.12;141601.5625
31415.13;141601.5625
31415.14;141601.5625
31415.15;141601.5625
31415.16;141601.5625
31415.17;141601.5625
31415.18;141601.5625
31415.19;141601.5625
31415.2;141601.5625
31415.21;141601.5625
31415.22;141601.5625
31415.23;141601.5625
31415.24;141601.5625
31415.25;141601.5625
31415.26;141601.5625
31415.27;141601.5625
31415.28;141601.5625
31415.29;141601.5625
31415.3;141601.5625
31415.31;141601.5625
31415.32;141601.5625
31415.33;141601.5625
31415.34;141601.5625
31415.35;141601.5625
31415.36;141601.5625
31415.37;141601.5625
31415.38;141601.5625
31415.39;141601.5625
31415.4;141601.5625
31415.41;141601.5625
31415.42;141601.5625
31415.43;141601.5625
31415.44;141601.5625
31415.45;141601.5625
31415.46;141601.5625
31415.47;141601.5625
31415.48;141601.5625
31415.49;141601.5625
31415.5;141601.5625
31415.51;141601.5625
31415.52;141601.5625
31415.53;141601.5625
31415.54;141601.5625
31415.55;141601.5625
31415.56;141601.5625
31415.57;141601.5625
31415.58;141601.5625
31415.59;141601.5625
31415.6;141601.5625
31415.61;141601.5625
31415.62;141845.703125
31415.63;141601.5625
31415.64;141601.5625
31415.65;141601.5625
31415.66;141601.5625
31415.67;141601.5625
31415.68;141601.5625
31415.69;141601.5625
31415.7;141601.5625
31415.71;141601.5625
31415.72;141601.5625
31415.73;141601.5625
31415.74;141601.5625
31415.75;141845.703125
31415.76;141357.421875
31415.77;141601.5625
31415.78;141601.5625
31415.79;141601.5625
31415.8;141601.5625
31415.81;141601.5625
31415.82;141601.5625
31415.83;141601.5625
31415.84;141601.5625
31415.85;141845.703125
31415.86;141601.5625
31415.87;141601.5625
31415.88;141601.5625
31415.89;141601.5625
31415.9;141601.5625
31415.91;141601.5625
31415.92;141601.5625
31415.93;141601.5625
31415.94;141601.5625
31415.95;141601.5625
31415.96;141601.5625
31415.97;141601.5625
31415.98;141601.5625
31415.99;141601.5625
31416.0;141601.5625
31416.01;141601.5625
31416.02;141601.5625
31416.03;141601.5625
31416.04;141601.5625
31416.05;141601.5625
31416.06;141601.5625
31416.07;141601.5625
31416.08;141601.5625
31416.09;141601.5625
31416.1;141601.5625
31416.11;141601.5625
31416.12;141601.5625
31416.13;141601.5625
31416.14;141601.5625
31416.15;141601.5625
31416.16;141601.5625
31416.17;141601.5625
31416.18;141601.5625
31416.19;141601.5625
31416.2;141601.5625
31416.21;141601.5625
31416.22;141601.5625
31416.23;141601.5625
31416.24;141601.5625
31416.25;141601.5625
31416.26;141601.5625
31416.27;141601.5625
31416.28;141601.5625
31416.29;141601.5625
31416.3;141601.5625
31416.31;141601.5625
31416.32;141601.5625
31416.33;141601.5625
31416.34;141601.5625
31416.35;141601.5625
31416.36;141845.703125
31416.37;141601.5625
31416.38;141601.5625
31416.39;141601.5625
31416.4;141601.5625
31416.41;141601.5625
31416.42;141601.5625
31416.43;141601.5625
31416.44;141601.5625
31416.45;141601.5625
31416.46;141601.5625
31416.47;141601.5625
31416.48;141601.5625
31416.49;141601.5625
31416.5;141601.5625
31416.51;141601.5625
31416.52;141601.5625
31416.53;141601.5625
31416.54;141601.5625
31416.55;141601.5625
31416.56;141601.5625
31416.57;141601.5625
31416.58;141601.5625
31416.59;141601.5625
31416.6;141601.5625
31416.61;149169.921875
31416.62;229003.90625
31416.63;143066.40625
31416.64;143066.40625
31416.65;142822.265625
31416.66;142333.984375
31416.67;142333.984375
31416.68;191894.53125
31416.69;195800.78125
31416.7;135009.765625
31416.71;145019.53125
31416.72;142333.984375
31416.73;142578.125
31416.74;150390.625
31416.75;229980.46875
31416.76;143554.6875
31416.77;143310.546875
31416.78;143066.40625
31416.79;142578.125
31416.8;142578.125
31416.81;142333.984375
31416.82;142089.84375
31416.83;142089.84375
31416.84;141845.703125
31416.85;141845.703125
31416.86;141845.703125
31416.87;149658.203125
31416.88;229492.1875
31416.89;143310.546875
31416.9;143310.546875
31416.91;142822.265625
31416.92;142333.984375
31416.93;142333.984375
31416.94;142089.84375
31416.95;142089.84375
31416.96;141845.703125
31416.97;141845.703125
31416.98;141845.703125
31416.99;141601.5625
31417.0;149658.203125
31417.01;229492.1875
31417.02;143066.40625
31417.03;143310.546875
31417.04;142822.265625
31417.05;142578.125
31417.06;142333.984375
31417.07;142089.84375
31417.08;142089.84375
31417.09;141845.703125
31417.1;141845.703125
31417.11;141845.703125
31417.12;141845.703125
31417.13;149658.203125
31417.14;229492.1875
31417.15;143066.40625
31417.16;143310.546875
31417.17;142822.265625
31417.18;142578.125
31417.19;142333.984375
31417.2;142089.84375
31417.21;142089.84375
31417.22;141845.703125
31417.23;141845.703125
31417.24;141845.703125
31417.25;141601.5625
31417.26;149658.203125
31417.27;229492.1875
31417.28;143066.40625
31417.29;143310.546875
31417.3;142822.265625
31417.31;142333.984375
31417.32;142333.984375
31417.33;192138.671875
31417.34;195800.78125
31417.35;134765.625
31417.36;145019.53125
31417.37;142333.984375
31417.38;142578.125
31417.39;150390.625
31417.4;229980.46875
31417.41;143310.546875
31417.42;143554.6875
31417.43;143066.40625
31417.44;142578.125
31417.45;142578.125
31417.46;192138.671875
31417.47;196044.921875
31417.48;135009.765625
31417.49;145019.53125
31417.5;142578.125
31417.51;142578.125
31417.52;150390.625
31417.53;229980.46875
31417.54;143554.6875
31417.55;143554.6875
31417.56;143066.40625
31417.57;142822.265625
31417.58;142333.984375
31417.59;192382.8125
31417.6;195800.78125
31417.61;135009.765625
31417.62;145019.53125
31417.63;142578.125
31417.64;142578.125
31417.65;150390.625
31417.66;229980.46875
31417.67;143554.6875
31417.68;143554.6875
31417.69;143066.40625
31417.7;142578.125
31417.71;142333.984375
31417.72;192382.8125
31417.73;196044.921875
31417.74;135009.765625
31417.75;145019.53125
31417.76;142578.125
31417.77;142578.125
31417.78;150390.625
31417.79;229980.46875
31417.8;143554.6875
31417.81;143310.546875
31417.82;143310.546875
31417.83;142578.125
31417.84;142578.125
31417.85;142333.984375
31417.86;142089.84375
31417.87;142089.84375
31417.88;141845.703125
31417.89;141845.703125
31417.9;141845.703125
31417.91;149658.203125
31417.92;229736.328125
31417.93;143066.40625
31417.94;143066.40625
31417.95;142822.265625
31417.96;142578.125
31417.97;142333.984375
31417.98;142089.84375
31417.99;142089.84375
31418.0;142089.84375
31418.01;141845.703125
31418.02;141845.703125
31418.03;141845.703125
31418.04;149658.203125
31418.05;229492.1875
31418.06;143310.546875
31418.07;143310.546875
31418.08;142822.265625
31418.09;142578.125
31418.1;142333.984375
31418.11;142089.84375
31418.12;142089.84375
31418.13;141845.703125
31418.14;141845.703125
31418.15;141845.703125
31418.16;141845.703125
31418.17;149658.203125
31418.18;229492.1875
31418.19;143066.40625
31418.2;143310.546875
31418.21;142822.265625
31418.22;142578.125
31418.23;142333.984375
31418.24;142089.84375
31418.25;141845.703125
31418.26;141845.703125
31418.27;141845.703125
31418.28;141845.703125
31418.29;141601.5625
31418.3;149658.203125
31418.31;229492.1875
31418.32;143066.40625
31418.33;143066.40625
31418.34;142822.265625
31418.35;142333.984375
31418.36;142333.984375
31418.37;142089.84375
31418.38;141845.703125
31418.39;141845.703125
31418.4;141845.703125
31418.41;141601.5625
31418.42;141601.5625
31418.43;149658.203125
31418.44;229492.1875
31418.45;143066.40625
31418.46;143310.546875
31418.47;142822.265625
31418.48;142333.984375
31418.49;142333.984375
31418.5;142089.84375
31418.51;142089.84375
31418.52;141845.703125
31418.53;141845.703125
31418.54;141601.5625
31418.55;141601.5625
31418.56;149658.203125
31418.57;229492.1875
31418.58;142822.265625
31418.59;143066.40625
31418.6;142822.265625
31418.61;142333.984375
31418.62;142333.984375
31418.63;142089.84375
31418.64;141845.703125
31418.65;141845.703125
31418.66;141845.703125
31418.67;141601.5625
31418.68;141601.5625
31418.69;149658.203125
31418.7;229492.1875
31418.71;142822.265625
31418.72;143066.40625
31418.73;142822.265625
31418.74;142333.984375
31418.75;142089.84375
31418.76;142089.84375
31418.77;141845.703125
31418.78;141845.703125
31418.79;141845.703125
31418.8;141601.5625
31418.81;141601.5625
31418.82;141601.5625
31418.83;141601.5625
31418.84;141601.5625
31418.85;141601.5625
31418.86;141601.5625
31418.87;141357.421875
31418.88;141357.421875
31418.89;141357.421875
31418.9;141357.421875
31418.91;141357.421875
31418.92;141601.5625
31418.93;141357.421875
31418.94;141357.421875
31418.95;141357.421875
31418.96;141357.421875
31418.97;141601.5625
31418.98;141357.421875
31418.99;141357.421875
31419.0;141357.421875
31419.01;141357.421875
31419.02;141357.421875
31419.03;141357.421875
31419.04;141357.421875
31419.05;141357.421875
31419.06;141357.421875
31419.07;141357.421875
31419.08;141357.421875
31419.09;141357.421875
31419.1;141357.421875
31419.11;141357.421875
31419.12;141357.421875
31419.13;141357.421875
31419.14;141357.421875
31419.15;141357.421875
31419.16;141357.421875
31419.17;141357.421875
31419.18;141357.421875
31419.19;141357.421875
31419.2;141357.421875
31419.21;141357.421875
31419.22;141357.421875
31419.23;141357.421875
31419.24;141357.421875
31419.25;141357.421875
31419.26;141357.421875
31419.27;141357.421875
31419.28;141357.421875
31419.29;141357.421875
31419.3;141357.421875
31419.31;141357.421875
31419.32;141357.421875
31419.33;141357.421875
31419.34;141357.421875
31419.35;141357.421875
31419.36;141357.421875
31419.37;141357.421875
31419.38;141357.421875
31419.39;141357.421875
31419.4;141357.421875
31419.41;141357.421875
31419.42;141357.421875
31419.43;141357.421875
31419.44;141357.421875
31419.45;141357.421875
31419.46;141357.421875
31419.47;141357.421875
31419.48;141357.421875
31419.49;141357.421875
31419.5;141357.421875
31419.51;141357.421875
31419.52;141357.421875
31419.53;141357.421875
31419.54;141357.421875
31419.55;141357.421875
31419.56;141357.421875
31419.57;141357.421875
31419.58;141357.421875
31419.59;141357.421875
31419.6;141357.421875
31419.61;141357.421875
31419.62;141357.421875
31419.63;141357.421875
31419.64;141357.421875
31419.65;141357.421875
31419.66;141357.421875
31419.67;141357.421875
31419.68;141357.421875
31419.69;141357.421875
31419.7;141357.421875
31419.71;141357.421875
31419.72;141357.421875
31419.73;141357.421875
31419.74;141357.421875
31419.75;141357.421875
31419.76;141357.421875
31419.77;141113.28125
31419.78;141357.421875
31419.79;141357.421875
31419.8;141357.421875
31419.81;141357.421875
31419.82;141357.421875
31419.83;141357.421875
31419.84;141357.421875
31419.85;141357.421875
31419.86;141357.421875
31419.87;141357.421875
31419.88;141357.421875
31419.89;141357.421875
31419.9;141357.421875
31419.91;141357.421875
31419.92;141357.421875
31419.93;141357.421875
31419.94;141357.421875
31419.95;141357.421875
31419.96;141357.421875
31419.97;141357.421875
31419.98;141357.421875
31419.99;141357.421875
31420.0;141357.421875
31420.01;141357.421875
31420.02;141357.421875
31420.03;141357.421875
31420.04;141357.421875
31420.05;141357.421875
31420.06;141357.421875
31420.07;141357.421875
31420.08;141357.421875
31420.09;141357.421875
31420.1;141357.421875
31420.11;141357.421875
31420.12;141357.421875
31420.13;141357.421875
31420.14;141357.421875
31420.15;141357.421875
31420.16;141357.421875
31420.17;141357.421875
31420.18;141357.421875
31420.19;141357.421875
31420.2;141357.421875
31420.21;141357.421875
31420.22;141357.421875
31420.23;141357.421875
31420.24;141357.421875
31420.25;141357.421875
31420.26;141357.421875
31420.27;141357.421875
31420.28;141357.421875
31420.29;141357.421875
31420.3;141357.421875
31420.31;141357.421875
31420.32;141357.421875
31420.33;141357.421875
31420.34;141113.28125
31420.35;141357.421875
31420.36;141357.421875
31420.37;141357.421875
31420.38;141357.421875
31420.39;141357.421875
31420.4;141357.421875
31420.41;141113.28125
31420.42;141357.421875
31420.43;141357.421875
31420.44;141357.421875
31420.45;141113.28125
31420.46;141357.421875
31420.47;141357.421875
31420.48;141357.421875
31420.49;141113.28125
31420.5;141113.28125
31420.51;141357.421875
31420.52;141357.421875
31420.53;141357.421875
31420.54;141113.28125
31420.55;141113.28125
31420.56;141113.28125
31420.57;141113.28125
31420.58;141113.28125
31420.59;141113.28125
31420.6;141113.28125
31420.61;141357.421875
31420.62;141113.28125
31420.63;141113.28125
31420.64;141357.421875
31420.65;141113.28125
31420.66;141357.421875
31420.67;141113.28125
31420.68;141113.28125
31420.69;141113.28125
31420.7;141113.28125
31420.71;141113.28125
31420.72;141357.421875
31420.73;141113.28125
31420.74;141113.28125
31420.75;141113.28125
31420.76;141113.28125
31420.77;141357.421875
31420.78;141357.421875
31420.79;141357.421875
31420.8;141113.28125
31420.81;141113.28125
31420.82;141113.28125
31420.83;141113.28125
31420.84;141113.28125
31420.85;141357.421875
31420.86;141357.421875
31420.87;141113.28125
31420.88;141113.28125
31420.89;141357.421875
31420.9;141357.421875
31420.91;141357.421875
31420.92;141113.28125
31420.93;141357.421875
31420.94;141113.28125
31420.95;141357.421875
31420.96;141113.28125
31420.97;141357.421875
31420.98;141113.28125
31420.99;141113.28125
31421.0;141357.421875
31421.01;141357.421875
31421.02;141113.28125
31421.03;141113.28125
31421.04;141357.421875
31421.05;141113.28125
31421.06;141113.28125
31421.07;141357.421875
31421.08;141357.421875
31421.09;141113.28125
31421.1;141113.28125
31421.11;141113.28125
31421.12;141113.28125
31421.13;141357.421875
31421.14;141113.28125
31421.15;141113.28125
31421.16;141113.28125
31421.17;141113.28125
31421.18;141113.28125
31421.19;141113.28125
31421.2;141113.28125
31421.21;141113.28125
31421.22;141113.28125
31421.23;141357.421875
31421.24;141357.421875
31421.25;141357.421875
31421.26;141113.28125
31421.27;141113.28125
31421.28;141113.28125
31421.29;141113.28125
31421.3;141113.28125
31421.31;141113.28125
31421.32;141357.421875
31421.33;141113.28125
31421.34;141357.421875
31421.35;141113.28125
31421.36;141113.28125
31421.37;141113.28125
31421.38;141113.28125
31421.39;141113.28125
31421.4;141113.28125
31421.41;141113.28125
31421.42;141357.421875
31421.43;141113.28125
31421.44;141357.421875
31421.45;141357.421875
31421.46;141113.28125
31421.47;141357.421875
31421.48;141357.421875
31421.49;141113.28125
31421.5;141113.28125
31421.51;141113.28125
31421.52;141357.421875
31421.53;141357.421875
31421.54;141357.421875
31421.55;141113.28125
31421.56;141357.421875
31421.57;141113.28125
31421.58;141357.421875
31421.59;141357.421875
31421.6;141357.421875
31421.61;141113.28125
31421.62;141113.28125
31421.63;141357.421875
31421.64;141357.421875
31421.65;141357.421875
31421.66;141357.421875
31421.67;141113.28125
31421.68;141113.28125
31421.69;141113.28125
31421.7;141113.28125
31421.71;141113.28125
31421.72;141113.28125
31421.73;141113.28125
31421.74;141357.421875
31421.75;141357.421875
31421.76;141357.421875
31421.77;141113.28125
31421.78;141113.28125
31421.79;141357.421875
31421.8;141357.421875
31421.81;141357.421875
31421.82;141357.421875
31421.83;141357.421875
31421.84;141113.28125
31421.85;141113.28125
31421.86;141113.28125
31421.87;141113.28125
31421.88;141357.421875
31421.89;141113.28125
31421.9;141113.28125
31421.91;141357.421875
31421.92;141113.28125
31421.93;141113.28125
31421.94;141357.421875
31421.95;141357.421875
31421.96;141357.421875
31421.97;141113.28125
31421.98;141113.28125
31421.99;141113.28125
31422.0;141357.421875
31422.01;141113.28125
31422.02;141113.28125
31422.03;141357.421875
31422.04;141113.28125
31422.05;141357.421875
31422.06;141357.421875
31422.07;141113.28125
31422.08;141357.421875
31422.09;141113.28125
31422.1;141357.421875
31422.11;141113.28125
31422.12;141113.28125
31422.13;141357.421875
31422.14;141357.421875
31422.15;141113.28125
31422.16;141113.28125
31422.17;141113.28125
31422.18;141113.28125
31422.19;141113.28125
31422.2;141357.421875
31422.21;141113.28125
31422.22;141113.28125
31422.23;141357.421875
31422.24;141113.28125
31422.25;141357.421875
31422.26;141357.421875
31422.27;141113.28125
31422.28;141357.421875
31422.29;141357.421875
31422.3;141357.421875
31422.31;141113.28125
31422.32;141357.421875
31422.33;141113.28125
31422.34;141357.421875
31422.35;141113.28125
31422.36;141113.28125
31422.37;141113.28125
31422.38;141357.421875
31422.39;141357.421875
31422.4;141357.421875
31422.41;141357.421875
31422.42;141113.28125
31422.43;141357.421875
31422.44;141113.28125
31422.45;141357.421875
31422.46;141357.421875
31422.47;141113.28125
31422.48;141113.28125
31422.49;141357.421875
31422.5;141357.421875
31422.51;141113.28125
31422.52;141113.28125
31422.53;141113.28125
31422.54;141113.28125
31422.55;141113.28125
31422.56;141113.28125
31422.57;141113.28125
31422.58;141357.421875
31422.59;141113.28125
31422.6;141113.28125
31422.61;141113.28125
31422.62;141357.421875
31422.63;141357.421875
31422.64;141113.28125
31422.65;141113.28125
31422.66;141357.421875
31422.67;141113.28125
31422.68;141113.28125
31422.69;141357.421875
31422.7;141357.421875
31422.71;141113.28125
31422.72;141357.421875
31422.73;141113.28125
31422.74;141113.28125
31422.75;141113.28125
31422.76;141357.421875
31422.77;141113.28125
31422.78;141113.28125
31422.79;141357.421875
31422.8;141357.421875
31422.81;141113.28125
31422.82;141357.421875
31422.83;141113.28125
31422.84;141357.421875
31422.85;141113.28125
31422.86;141357.421875
31422.87;141113.28125
31422.88;141357.421875
31422.89;141357.421875
31422.9;141113.28125
31422.91;141357.421875
31422.92;141357.421875
31422.93;141113.28125
31422.94;141357.421875
31422.95;141357.421875
31422.96;141113.28125
31422.97;141113.28125
31422.98;141113.28125
31422.99;141113.28125
31423.0;141357.421875
31423.01;141113.28125
31423.02;141357.421875
31423.03;141113.28125
31423.04;141357.421875
31423.05;141113.28125
31423.06;141357.421875
31423.07;141113.28125
31423.08;141357.421875
31423.09;141113.28125
31423.1;141113.28125
31423.11;141113.28125
31423.12;141113.28125
31423.13;141113.28125
31423.14;141113.28125
31423.15;141113.28125
31423.16;141113.28125
31423.17;141357.421875
31423.18;141113.28125
31423.19;141113.28125
31423.2;141113.28125
31423.21;141113.28125
31423.22;141357.421875
31423.23;141113.28125
31423.24;141357.421875
31423.25;141113.28125
31423.26;141357.421875
31423.27;141113.28125
31423.28;141113.28125
31423.29;141113.28125
31423.3;141113.28125
31423.31;141113.28125
31423.32;141113.28125
31423.33;141113.28125
31423.34;141113.28125
31423.35;141357.421875
31423.36;141113.28125
31423.37;141113.28125
31423.38;141113.28125
31423.39;141357.421875
31423.4;141113.28125
31423.41;141113.28125
31423.42;141357.421875
31423.43;141113.28125
31423.44;141357.421875
31423.45;141357.421875
31423.46;141113.28125
31423.47;141357.421875
31423.48;141357.421875
31423.49;141357.421875
31423.5;141357.421875
31423.51;141357.421875
31423.52;141357.421875
31423.53;141357.421875
31423.54;141357.421875
31423.55;141357.421875
31423.56;141113.28125
31423.57;141357.421875
31423.58;141357.421875
31423.59;141357.421875
31423.6;141357.421875
31423.61;141357.421875
31423.62;141113.28125
31423.63;141357.421875
31423.64;141113.28125
31423.65;141357.421875
31423.66;141113.28125
31423.67;141357.421875
31423.68;141357.421875
31423.69;141113.28125
31423.7;141357.421875
31423.71;141113.28125
31423.72;141357.421875
31423.73;141357.421875
31423.74;141113.28125
31423.75;141357.421875
31423.76;141113.28125
31423.77;141357.421875
31423.78;141357.421875
31423.79;141357.421875
31423.8;141357.421875
31423.81;141357.421875
31423.82;141357.421875
31423.83;141113.28125
31423.84;141113.28125
31423.85;141357.421875
31423.86;141357.421875
31423.87;141357.421875
31423.88;141357.421875
31423.89;141113.28125
31423.9;141357.421875
31423.91;141357.421875
31423.92;141113.28125
31423.93;141113.28125
31423.94;141357.421875
31423.95;141357.421875
31423.96;141113.28125
31423.97;141113.28125
31423.98;141113.28125
31423.99;141357.421875
31424.0;141357.421875
31424.01;141357.421875
31424.02;141357.421875
31424.03;141113.28125
31424.04;141357.421875
31424.05;141357.421875
31424.06;141357.421875
31424.07;141113.28125
31424.08;141357.421875
31424.09;141113.28125
31424.1;141357.421875
31424.11;141357.421875
31424.12;141357.421875
31424.13;141357.421875
31424.14;141113.28125
31424.15;141357.421875
31424.16;141113.28125
31424.17;141357.421875
31424.18;141357.421875
31424.19;141113.28125
31424.2;141357.421875
31424.21;141357.421875
31424.22;141113.28125
31424.23;141357.421875
31424.24;141113.28125
31424.25;141357.421875
31424.26;141113.28125
31424.27;141113.28125
31424.28;141357.421875
31424.29;141357.421875
31424.3;141357.421875
31424.31;141113.28125
31424.32;141357.421875
31424.33;141357.421875
31424.34;141357.421875
31424.35;141357.421875
31424.36;141357.421875
31424.37;141113.28125
31424.38;141357.421875
31424.39;141113.28125
31424.4;141357.421875
31424.41;141113.28125
31424.42;141113.28125
31424.43;141357.421875
31424.44;141357.421875
31424.45;141113.28125
31424.46;141113.28125
31424.47;141113.28125
31424.48;141357.421875
31424.49;141357.421875
31424.5;141113.28125
31424.51;141357.421875
31424.52;141113.28125
31424.53;141113.28125
31424.54;141357.421875
31424.55;141113.28125
31424.56;141357.421875
31424.57;141113.28125
31424.58;141113.28125
31424.59;141113.28125
31424.6;141113.28125
31424.61;141357.421875
31424.62;141113.28125
31424.63;141113.28125
31424.64;141113.28125
31424.65;141113.28125
31424.66;141357.421875
31424.67;141113.28125
31424.68;141357.421875
31424.69;141113.28125
31424.7;141113.28125
31424.71;141113.28125
31424.72;141113.28125
31424.73;141113.28125
31424.74;141357.421875
31424.75;141113.28125
31424.76;141357.421875
31424.77;141357.421875
31424.78;141113.28125
31424.79;141357.421875
31424.8;141113.28125
31424.81;141113.28125
31424.82;141357.421875
31424.83;141113.28125
31424.84;141113.28125
31424.85;141113.28125
31424.86;141357.421875
31424.87;141113.28125
31424.88;141113.28125
31424.89;141113.28125
31424.9;141113.28125
31424.91;141113.28125
31424.92;141357.421875
31424.93;141113.28125
31424.94;141113.28125
31424.95;141113.28125
31424.96;141113.28125
31424.97;141113.28125
31424.98;141357.421875
31424.99;141113.28125
31425.0;141113.28125
31425.01;141113.28125
31425.02;141113.28125
31425.03;141113.28125
31425.04;141113.28125
31425.05;141113.28125
31425.06;141357.421875
31425.07;141113.28125
31425.08;141113.28125
31425.09;141113.28125
31425.1;141113.28125
31425.11;141113.28125
31425.12;141113.28125
31425.13;141113.28125
31425.14;141357.421875
31425.15;141113.28125
31425.16;141113.28125
31425.17;141113.28125
31425.18;141113.28125
31425.19;141113.28125
31425.2;141113.28125
31425.21;141113.28125
31425.22;141113.28125
31425.23;141113.28125
31425.24;141113.28125
31425.25;141113.28125
31425.26;141357.421875
31425.27;141113.28125
31425.28;141113.28125
31425.29;141113.28125
31425.3;141357.421875
31425.31;141113.28125
31425.32;141113.28125
31425.33;141113.28125
31425.34;141113.28125
31425.35;141113.28125
31425.36;141113.28125
31425.37;141113.28125
31425.38;141113.28125
31425.39;141113.28125
31425.4;141113.28125
31425.41;141113.28125
31425.42;141357.421875
31425.43;141113.28125
31425.44;141357.421875
31425.45;141113.28125
31425.46;141113.28125
31425.47;141357.421875
31425.48;141113.28125
31425.49;141113.28125
31425.5;141357.421875
31425.51;141113.28125
31425.52;141357.421875
31425.53;141113.28125
31425.54;141357.421875
31425.55;141113.28125
31425.56;141357.421875
31425.57;141113.28125
31425.58;141357.421875
31425.59;141357.421875
31425.6;141357.421875
31425.61;141357.421875
31425.62;141357.421875
31425.63;141357.421875
31425.64;141113.28125
31425.65;141113.28125
31425.66;141357.421875
31425.67;141113.28125
31425.68;141357.421875
31425.69;141113.28125
31425.7;141113.28125
31425.71;141113.28125
31425.72;141357.421875
31425.73;141113.28125
31425.74;141113.28125
31425.75;141357.421875
31425.76;141113.28125
31425.77;141357.421875
31425.78;141113.28125
31425.79;141113.28125
31425.8;141357.421875
31425.81;141357.421875
31425.82;141357.421875
31425.83;141113.28125
31425.84;141357.421875
31425.85;141357.421875
31425.86;141357.421875
31425.87;141113.28125
31425.88;141113.28125
31425.89;141357.421875
31425.9;141357.421875
31425.91;141113.28125
31425.92;141113.28125
31425.93;141113.28125
31425.94;141113.28125
31425.95;141113.28125
31425.96;141357.421875
31425.97;141357.421875
31425.98;141113.28125
31425.99;141357.421875
31426.0;141113.28125
31426.01;141357.421875
31426.02;141113.28125
31426.03;141357.421875
31426.04;141113.28125
31426.05;141357.421875
31426.06;141357.421875
31426.07;141357.421875
31426.08;141357.421875
31426.09;141113.28125
31426.1;141357.421875
31426.11;141113.28125
31426.12;141113.28125
31426.13;141357.421875
31426.14;141357.421875
31426.15;141357.421875
31426.16;141357.421875
31426.17;141113.28125
31426.18;141357.421875
31426.19;141113.28125
31426.2;141357.421875
31426.21;141357.421875
31426.22;141357.421875
31426.23;141113.28125
31426.24;141357.421875
31426.25;141113.28125
31426.26;141113.28125
31426.27;141357.421875
31426.28;141357.421875
31426.29;141357.421875
31426.3;141357.421875
31426.31;141357.421875
31426.32;141357.421875
31426.33;141113.28125
31426.34;141357.421875
31426.35;141113.28125
31426.36;141357.421875
31426.37;141357.421875
31426.38;141357.421875
31426.39;141113.28125
31426.4;141357.421875
31426.41;141113.28125
31426.42;141113.28125
31426.43;141113.28125
31426.44;141357.421875
31426.45;141113.28125
31426.46;141357.421875
31426.47;141113.28125
31426.48;141357.421875
31426.49;141357.421875
31426.5;141357.421875
31426.51;141113.28125
31426.52;141113.28125
31426.53;141357.421875
31426.54;141357.421875
31426.55;141357.421875
31426.56;141357.421875
31426.57;141113.28125
31426.58;141357.421875
31426.59;141113.28125
31426.6;141357.421875
31426.61;141113.28125
31426.62;141113.28125
31426.63;141113.28125
31426.64;141357.421875
31426.65;141113.28125
31426.66;141357.421875
31426.67;141357.421875
31426.68;141113.28125
31426.69;141357.421875
31426.7;141357.421875
31426.71;141113.28125
31426.72;141113.28125
31426.73;141357.421875
31426.74;141357.421875
31426.75;141113.28125
31426.76;141113.28125
31426.77;141113.28125
31426.78;141113.28125
31426.79;141113.28125
31426.8;141113.28125
31426.81;141357.421875
31426.82;141357.421875
31426.83;141113.28125
31426.84;141113.28125
31426.85;141357.421875
31426.86;141113.28125
31426.87;141357.421875
31426.88;141357.421875
31426.89;141357.421875
31426.9;141357.421875
31426.91;141357.421875
31426.92;141357.421875
31426.93;141357.421875
31426.94;141113.28125
31426.95;141113.28125
31426.96;141113.28125
31426.97;141113.28125
31426.98;141357.421875
31426.99;141357.421875
31427.0;141357.421875
31427.01;141113.28125
31427.02;141357.421875
31427.03;141357.421875
31427.04;141357.421875
31427.05;141357.421875
31427.06;141113.28125
31427.07;141113.28125
31427.08;141113.28125
31427.09;141357.421875
31427.1;141113.28125
31427.11;141113.28125
31427.12;141357.421875
31427.13;141357.421875
31427.14;141113.28125
31427.15;141357.421875
31427.16;141113.28125
31427.17;141357.421875
31427.18;141113.28125
31427.19;141113.28125
31427.2;141357.421875
31427.21;141113.28125
31427.22;141113.28125
31427.23;141357.421875
31427.24;141113.28125
31427.25;141113.28125
31427.26;141357.421875
31427.27;141113.28125
31427.28;141113.28125
31427.29;141113.28125
31427.3;141357.421875
31427.31;141357.421875
31427.32;141357.421875
31427.33;141113.28125
31427.34;141357.421875
31427.35;141357.421875
31427.36;141113.28125
31427.37;141113.28125
31427.38;141357.421875
31427.39;141113.28125
31427.4;141357.421875
31427.41;141113.28125
31427.42;141113.28125
31427.43;141357.421875
31427.44;141357.421875
31427.45;141357.421875
31427.46;141357.421875
31427.47;141357.421875
31427.48;141113.28125
31427.49;141357.421875
31427.5;141357.421875
31427.51;141357.421875
31427.52;141357.421875
31427.53;141357.421875
31427.54;141113.28125
31427.55;141357.421875
31427.56;141357.421875
31427.57;141357.421875
31427.58;141357.421875
31427.59;141357.421875
31427.6;141357.421875
31427.61;141357.421875
31427.62;141357.421875
31427.63;141113.28125
31427.64;141357.421875
31427.65;141357.421875
31427.66;141357.421875
31427.67;141357.421875
31427.68;141113.28125
31427.69;141357.421875
31427.7;141357.421875
31427.71;141357.421875
31427.72;141113.28125
31427.73;141357.421875
31427.74;141113.28125
31427.75;141357.421875
31427.76;141357.421875
31427.77;141357.421875
31427.78;141357.421875
31427.79;141357.421875
31427.8;141357.421875
31427.81;141113.28125
31427.82;141357.421875
31427.83;141357.421875
31427.84;141357.421875
31427.85;141357.421875
31427.86;141357.421875
31427.87;141357.421875
31427.88;141357.421875
31427.89;141357.421875
31427.9;141357.421875
31427.91;141357.421875
31427.92;141357.421875
31427.93;141113.28125
31427.94;141357.421875
31427.95;141357.421875
31427.96;141357.421875
31427.97;141357.421875
31427.98;141357.421875
31427.99;141357.421875
31428.0;141357.421875
31428.01;141357.421875
31428.02;141357.421875
31428.03;141357.421875
31428.04;141357.421875
31428.05;141357.421875
31428.06;141113.28125
31428.07;141357.421875
31428.08;141357.421875
31428.09;141357.421875
31428.1;141357.421875
31428.11;141357.421875
31428.12;141357.421875
31428.13;141357.421875
31428.14;141357.421875
31428.15;141357.421875
31428.16;141357.421875
31428.17;141357.421875
31428.18;141357.421875
31428.19;141357.421875
31428.2;141357.421875
31428.21;141357.421875
31428.22;141357.421875
31428.23;141113.28125
31428.24;141357.421875
31428.25;141357.421875
31428.26;141357.421875
31428.27;141113.28125
31428.28;141357.421875
31428.29;141357.421875
31428.3;141357.421875
31428.31;141113.28125
31428.32;141357.421875
31428.33;141357.421875
31428.34;141357.421875
31428.35;141113.28125
31428.36;141357.421875
31428.37;141113.28125
31428.38;141357.421875
31428.39;141357.421875
31428.4;141357.421875
31428.41;141357.421875
31428.42;141113.28125
31428.43;141113.28125
31428.44;141113.28125
31428.45;141357.421875
31428.46;141113.28125
31428.47;141357.421875
31428.48;141113.28125
31428.49;141113.28125
31428.5;141113.28125
31428.51;141357.421875
31428.52;141113.28125
31428.53;141113.28125
31428.54;141113.28125
31428.55;141357.421875
31428.56;141113.28125
31428.57;141113.28125
31428.58;141113.28125
31428.59;141357.421875
31428.6;141113.28125
31428.61;141113.28125
31428.62;141113.28125
31428.63;141113.28125
31428.64;141113.28125
31428.65;141113.28125
31428.66;141113.28125
31428.67;141113.28125
31428.68;141113.28125
31428.69;141113.28125
31428.7;141113.28125
31428.71;141113.28125
31428.72;141113.28125
31428.73;141113.28125
31428.74;141113.28125
31428.75;141113.28125
31428.76;141113.28125
31428.77;141113.28125
31428.78;141113.28125
31428.79;141113.28125
31428.8;141113.28125
31428.81;141357.421875
31428.82;141113.28125
31428.83;141113.28125
31428.84;141113.28125
31428.85;141113.28125
31428.86;141113.28125
31428.87;141113.28125
31428.88;141113.28125
31428.89;141113.28125
31428.9;141113.28125
31428.91;141113.28125
31428.92;141357.421875
31428.93;141113.28125
31428.94;141113.28125
31428.95;141113.28125
31428.96;141113.28125
31428.97;141357.421875
31428.98;141113.28125
31428.99;141113.28125
31429.0;141113.28125
31429.01;141357.421875
31429.02;141113.28125
31429.03;141113.28125
31429.04;141113.28125
31429.05;141113.28125
31429.06;141357.421875
31429.07;141113.28125
31429.08;141113.28125
31429.09;141357.421875
31429.1;141357.421875
31429.11;141113.28125
31429.12;141357.421875
31429.13;141113.28125
31429.14;141357.421875
31429.15;141113.28125
31429.16;141113.28125
31429.17;141357.421875
31429.18;141357.421875
31429.19;141113.28125
31429.2;141113.28125
31429.21;141113.28125
31429.22;141113.28125
31429.23;141113.28125
31429.24;141357.421875
31429.25;141357.421875
31429.26;141113.28125
31429.27;141113.28125
31429.28;141113.28125
31429.29;141357.421875
31429.3;141113.28125
31429.31;141357.421875
31429.32;141113.28125
31429.33;141357.421875
31429.34;141357.421875
31429.35;141113.28125
31429.36;141113.28125
31429.37;141357.421875
31429.38;141357.421875
31429.39;141357.421875
31429.4;141113.28125
31429.41;141357.421875
31429.42;141357.421875
31429.43;141113.28125
31429.44;141357.421875
31429.45;141357.421875
31429.46;141357.421875
31429.47;141357.421875
31429.48;141357.421875
31429.49;141113.28125
31429.5;141357.421875
31429.51;141357.421875
31429.52;141357.421875
31429.53;141357.421875
31429.54;141357.421875
31429.55;141357.421875
31429.56;141357.421875
31429.57;141357.421875
31429.58;141357.421875
31429.59;141357.421875
31429.6;141357.421875
31429.61;141113.28125
31429.62;141357.421875
31429.63;141357.421875
31429.64;141113.28125
31429.65;141357.421875
31429.66;141113.28125
31429.67;141357.421875
31429.68;141357.421875
31429.69;141357.421875
31429.7;141357.421875
31429.71;141357.421875
31429.72;141357.421875
31429.73;141357.421875
31429.74;141357.421875
31429.75;141357.421875
31429.76;141357.421875
31429.77;141357.421875
31429.78;141113.28125
31429.79;141357.421875
31429.8;141357.421875
31429.81;141357.421875
31429.82;141357.421875
31429.83;141357.421875
31429.84;141357.421875
31429.85;141357.421875
31429.86;141357.421875
31429.87;141357.421875
31429.88;141357.421875
31429.89;141357.421875
31429.9;141357.421875
31429.91;141357.421875
31429.92;141357.421875
31429.93;141357.421875
31429.94;141357.421875
31429.95;141357.421875
31429.96;141357.421875
31429.97;141357.421875
31429.98;141357.421875
31429.99;141357.421875
31430.0;141357.421875
31430.01;141357.421875
31430.02;141357.421875
31430.03;141357.421875
31430.04;141357.421875
31430.05;141357.421875
31430.06;141357.421875
31430.07;141357.421875
31430.08;141357.421875
31430.09;141357.421875
31430.1;141357.421875
31430.11;141357.421875
31430.12;141357.421875
31430.13;141357.421875
31430.14;141357.421875
31430.15;141357.421875
31430.16;141357.421875
31430.17;141357.421875
31430.18;141357.421875
31430.19;141357.421875
31430.2;141357.421875
31430.21;141357.421875
31430.22;141357.421875
31430.23;141357.421875
31430.24;141357.421875
31430.25;141357.421875
31430.26;141357.421875
31430.27;141357.421875
31430.28;141357.421875
31430.29;141357.421875
31430.3;141357.421875
31430.31;141357.421875
31430.32;141357.421875
31430.33;141357.421875
31430.34;141357.421875
31430.35;141357.421875
31430.36;141357.421875
31430.37;141357.421875
31430.38;141357.421875
31430.39;141357.421875
31430.4;141357.421875
31430.41;141357.421875
31430.42;141357.421875
31430.43;141357.421875
31430.44;141357.421875
31430.45;141357.421875
31430.46;141357.421875
31430.47;141357.421875
31430.48;141357.421875
31430.49;141357.421875
31430.5;141357.421875
31430.51;141357.421875
31430.52;141357.421875
31430.53;141357.421875
31430.54;141357.421875
31430.55;141357.421875
31430.56;141357.421875
31430.57;141357.421875
31430.58;141357.421875
31430.59;141357.421875
31430.6;141357.421875
31430.61;141357.421875
31430.62;141357.421875
31430.63;141357.421875
31430.64;141357.421875
31430.65;141357.421875
31430.66;141357.421875
31430.67;141357.421875
31430.68;141357.421875
31430.69;141357.421875
31430.7;141357.421875
31430.71;141357.421875
31430.72;141357.421875
31430.73;141357.421875
31430.74;141357.421875
31430.75;141357.421875
31430.76;141357.421875
31430.77;141357.421875
31430.78;141357.421875
31430.79;141357.421875
31430.8;141357.421875
31430.81;141357.421875
31430.82;141357.421875
31430.83;141357.421875
31430.84;141357.421875
31430.85;141357.421875
31430.86;141357.421875
31430.87;141357.421875
31430.88;141357.421875
31430.89;141357.421875
31430.9;141357.421875
31430.91;141357.421875
31430.92;141357.421875
31430.93;141357.421875
31430.94;141357.421875
31430.95;141357.421875
31430.96;141357.421875
31430.97;141357.421875
31430.98;141357.421875
31430.99;141357.421875
31431.0;141357.421875
31431.01;141601.5625
31431.02;141357.421875
31431.03;141357.421875
31431.04;141357.421875
31431.05;141357.421875
31431.06;141601.5625
31431.07;141601.5625
31431.08;141357.421875
31431.09;141357.421875
31431.1;141357.421875
31431.11;141601.5625
31431.12;141357.421875
31431.13;141357.421875
31431.14;141357.421875
31431.15;141357.421875
31431.16;141357.421875
31431.17;141601.5625
31431.18;141357.421875
31431.19;141357.421875
31431.2;141601.5625
31431.21;141601.5625
31431.22;141357.421875
31431.23;141601.5625
31431.24;141357.421875
31431.25;141357.421875
31431.26;141357.421875
31431.27;141357.421875
31431.28;141601.5625
31431.29;141357.421875
31431.3;141357.421875
31431.31;141357.421875
31431.32;141601.5625
31431.33;141601.5625
31431.34;141357.421875
31431.35;141601.5625
31431.36;141357.421875
31431.37;141357.421875
31431.38;141357.421875
31431.39;141601.5625
31431.4;141357.421875
31431.41;141601.5625
31431.42;141601.5625
31431.43;141601.5625
31431.44;141601.5625
31431.45;141601.5625
31431.46;141601.5625
31431.47;141601.5625
31431.48;141601.5625
31431.49;141601.5625
31431.5;141601.5625
31431.51;141601.5625
31431.52;141601.5625
31431.53;141601.5625
31431.54;141601.5625
31431.55;141601.5625
31431.56;141601.5625
31431.57;141601.5625
31431.58;141601.5625
31431.59;141601.5625
31431.6;141357.421875
31431.61;141845.703125
31431.62;141601.5625
31431.63;141601.5625
31431.64;141601.5625
31431.65;141601.5625
31431.66;141601.5625
31431.67;141601.5625
31431.68;141357.421875
31431.69;141601.5625
31431.7;141601.5625
31431.71;141601.5625
31431.72;141601.5625
31431.73;141601.5625
31431.74;141601.5625
31431.75;141601.5625
31431.76;141601.5625
31431.77;141601.5625
31431.78;141601.5625
31431.79;141601.5625
31431.8;141601.5625
31431.81;141601.5625
31431.82;141601.5625
31431.83;141601.5625
31431.84;141601.5625
31431.85;141601.5625
31431.86;141601.5625
31431.87;141601.5625
31431.88;141601.5625
31431.89;141601.5625
31431.9;141601.5625
31431.91;141601.5625
31431.92;141601.5625
31431.93;141601.5625
31431.94;141601.5625
31431.95;141601.5625
31431.96;141601.5625
31431.97;141601.5625
31431.98;141601.5625
31431.99;141601.5625
31432.0;141601.5625
31432.01;141601.5625
31432.02;141601.5625
31432.03;141601.5625
31432.04;141601.5625
31432.05;141601.5625
31432.06;141601.5625
31432.07;141601.5625
31432.08;141601.5625
31432.09;141601.5625
31432.1;141601.5625
31432.11;141601.5625
31432.12;141601.5625
31432.13;141601.5625
31432.14;141601.5625
31432.15;141601.5625
31432.16;141601.5625
31432.17;141601.5625
31432.18;141601.5625
31432.19;141601.5625
31432.2;141601.5625
31432.21;141601.5625
31432.22;141601.5625
31432.23;141601.5625
31432.24;141601.5625
31432.25;141601.5625
31432.26;141601.5625
31432.27;141601.5625
31432.28;141601.5625
31432.29;141601.5625
31432.3;141601.5625
31432.31;141601.5625
31432.32;141601.5625
31432.33;141601.5625
31432.34;141601.5625
31432.35;141601.5625
31432.36;141601.5625
31432.37;141601.5625
31432.38;141601.5625
31432.39;141601.5625
31432.4;141845.703125
31432.41;141601.5625
31432.42;141601.5625
31432.43;141601.5625
31432.44;141601.5625
31432.45;141601.5625
31432.46;141601.5625
31432.47;141601.5625
31432.48;141601.5625
31432.49;141601.5625
31432.5;141601.5625
31432.51;141601.5625
31432.52;141601.5625
31432.53;141601.5625
31432.54;141601.5625
31432.55;141601.5625
31432.56;141601.5625
31432.57;141601.5625
31432.58;141601.5625
31432.59;141601.5625
31432.6;141601.5625
31432.61;141601.5625
31432.62;141601.5625
31432.63;141601.5625
31432.64;141601.5625
31432.65;141601.5625
31432.66;141601.5625
31432.67;141601.5625
31432.68;141601.5625
31432.69;141601.5625
31432.7;141601.5625
31432.71;141601.5625
31432.72;141601.5625
31432.73;141601.5625
31432.74;141601.5625
31432.75;141601.5625
31432.76;141601.5625
31432.77;141601.5625
31432.78;141601.5625
31432.79;141601.5625
31432.8;141601.5625
31432.81;141601.5625
31432.82;141601.5625
31432.83;141601.5625
31432.84;141601.5625
31432.85;141601.5625
31432.86;141601.5625
31432.87;141601.5625
31432.88;141601.5625
31432.89;141601.5625
31432.9;141601.5625
31432.91;141601.5625
31432.92;141601.5625
31432.93;141601.5625
31432.94;141601.5625
31432.95;141601.5625
31432.96;141601.5625
31432.97;141601.5625
31432.98;141845.703125
31432.99;141601.5625
31433.0;141601.5625
31433.01;141601.5625
31433.02;141601.5625
31433.03;141601.5625
31433.04;141601.5625
31433.05;141601.5625
31433.06;141601.5625
31433.07;141601.5625
31433.08;141601.5625
31433.09;141601.5625
31433.1;141601.5625
31433.11;141601.5625
31433.12;141601.5625
31433.13;141601.5625
31433.14;141601.5625
31433.15;141601.5625
31433.16;141601.5625
31433.17;141601.5625
31433.18;141601.5625
31433.19;141601.5625
31433.2;141601.5625
31433.21;141601.5625
31433.22;141601.5625
31433.23;141601.5625
31433.24;141601.5625
31433.25;141601.5625
31433.26;141601.5625
31433.27;141601.5625
31433.28;141601.5625
31433.29;141601.5625
31433.3;141601.5625
31433.31;141601.5625
31433.32;141601.5625
31433.33;141601.5625
31433.34;141601.5625
31433.35;141601.5625
31433.36;141601.5625
31433.37;141601.5625
31433.38;141601.5625
31433.39;141601.5625
31433.4;141601.5625
31433.41;141601.5625
31433.42;141601.5625
31433.43;141601.5625
31433.44;141601.5625
31433.45;141601.5625
31433.46;141601.5625
31433.47;141601.5625
31433.48;141601.5625
31433.49;141601.5625
31433.5;141601.5625
31433.51;141601.5625
31433.52;141601.5625
31433.53;141601.5625
31433.54;141601.5625
31433.55;141601.5625
31433.56;141601.5625
31433.57;141601.5625
31433.58;141601.5625
31433.59;141601.5625
31433.6;141601.5625
31433.61;141601.5625
31433.62;141601.5625
31433.63;141601.5625
31433.64;141601.5625
31433.65;141601.5625
31433.66;141601.5625
31433.67;141601.5625
31433.68;141601.5625
31433.69;141601.5625
31433.7;141601.5625
31433.71;141601.5625
31433.72;141601.5625
31433.73;141601.5625
31433.74;141601.5625
31433.75;141601.5625
31433.76;141601.5625
31433.77;141601.5625
31433.78;141601.5625
31433.79;141601.5625
31433.8;141845.703125
31433.81;141601.5625
31433.82;141601.5625
31433.83;141601.5625
31433.84;141601.5625
31433.85;141601.5625
31433.86;141601.5625
31433.87;141601.5625
31433.88;141601.5625
31433.89;141601.5625
31433.9;141601.5625
31433.91;141601.5625
31433.92;141601.5625
31433.93;141601.5625
31433.94;141601.5625
31433.95;141601.5625
31433.96;141601.5625
31433.97;141601.5625
31433.98;141601.5625
31433.99;141601.5625
31434.0;141601.5625
31434.01;141601.5625
31434.02;141601.5625
31434.03;141601.5625
31434.04;141601.5625
31434.05;141601.5625
31434.06;141601.5625
31434.07;141601.5625
31434.08;141601.5625
31434.09;141601.5625
31434.1;141601.5625
31434.11;141845.703125
31434.12;141601.5625
31434.13;141601.5625
31434.14;141601.5625
31434.15;141601.5625
31434.16;141601.5625
31434.17;141601.5625
31434.18;141601.5625
31434.19;141601.5625
31434.2;141601.5625
31434.21;141845.703125
31434.22;141601.5625
31434.23;141601.5625
31434.24;141601.5625
31434.25;141601.5625
31434.26;141601.5625
31434.27;141601.5625
31434.28;141601.5625
31434.29;141601.5625
31434.3;141601.5625
31434.31;141601.5625
31434.32;141601.5625
31434.33;141601.5625
31434.34;141601.5625
31434.35;141601.5625
31434.36;141601.5625
31434.37;141601.5625
31434.38;141601.5625
31434.39;141601.5625
31434.4;141601.5625
31434.41;141601.5625
31434.42;141601.5625
31434.43;141601.5625
31434.44;141601.5625
31434.45;141601.5625
31434.46;141601.5625
31434.47;141601.5625
31434.48;141601.5625
31434.49;141601.5625
31434.5;141601.5625
31434.51;141601.5625
31434.52;141601.5625
31434.53;141601.5625
31434.54;141601.5625
31434.55;141601.5625
31434.56;141601.5625
31434.57;141601.5625
31434.58;141601.5625
31434.59;141601.5625
31434.6;141601.5625
31434.61;149902.34375
31434.62;229003.90625
31434.63;142333.984375
31434.64;143310.546875
31434.65;142822.265625
31434.66;142578.125
31434.67;142333.984375
31434.68;193847.65625
31434.69;194091.796875
31434.7;135253.90625
31434.71;145019.53125
31434.72;142578.125
31434.73;142578.125
31434.74;151367.1875
31434.75;230224.609375
31434.76;142578.125
31434.77;143798.828125
31434.78;143066.40625
31434.79;142578.125
31434.8;142578.125
31434.81;142333.984375
31434.82;142089.84375
31434.83;142089.84375
31434.84;141845.703125
31434.85;141845.703125
31434.86;141845.703125
31434.87;150634.765625
31434.88;229492.1875
31434.89;142333.984375
31434.9;143310.546875
31434.91;142822.265625
31434.92;142578.125
31434.93;142333.984375
31434.94;142089.84375
31434.95;142089.84375
31434.96;142089.84375
31434.97;141845.703125
31434.98;141845.703125
31434.99;141845.703125
31435.0;150634.765625
31435.01;229736.328125
31435.02;142089.84375
31435.03;143310.546875
31435.04;142822.265625
31435.05;142578.125
31435.06;142333.984375
31435.07;142089.84375
31435.08;142089.84375
31435.09;142089.84375
31435.1;141845.703125
31435.11;141845.703125
31435.12;141845.703125
31435.13;150634.765625
31435.14;229492.1875
31435.15;142089.84375
31435.16;143554.6875
31435.17;142822.265625
31435.18;142578.125
31435.19;142333.984375
31435.2;142333.984375
31435.21;142089.84375
31435.22;141845.703125
31435.23;141845.703125
31435.24;141845.703125
31435.25;141845.703125
31435.26;150634.765625
31435.27;229492.1875
31435.28;142333.984375
31435.29;143310.546875
31435.3;142822.265625
31435.31;142578.125
31435.32;142333.984375
31435.33;193847.65625
31435.34;194091.796875
31435.35;135253.90625
31435.36;145019.53125
31435.37;142333.984375
31435.38;142578.125
31435.39;151367.1875
31435.4;230224.609375
31435.41;142578.125
31435.42;143798.828125
31435.43;143310.546875
31435.44;142822.265625
31435.45;142578.125
31435.46;194091.796875
31435.47;194091.796875
31435.48;135253.90625
31435.49;145019.53125
31435.5;142578.125
31435.51;142822.265625
31435.52;151367.1875
31435.53;230224.609375
31435.54;142578.125
31435.55;143798.828125
31435.56;143066.40625
31435.57;142822.265625
31435.58;142333.984375
31435.59;194091.796875
31435.6;194091.796875
31435.61;135253.90625
31435.62;145019.53125
31435.63;142578.125
31435.64;142578.125
31435.65;151367.1875
31435.66;229980.46875
31435.67;142578.125
31435.68;143798.828125
31435.69;143310.546875
31435.7;142578.125
31435.71;142578.125
31435.72;194091.796875
31435.73;194091.796875
31435.74;135253.90625
31435.75;145019.53125
31435.76;142578.125
31435.77;142578.125
31435.78;151367.1875
31435.79;230224.609375
31435.8;142578.125
31435.81;143798.828125
31435.82;143310.546875
31435.83;142822.265625
31435.84;142578.125
31435.85;142333.984375
31435.86;142333.984375
31435.87;142089.84375
31435.88;141845.703125
31435.89;141845.703125
31435.9;141845.703125
31435.91;150634.765625
31435.92;229736.328125
31435.93;142089.84375
31435.94;143554.6875
31435.95;142822.265625
31435.96;142578.125
31435.97;142333.984375
31435.98;142089.84375
31435.99;142089.84375
31436.0;142089.84375
31436.01;141845.703125
31436.02;141845.703125
31436.03;141845.703125
31436.04;150634.765625
31436.05;229736.328125
31436.06;142089.84375
31436.07;143554.6875
31436.08;142822.265625
31436.09;142578.125
31436.1;142333.984375
31436.11;142089.84375
31436.12;142089.84375
31436.13;141845.703125
31436.14;142089.84375
31436.15;141845.703125
31436.16;141845.703125
31436.17;150634.765625
31436.18;229736.328125
31436.19;142089.84375
31436.2;143310.546875
31436.21;142822.265625
31436.22;142578.125
31436.23;142333.984375
31436.24;142333.984375
31436.25;142089.84375
31436.26;142089.84375
31436.27;142089.84375
31436.28;141845.703125
31436.29;141845.703125
31436.3;150634.765625
31436.31;229492.1875
31436.32;142089.84375
31436.33;143554.6875
31436.34;142822.265625
31436.35;142578.125
31436.36;142333.984375
31436.37;142333.984375
31436.38;142089.84375
31436.39;142089.84375
31436.4;142089.84375
31436.41;141601.5625
31436.42;141845.703125
31436.43;150634.765625
31436.44;229492.1875
31436.45;142089.84375
31436.46;143310.546875
31436.47;142822.265625
31436.48;142333.984375
31436.49;142333.984375
31436.5;142089.84375
31436.51;142089.84375
31436.52;141845.703125
31436.53;141845.703125
31436.54;141845.703125
31436.55;141845.703125
31436.56;150634.765625
31436.57;229492.1875
31436.58;142089.84375
31436.59;143310.546875
31436.6;142822.265625
31436.61;142333.984375
31436.62;142333.984375
31436.63;142089.84375
31436.64;142089.84375
31436.65;141845.703125
31436.66;141845.703125
31436.67;141845.703125
31436.68;141845.703125
31436.69;150634.765625
31436.7;229492.1875
31436.71;142089.84375
31436.72;143310.546875
31436.73;142822.265625
31436.74;142333.984375
31436.75;142333.984375
31436.76;142089.84375
31436.77;142089.84375
31436.78;142089.84375
31436.79;141845.703125
31436.8;141845.703125
31436.81;141845.703125
31436.82;141601.5625
31436.83;141601.5625
31436.84;141601.5625
31436.85;141601.5625
31436.86;141601.5625
31436.87;141601.5625
31436.88;141601.5625
31436.89;141601.5625
31436.9;141601.5625
31436.91;141601.5625
31436.92;141601.5625
31436.93;141601.5625
31436.94;141601.5625
31436.95;141601.5625
31436.96;141601.5625
31436.97;141601.5625
31436.98;141601.5625
31436.99;141601.5625
31437.0;141601.5625
31437.01;141601.5625
31437.02;141601.5625
31437.03;141601.5625
31437.04;141601.5625
31437.05;141601.5625
31437.06;141601.5625
31437.07;141601.5625
31437.08;141601.5625
31437.09;141601.5625
31437.1;141601.5625
31437.11;141601.5625
31437.12;141601.5625
31437.13;141601.5625
31437.14;141601.5625
31437.15;141601.5625
31437.16;141601.5625
31437.17;141601.5625
31437.18;141601.5625
31437.19;141601.5625
31437.2;141601.5625
31437.21;141601.5625
31437.22;141601.5625
31437.23;141601.5625
31437.24;141601.5625
31437.25;141357.421875
31437.26;141601.5625
31437.27;141601.5625
31437.28;141601.5625
31437.29;141601.5625
31437.3;141601.5625
31437.31;141601.5625
31437.32;141601.5625
31437.33;141601.5625
31437.34;141601.5625
31437.35;141601.5625
31437.36;141601.5625
31437.37;141601.5625
31437.38;141601.5625
31437.39;141601.5625
31437.4;141601.5625
31437.41;141601.5625
31437.42;141601.5625
31437.43;141601.5625
31437.44;141601.5625
31437.45;141601.5625
31437.46;141601.5625
31437.47;141601.5625
31437.48;141601.5625
31437.49;141601.5625
31437.5;141601.5625
31437.51;141601.5625
31437.52;141601.5625
31437.53;141601.5625
31437.54;141601.5625
31437.55;141601.5625
31437.56;141601.5625
31437.57;141601.5625
31437.58;141601.5625
31437.59;141601.5625
31437.6;141601.5625
31437.61;141601.5625
31437.62;141601.5625
31437.63;141601.5625
31437.64;141601.5625
31437.65;141601.5625
31437.66;141601.5625
31437.67;141601.5625
31437.68;141601.5625
31437.69;141601.5625
31437.7;141601.5625
31437.71;141601.5625
31437.72;141601.5625
31437.73;141601.5625
31437.74;141601.5625
31437.75;141601.5625
31437.76;141601.5625
31437.77;141601.5625
31437.78;141601.5625
31437.79;141601.5625
31437.8;141601.5625
31437.81;141601.5625
31437.82;141601.5625
31437.83;141601.5625
31437.84;141601.5625
31437.85;141357.421875
31437.86;141601.5625
31437.87;141601.5625
31437.88;141601.5625
31437.89;141601.5625
31437.9;141601.5625
31437.91;141601.5625
31437.92;141601.5625
31437.93;141601.5625
31437.94;141601.5625
31437.95;141601.5625
31437.96;141601.5625
31437.97;141601.5625
31437.98;141601.5625
31437.99;141601.5625
31438.0;141601.5625
31438.01;141601.5625
31438.02;141601.5625
31438.03;141601.5625
31438.04;141601.5625
31438.05;141601.5625
31438.06;141601.5625
31438.07;141601.5625
31438.08;141601.5625
31438.09;141601.5625
31438.1;141601.5625
31438.11;141601.5625
31438.12;141601.5625
31438.13;141601.5625
31438.14;141601.5625
31438.15;141601.5625
31438.16;141601.5625
31438.17;141601.5625
31438.18;141601.5625
31438.19;141601.5625
31438.2;141601.5625
31438.21;141601.5625
31438.22;141601.5625
31438.23;141601.5625
31438.24;141601.5625
31438.25;141601.5625
31438.26;141357.421875
31438.27;141601.5625
31438.28;141601.5625
31438.29;141601.5625
31438.3;141601.5625
31438.31;141601.5625
31438.32;141601.5625
31438.33;141357.421875
31438.34;141601.5625
31438.35;141601.5625
31438.36;141601.5625
31438.37;141601.5625
31438.38;141357.421875
31438.39;141601.5625
31438.4;141357.421875
31438.41;141601.5625
31438.42;141601.5625
31438.43;141601.5625
31438.44;141601.5625
31438.45;141601.5625
31438.46;141357.421875
31438.47;141601.5625
31438.48;141357.421875
31438.49;141601.5625
31438.5;141357.421875
31438.51;141357.421875
31438.52;141601.5625
31438.53;141357.421875
31438.54;141601.5625
31438.55;141357.421875
31438.56;141357.421875
31438.57;141601.5625
31438.58;141601.5625
31438.59;141357.421875
31438.6;141357.421875
31438.61;141357.421875
31438.62;141357.421875
31438.63;141601.5625
31438.64;141601.5625
31438.65;141357.421875
31438.66;141357.421875
31438.67;141601.5625
31438.68;141357.421875
31438.69;141357.421875
31438.7;141357.421875
31438.71;141357.421875
31438.72;141601.5625
31438.73;141357.421875
31438.74;141357.421875
31438.75;141357.421875
31438.76;141357.421875
31438.77;141357.421875
31438.78;141357.421875
31438.79;141357.421875
31438.8;141357.421875
31438.81;141357.421875
31438.82;141357.421875
31438.83;141357.421875
31438.84;141357.421875
31438.85;141357.421875
31438.86;141357.421875
31438.87;141357.421875
31438.88;141357.421875
31438.89;141357.421875
31438.9;141357.421875
31438.91;141357.421875
31438.92;141357.421875
31438.93;141357.421875
31438.94;141357.421875
31438.95;141357.421875
31438.96;141357.421875
31438.97;141357.421875
31438.98;141357.421875
31438.99;141357.421875
31439.0;141357.421875
31439.01;141357.421875
31439.02;141357.421875
31439.03;141357.421875
31439.04;141357.421875
31439.05;141357.421875
31439.06;141357.421875
31439.07;141357.421875
31439.08;141357.421875
31439.09;141357.421875
31439.1;141357.421875
31439.11;141357.421875
31439.12;141357.421875
31439.13;141357.421875
31439.14;141357.421875
31439.15;141357.421875
31439.16;141357.421875
31439.17;141357.421875
31439.18;141357.421875
31439.19;141357.421875
31439.2;141357.421875
31439.21;141357.421875
31439.22;141357.421875
31439.23;141357.421875
31439.24;141357.421875
31439.25;141357.421875
31439.26;141357.421875
31439.27;141357.421875
31439.28;141357.421875
31439.29;141357.421875
31439.3;141357.421875
31439.31;141357.421875
31439.32;141113.28125
31439.33;141357.421875
31439.34;141357.421875
31439.35;141357.421875
31439.36;141357.421875
31439.37;141357.421875
31439.38;141357.421875
31439.39;141357.421875
31439.4;141357.421875
31439.41;141357.421875
31439.42;141357.421875
31439.43;141357.421875
31439.44;141357.421875
31439.45;141357.421875
31439.46;141357.421875
31439.47;141357.421875
31439.48;141357.421875
31439.49;141357.421875
31439.5;141357.421875
31439.51;141357.421875
31439.52;141357.421875
31439.53;141357.421875
31439.54;141357.421875
31439.55;141357.421875
31439.56;141357.421875
31439.57;141357.421875
31439.58;141357.421875
31439.59;141357.421875
31439.6;141357.421875
31439.61;141357.421875
31439.62;141357.421875
31439.63;141357.421875
31439.64;141357.421875
31439.65;141357.421875
31439.66;141357.421875
31439.67;141357.421875
31439.68;141357.421875
31439.69;141357.421875
31439.7;141357.421875
31439.71;141357.421875
31439.72;141357.421875
31439.73;141357.421875
31439.74;141357.421875
31439.75;141357.421875
31439.76;141357.421875
31439.77;141357.421875
31439.78;141357.421875
31439.79;141357.421875
31439.8;141357.421875
31439.81;141357.421875
31439.82;141357.421875
31439.83;141357.421875
31439.84;141357.421875
31439.85;141113.28125
31439.86;141357.421875
31439.87;141357.421875
31439.88;141357.421875
31439.89;141357.421875
31439.9;141357.421875
31439.91;141357.421875
31439.92;141357.421875
31439.93;141357.421875
31439.94;141357.421875
31439.95;141113.28125
31439.96;141357.421875
31439.97;141357.421875
31439.98;141357.421875
31439.99;141357.421875
31440.0;141357.421875
31440.01;141357.421875
31440.02;141357.421875
31440.03;141357.421875
31440.04;141357.421875
31440.05;141357.421875
31440.06;141357.421875
31440.07;141357.421875
31440.08;141357.421875
31440.09;141357.421875
31440.1;141357.421875
31440.11;141357.421875
31440.12;141113.28125
31440.13;141357.421875
31440.14;141357.421875
31440.15;141357.421875
31440.16;141357.421875
31440.17;141113.28125
31440.18;141357.421875
31440.19;141113.28125
31440.2;141357.421875
31440.21;141357.421875
31440.22;141357.421875
31440.23;141113.28125
31440.24;141357.421875
31440.25;141357.421875
31440.26;141357.421875
31440.27;141357.421875
31440.28;141113.28125
31440.29;141357.421875
31440.3;141357.421875
31440.31;141357.421875
31440.32;141357.421875
31440.33;141357.421875
31440.34;141357.421875
31440.35;141357.421875
31440.36;141113.28125
31440.37;141113.28125
31440.38;141357.421875
31440.39;141357.421875
31440.4;141113.28125
31440.41;141113.28125
31440.42;141113.28125
31440.43;141113.28125
31440.44;141113.28125
31440.45;141357.421875
31440.46;141357.421875
31440.47;141113.28125
31440.48;141113.28125
31440.49;141357.421875
31440.5;141113.28125
31440.51;141113.28125
31440.52;141113.28125
31440.53;141357.421875
31440.54;141113.28125
31440.55;141357.421875
31440.56;141113.28125
31440.57;141357.421875
31440.58;141113.28125
31440.59;141357.421875
31440.6;141113.28125
31440.61;141113.28125
31440.62;141113.28125
31440.63;141113.28125
31440.64;141113.28125
31440.65;141357.421875
31440.66;141113.28125
31440.67;141357.421875
31440.68;141113.28125
31440.69;141113.28125
31440.7;141113.28125
31440.71;141113.28125
31440.72;141113.28125
31440.73;141113.28125
31440.74;141113.28125
31440.75;141113.28125
31440.76;141113.28125
31440.77;141113.28125
31440.78;141357.421875
31440.79;141113.28125
31440.8;141113.28125
31440.81;141113.28125
31440.82;141113.28125
31440.83;141113.28125
31440.84;141113.28125
31440.85;141113.28125
31440.86;141113.28125
31440.87;141357.421875
31440.88;141113.28125
31440.89;141113.28125
31440.9;141113.28125
31440.91;141357.421875
31440.92;141113.28125
31440.93;141113.28125
31440.94;141113.28125
31440.95;141113.28125
31440.96;141113.28125
31440.97;141113.28125
31440.98;141113.28125
31440.99;141113.28125
31441.0;141113.28125
31441.01;141113.28125
31441.02;141113.28125
31441.03;141113.28125
31441.04;141113.28125
31441.05;141113.28125
31441.06;141113.28125
31441.07;141113.28125
31441.08;141113.28125
31441.09;141113.28125
31441.1;141357.421875
31441.11;141113.28125
31441.12;141113.28125
31441.13;141113.28125
31441.14;141113.28125
31441.15;141357.421875
31441.16;141113.28125
31441.17;141113.28125
31441.18;141113.28125
31441.19;141113.28125
31441.2;141113.28125
31441.21;141113.28125
31441.22;141113.28125
31441.23;141113.28125
31441.24;141113.28125
31441.25;141113.28125
31441.26;141357.421875
31441.27;141113.28125
31441.28;141113.28125
31441.29;141113.28125
31441.3;141113.28125
31441.31;141113.28125
31441.32;141113.28125
31441.33;141357.421875
31441.34;141113.28125
31441.35;141113.28125
31441.36;141113.28125
31441.37;141113.28125
31441.38;141113.28125
31441.39;141113.28125
31441.4;141113.28125
31441.41;141113.28125
31441.42;141357.421875
31441.43;141113.28125
31441.44;141113.28125
31441.45;141357.421875
31441.46;141113.28125
31441.47;141113.28125
31441.48;141113.28125
31441.49;141113.28125
31441.5;141113.28125
31441.51;141113.28125
31441.52;141113.28125
31441.53;141113.28125
31441.54;141113.28125
31441.55;141113.28125
31441.56;141113.28125
31441.57;141357.421875
31441.58;141113.28125
31441.59;141357.421875
31441.6;141113.28125
31441.61;141113.28125
31441.62;141113.28125
31441.63;141113.28125
31441.64;141113.28125
31441.65;141113.28125
31441.66;141357.421875
31441.67;141113.28125
31441.68;141113.28125
31441.69;141113.28125
31441.7;141357.421875
31441.71;141113.28125
31441.72;141113.28125
31441.73;141113.28125
31441.74;141113.28125
31441.75;141357.421875
31441.76;141113.28125
31441.77;141113.28125
31441.78;141357.421875
31441.79;141113.28125
31441.8;141357.421875
31441.81;141113.28125
31441.82;141113.28125
31441.83;141113.28125
31441.84;141357.421875
31441.85;141113.28125
31441.86;141357.421875
31441.87;141113.28125
31441.88;141113.28125
31441.89;141113.28125
31441.9;141357.421875
31441.91;141113.28125
31441.92;141113.28125
31441.93;141357.421875
31441.94;141113.28125
31441.95;141113.28125
31441.96;141357.421875
31441.97;141113.28125
31441.98;141357.421875
31441.99;141113.28125
31442.0;141113.28125
31442.01;141113.28125
31442.02;141357.421875
31442.03;141113.28125
31442.04;141113.28125
31442.05;141113.28125
31442.06;141113.28125
31442.07;141357.421875
31442.08;141357.421875
31442.09;141113.28125
31442.1;141357.421875
31442.11;141113.28125
31442.12;141357.421875
31442.13;141113.28125
31442.14;141113.28125
31442.15;141113.28125
31442.16;141113.28125
31442.17;141113.28125
31442.18;141357.421875
31442.19;141113.28125
31442.2;141113.28125
31442.21;141113.28125
31442.22;141113.28125
31442.23;141113.28125
31442.24;141357.421875
31442.25;141113.28125
31442.26;141357.421875
31442.27;141113.28125
31442.28;141113.28125
31442.29;141113.28125
31442.3;141113.28125
31442.31;141113.28125
31442.32;141113.28125
31442.33;141113.28125
31442.34;141113.28125
31442.35;141113.28125
31442.36;141113.28125
31442.37;141113.28125
31442.38;141113.28125
31442.39;141113.28125
31442.4;141113.28125
31442.41;141357.421875
31442.42;141113.28125
31442.43;141113.28125
31442.44;141113.28125
31442.45;141113.28125
31442.46;141113.28125
31442.47;141113.28125
31442.48;141113.28125
31442.49;141113.28125
31442.5;141357.421875
31442.51;141357.421875
31442.52;141113.28125
31442.53;141113.28125
31442.54;141357.421875
31442.55;141113.28125
31442.56;141113.28125
31442.57;141113.28125
31442.58;141357.421875
31442.59;141113.28125
31442.6;141113.28125
31442.61;141113.28125
31442.62;141357.421875
31442.63;141113.28125
31442.64;141357.421875
31442.65;141113.28125
31442.66;141357.421875
31442.67;141113.28125
31442.68;141113.28125
31442.69;141113.28125
31442.7;141113.28125
31442.71;141357.421875
31442.72;141357.421875
31442.73;141113.28125
31442.74;141113.28125
31442.75;141113.28125
31442.76;141113.28125
31442.77;141113.28125
31442.78;141113.28125
31442.79;141113.28125
31442.8;141113.28125
31442.81;141113.28125
31442.82;141113.28125
31442.83;141113.28125
31442.84;141113.28125
31442.85;141113.28125
31442.86;141113.28125
31442.87;141113.28125
31442.88;141113.28125
31442.89;141113.28125
31442.9;141113.28125
31442.91;141357.421875
31442.92;141357.421875
31442.93;141113.28125
31442.94;141113.28125
31442.95;141113.28125
31442.96;141113.28125
31442.97;141113.28125
31442.98;141113.28125
31442.99;141113.28125
31443.0;141113.28125
31443.01;141113.28125
31443.02;141113.28125
31443.03;141113.28125
31443.04;141113.28125
31443.05;141113.28125
31443.06;141113.28125
31443.07;141357.421875
31443.08;141113.28125
31443.09;141113.28125
31443.1;141113.28125
31443.11;141113.28125
31443.12;141113.28125
31443.13;141113.28125
31443.14;141113.28125
31443.15;141113.28125
31443.16;141113.28125
31443.17;141113.28125
31443.18;141357.421875
31443.19;141113.28125
31443.2;141113.28125
31443.21;141357.421875
31443.22;141113.28125
31443.23;141113.28125
31443.24;141113.28125
31443.25;141357.421875
31443.26;141357.421875
31443.27;141113.28125
31443.28;141113.28125
31443.29;141113.28125
31443.3;141113.28125
31443.31;141113.28125
31443.32;141113.28125
31443.33;141113.28125
31443.34;141357.421875
31443.35;141113.28125
31443.36;141357.421875
31443.37;141113.28125
31443.38;141113.28125
31443.39;141113.28125
31443.4;141113.28125
31443.41;141113.28125
31443.42;141357.421875
31443.43;141113.28125
31443.44;141357.421875
31443.45;141357.421875
31443.46;141357.421875
31443.47;141113.28125
31443.48;141357.421875
31443.49;141357.421875
31443.5;141113.28125
31443.51;141357.421875
31443.52;141113.28125
31443.53;141357.421875
31443.54;141357.421875
31443.55;141357.421875
31443.56;141357.421875
31443.57;141357.421875
31443.58;141357.421875
31443.59;141113.28125
31443.6;141113.28125
31443.61;141113.28125
31443.62;141113.28125
31443.63;141113.28125
31443.64;141113.28125
31443.65;141357.421875
31443.66;141357.421875
31443.67;141357.421875
31443.68;141357.421875
31443.69;141357.421875
31443.7;141357.421875
31443.71;141357.421875
31443.72;141113.28125
31443.73;141357.421875
31443.74;141113.28125
31443.75;141357.421875
31443.76;141113.28125
31443.77;141357.421875
31443.78;141357.421875
31443.79;141113.28125
31443.8;141357.421875
31443.81;141113.28125
31443.82;141113.28125
31443.83;141357.421875
31443.84;141113.28125
31443.85;141113.28125
31443.86;141357.421875
31443.87;141357.421875
31443.88;141113.28125
31443.89;141357.421875
31443.9;141357.421875
31443.91;141113.28125
31443.92;141113.28125
31443.93;141113.28125
31443.94;141357.421875
31443.95;141113.28125
31443.96;141357.421875
31443.97;141113.28125
31443.98;141113.28125
31443.99;141113.28125
31444.0;141357.421875
31444.01;141357.421875
31444.02;141357.421875
31444.03;141357.421875
31444.04;141357.421875
31444.05;141113.28125
31444.06;141357.421875
31444.07;141113.28125
31444.08;141357.421875
31444.09;141113.28125
31444.1;141357.421875
31444.11;141357.421875
31444.12;141357.421875
31444.13;141357.421875
31444.14;141357.421875
31444.15;141357.421875
31444.16;141357.421875
31444.17;141357.421875
31444.18;141113.28125
31444.19;141357.421875
31444.2;141113.28125
31444.21;141357.421875
31444.22;141357.421875
31444.23;141113.28125
31444.24;141113.28125
31444.25;141357.421875
31444.26;141357.421875
31444.27;141113.28125
31444.28;141113.28125
31444.29;141357.421875
31444.3;141357.421875
31444.31;141357.421875
31444.32;141113.28125
31444.33;141357.421875
31444.34;141357.421875
31444.35;141113.28125
31444.36;141357.421875
31444.37;141357.421875
31444.38;141113.28125
31444.39;141357.421875
31444.4;141357.421875
31444.41;141113.28125
31444.42;141357.421875
31444.43;141113.28125
31444.44;141113.28125
31444.45;141113.28125
31444.46;141357.421875
31444.47;141113.28125
31444.48;141113.28125
31444.49;141113.28125
31444.5;141113.28125
31444.51;141113.28125
31444.52;141113.28125
31444.53;141113.28125
31444.54;141113.28125
31444.55;141113.28125
31444.56;141113.28125
31444.57;141113.28125
31444.58;141113.28125
31444.59;141113.28125
31444.6;141113.28125
31444.61;141113.28125
31444.62;141357.421875
31444.63;141113.28125
31444.64;141357.421875
31444.65;141113.28125
31444.66;141113.28125
31444.67;141113.28125
31444.68;141113.28125
31444.69;141113.28125
31444.7;141113.28125
31444.71;141113.28125
31444.72;141113.28125
31444.73;141113.28125
31444.74;141113.28125
31444.75;141113.28125
31444.76;141113.28125
31444.77;141357.421875
31444.78;141113.28125
31444.79;141113.28125
31444.8;141113.28125
31444.81;141113.28125
31444.82;141113.28125
31444.83;141113.28125
31444.84;141113.28125
31444.85;141357.421875
31444.86;141113.28125
31444.87;141113.28125
31444.88;141113.28125
31444.89;141113.28125
31444.9;141113.28125
31444.91;141113.28125
31444.92;141113.28125
31444.93;141357.421875
31444.94;141113.28125
31444.95;141113.28125
31444.96;141113.28125
31444.97;141113.28125
31444.98;141113.28125
31444.99;141113.28125
31445.0;141113.28125
31445.01;141113.28125
31445.02;141113.28125
31445.03;141113.28125
31445.04;141113.28125
31445.05;141113.28125
31445.06;141113.28125
31445.07;141113.28125
31445.08;141113.28125
31445.09;141113.28125
31445.1;141357.421875
31445.11;141113.28125
31445.12;141113.28125
31445.13;141113.28125
31445.14;141113.28125
31445.15;141113.28125
31445.16;141113.28125
31445.17;141357.421875
31445.18;141113.28125
31445.19;141113.28125
31445.2;141113.28125
31445.21;141113.28125
31445.22;141113.28125
31445.23;141113.28125
31445.24;141113.28125
31445.25;141113.28125
31445.26;141113.28125
31445.27;141113.28125
31445.28;141357.421875
31445.29;141357.421875
31445.3;141113.28125
31445.31;141113.28125
31445.32;141113.28125
31445.33;141113.28125
31445.34;141113.28125
31445.35;141113.28125
31445.36;141113.28125
31445.37;141113.28125
31445.38;141113.28125
31445.39;141357.421875
31445.4;141113.28125
31445.41;141357.421875
31445.42;141357.421875
31445.43;141113.28125
31445.44;141113.28125
31445.45;141113.28125
31445.46;141357.421875
31445.47;141113.28125
31445.48;141357.421875
31445.49;141113.28125
31445.5;141113.28125
31445.51;141113.28125
31445.52;141113.28125
31445.53;141113.28125
31445.54;141113.28125
31445.55;141357.421875
31445.56;141113.28125
31445.57;141113.28125
31445.58;141113.28125
31445.59;141113.28125
31445.6;141113.28125
31445.61;141113.28125
31445.62;141113.28125
31445.63;141357.421875
31445.64;141113.28125
31445.65;141113.28125
31445.66;141113.28125
31445.67;141357.421875
31445.68;141113.28125
31445.69;141113.28125
31445.7;141357.421875
31445.71;141357.421875
31445.72;141113.28125
31445.73;141357.421875
31445.74;141113.28125
31445.75;141357.421875
31445.76;141113.28125
31445.77;141357.421875
31445.78;141113.28125
31445.79;141357.421875
31445.8;141357.421875
31445.81;141113.28125
31445.82;141357.421875
31445.83;141113.28125
31445.84;141113.28125
31445.85;141357.421875
31445.86;141113.28125
31445.87;141113.28125
31445.88;141113.28125
31445.89;141113.28125
31445.9;141113.28125
31445.91;141113.28125
31445.92;141113.28125
31445.93;141113.28125
31445.94;141357.421875
31445.95;141357.421875
31445.96;141113.28125
31445.97;141113.28125
31445.98;141357.421875
31445.99;141113.28125
31446.0;141113.28125
31446.01;141113.28125
31446.02;141357.421875
31446.03;141113.28125
31446.04;141113.28125
31446.05;141113.28125
31446.06;141357.421875
31446.07;141113.28125
31446.08;141113.28125
31446.09;141357.421875
31446.1;141357.421875
31446.11;141113.28125
31446.12;141113.28125
31446.13;141357.421875
31446.14;141113.28125
31446.15;141113.28125
31446.16;141357.421875
31446.17;141113.28125
31446.18;141357.421875
31446.19;141357.421875
31446.2;141113.28125
31446.21;141113.28125
31446.22;141113.28125
31446.23;141113.28125
31446.24;141113.28125
31446.25;141357.421875
31446.26;141113.28125
31446.27;141113.28125
31446.28;141113.28125
31446.29;141113.28125
31446.3;141113.28125
31446.31;141113.28125
31446.32;141357.421875
31446.33;141113.28125
31446.34;141113.28125
31446.35;141113.28125
31446.36;141113.28125
31446.37;141113.28125
31446.38;141113.28125
31446.39;141113.28125
31446.4;141113.28125
31446.41;141357.421875
31446.42;141113.28125
31446.43;141113.28125
31446.44;141113.28125
31446.45;141113.28125
31446.46;141113.28125
31446.47;141113.28125
31446.48;141113.28125
31446.49;141113.28125
31446.5;141113.28125
31446.51;141113.28125
31446.52;141357.421875
31446.53;141113.28125
31446.54;141113.28125
31446.55;141113.28125
31446.56;141113.28125
31446.57;141113.28125
31446.58;141357.421875
31446.59;141113.28125
31446.6;141113.28125
31446.61;141113.28125
31446.62;141357.421875
31446.63;141113.28125
31446.64;141113.28125
31446.65;141357.421875
31446.66;141113.28125
31446.67;141357.421875
31446.68;141113.28125
31446.69;141357.421875
31446.7;141113.28125
31446.71;141357.421875
31446.72;141113.28125
31446.73;141113.28125
31446.74;141113.28125
31446.75;141357.421875
31446.76;141113.28125
31446.77;141113.28125
31446.78;141357.421875
31446.79;141113.28125
31446.8;141113.28125
31446.81;141113.28125
31446.82;141113.28125
31446.83;141113.28125
31446.84;141113.28125
31446.85;141113.28125
31446.86;141113.28125
31446.87;141113.28125
31446.88;141113.28125
31446.89;141113.28125
31446.9;141113.28125
31446.91;141357.421875
31446.92;141357.421875
31446.93;141113.28125
31446.94;141113.28125
31446.95;141113.28125
31446.96;141113.28125
31446.97;141113.28125
31446.98;141113.28125
31446.99;141113.28125
31447.0;141113.28125
31447.01;141113.28125
31447.02;141113.28125
31447.03;141113.28125
31447.04;141357.421875
31447.05;141113.28125
31447.06;141113.28125
31447.07;141113.28125
31447.08;141357.421875
31447.09;141113.28125
31447.1;141113.28125
31447.11;141113.28125
31447.12;141113.28125
31447.13;141113.28125
31447.14;141113.28125
31447.15;141113.28125
31447.16;141113.28125
31447.17;141357.421875
31447.18;141113.28125
31447.19;141113.28125
31447.2;141113.28125
31447.21;141113.28125
31447.22;141113.28125
31447.23;141113.28125
31447.24;141113.28125
31447.25;141357.421875
31447.26;141113.28125
31447.27;141357.421875
31447.28;141113.28125
31447.29;141113.28125
31447.3;141113.28125
31447.31;141113.28125
31447.32;141357.421875
31447.33;141113.28125
31447.34;141113.28125
31447.35;141113.28125
31447.36;141113.28125
31447.37;141113.28125
31447.38;141113.28125
31447.39;141357.421875
31447.4;141113.28125
31447.41;141113.28125
31447.42;141357.421875
31447.43;141113.28125
31447.44;141113.28125
31447.45;141113.28125
31447.46;141357.421875
31447.47;141357.421875
31447.48;141113.28125
31447.49;141113.28125
31447.5;141113.28125
31447.51;141357.421875
31447.52;141113.28125
31447.53;141357.421875
31447.54;141113.28125
31447.55;141113.28125
31447.56;141113.28125
31447.57;141113.28125
31447.58;141113.28125
31447.59;141113.28125
31447.6;141357.421875
31447.61;141113.28125
31447.62;141357.421875
31447.63;141357.421875
31447.64;141357.421875
31447.65;141113.28125
31447.66;141357.421875
31447.67;141113.28125
31447.68;141113.28125
31447.69;141357.421875
31447.7;141113.28125
31447.71;141113.28125
31447.72;141357.421875
31447.73;141113.28125
31447.74;141357.421875
31447.75;141113.28125
31447.76;141113.28125
31447.77;141357.421875
31447.78;141357.421875
31447.79;141113.28125
31447.8;141357.421875
31447.81;141357.421875
31447.82;141113.28125
31447.83;141357.421875
31447.84;141113.28125
31447.85;141113.28125
31447.86;141357.421875
31447.87;141113.28125
31447.88;141113.28125
31447.89;141357.421875
31447.9;141113.28125
31447.91;141113.28125
31447.92;141357.421875
31447.93;141357.421875
31447.94;141357.421875
31447.95;141113.28125
31447.96;141357.421875
31447.97;141357.421875
31447.98;141113.28125
31447.99;141113.28125
31448.0;141113.28125
31448.01;141357.421875
31448.02;141113.28125
31448.03;141357.421875
31448.04;141357.421875
31448.05;141113.28125
31448.06;141357.421875
31448.07;141357.421875
31448.08;141357.421875
31448.09;141357.421875
31448.1;141113.28125
31448.11;141357.421875
31448.12;141357.421875
31448.13;141357.421875
31448.14;141113.28125
31448.15;141357.421875
31448.16;141113.28125
31448.17;141113.28125
31448.18;141113.28125
31448.19;141113.28125
31448.2;141357.421875
31448.21;141357.421875
31448.22;141113.28125
31448.23;141357.421875
31448.24;141357.421875
31448.25;141113.28125
31448.26;141357.421875
31448.27;141357.421875
31448.28;141357.421875
31448.29;141113.28125
31448.3;141357.421875
31448.31;141357.421875
31448.32;141113.28125
31448.33;141357.421875
31448.34;141113.28125
31448.35;141113.28125
31448.36;141113.28125
31448.37;141357.421875
31448.38;141357.421875
31448.39;141357.421875
31448.4;141357.421875
31448.41;141113.28125
31448.42;141357.421875
31448.43;141113.28125
31448.44;141113.28125
31448.45;141113.28125
31448.46;141113.28125
31448.47;141357.421875
31448.48;141113.28125
31448.49;141113.28125
31448.5;141357.421875
31448.51;141113.28125
31448.52;141113.28125
31448.53;141357.421875
31448.54;141113.28125
31448.55;141113.28125
31448.56;141357.421875
31448.57;141113.28125
31448.58;141357.421875
31448.59;141113.28125
31448.6;141357.421875
31448.61;141113.28125
31448.62;141357.421875
31448.63;141113.28125
31448.64;141357.421875
31448.65;141113.28125
31448.66;141113.28125
31448.67;141113.28125
31448.68;141357.421875
31448.69;141357.421875
31448.7;141113.28125
31448.71;141113.28125
31448.72;141113.28125
31448.73;141357.421875
31448.74;141113.28125
31448.75;141113.28125
31448.76;141113.28125
31448.77;141113.28125
31448.78;141113.28125
31448.79;141113.28125
31448.8;141113.28125
31448.81;141113.28125
31448.82;141113.28125
31448.83;141113.28125
31448.84;141113.28125
31448.85;141113.28125
31448.86;141113.28125
31448.87;141113.28125
31448.88;141113.28125
31448.89;141357.421875
31448.9;141113.28125
31448.91;141357.421875
31448.92;141113.28125
31448.93;141357.421875
31448.94;141113.28125
31448.95;141357.421875
31448.96;141113.28125
31448.97;141357.421875
31448.98;141113.28125
31448.99;141113.28125
31449.0;141113.28125
31449.01;141113.28125
31449.02;141113.28125
31449.03;141113.28125
31449.04;141357.421875
31449.05;141113.28125
31449.06;141113.28125
31449.07;141357.421875
31449.08;141357.421875
31449.09;141113.28125
31449.1;141113.28125
31449.11;141357.421875
31449.12;141113.28125
31449.13;141357.421875
31449.14;141113.28125
31449.15;141113.28125
31449.16;141113.28125
31449.17;141357.421875
31449.18;141113.28125
31449.19;141357.421875
31449.2;141357.421875
31449.21;141113.28125
31449.22;141357.421875
31449.23;141357.421875
31449.24;141357.421875
31449.25;141357.421875
31449.26;141113.28125
31449.27;141357.421875
31449.28;141357.421875
31449.29;141357.421875
31449.3;141113.28125
31449.31;141357.421875
31449.32;141357.421875
31449.33;141113.28125
31449.34;141113.28125
31449.35;141357.421875
31449.36;141357.421875
31449.37;141113.28125
31449.38;141357.421875
31449.39;141357.421875
31449.4;141357.421875
31449.41;141113.28125
31449.42;141357.421875
31449.43;141357.421875
31449.44;141357.421875
31449.45;141357.421875
31449.46;141357.421875
31449.47;141357.421875
31449.48;141113.28125
31449.49;141357.421875
31449.5;141357.421875
31449.51;141113.28125
31449.52;141113.28125
31449.53;141357.421875
31449.54;141357.421875
31449.55;141357.421875
31449.56;141357.421875
31449.57;141357.421875
31449.58;141357.421875
31449.59;141357.421875
31449.6;141357.421875
31449.61;141357.421875
31449.62;141357.421875
31449.63;141357.421875
31449.64;141357.421875
31449.65;141357.421875
31449.66;141357.421875
31449.67;141357.421875
31449.68;141357.421875
31449.69;141357.421875
31449.7;141357.421875
31449.71;141357.421875
31449.72;141357.421875
31449.73;141357.421875
31449.74;141113.28125
31449.75;141357.421875
31449.76;141357.421875
31449.77;141357.421875
31449.78;141113.28125
31449.79;141357.421875
31449.8;141357.421875
31449.81;141357.421875
31449.82;141357.421875
31449.83;141357.421875
31449.84;141357.421875
31449.85;141357.421875
31449.86;141357.421875
31449.87;141357.421875
31449.88;141357.421875
31449.89;141357.421875
31449.9;141357.421875
31449.91;141357.421875
31449.92;141357.421875
31449.93;141357.421875
31449.94;141357.421875
31449.95;141357.421875
31449.96;141357.421875
31449.97;141357.421875
31449.98;141357.421875
31449.99;141357.421875
31450.0;141357.421875
31450.01;141357.421875
31450.02;141357.421875
31450.03;141357.421875
31450.04;141357.421875
31450.05;141357.421875
31450.06;141357.421875
31450.07;141357.421875
31450.08;141357.421875
31450.09;141357.421875
31450.1;141357.421875
31450.11;141357.421875
31450.12;141357.421875
31450.13;141357.421875
31450.14;141357.421875
31450.15;141357.421875
31450.16;141357.421875
31450.17;141357.421875
31450.18;141357.421875
31450.19;141357.421875
31450.2;141357.421875
31450.21;141357.421875
31450.22;141357.421875
31450.23;141357.421875
31450.24;141357.421875
31450.25;141357.421875
31450.26;141357.421875
31450.27;141357.421875
31450.28;141357.421875
31450.29;141357.421875
31450.3;141357.421875
31450.31;141357.421875
31450.32;141357.421875
31450.33;141357.421875
31450.34;141357.421875
31450.35;141357.421875
31450.36;141357.421875
31450.37;141357.421875
31450.38;141357.421875
31450.39;141357.421875
31450.4;141357.421875
31450.41;141357.421875
31450.42;141357.421875
31450.43;141357.421875
31450.44;141357.421875
31450.45;141357.421875
31450.46;141357.421875
31450.47;141357.421875
31450.48;141357.421875
31450.49;141357.421875
31450.5;141357.421875
31450.51;141357.421875
31450.52;141357.421875
31450.53;141357.421875
31450.54;141357.421875
31450.55;141357.421875
31450.56;141357.421875
31450.57;141357.421875
31450.58;141601.5625
31450.59;141357.421875
31450.6;141357.421875
31450.61;141357.421875
31450.62;141357.421875
31450.63;141357.421875
31450.64;141357.421875
31450.65;141357.421875
31450.66;141601.5625
31450.67;141357.421875
31450.68;141357.421875
31450.69;141357.421875
31450.7;141357.421875
31450.71;141357.421875
31450.72;141357.421875
31450.73;141357.421875
31450.74;141601.5625
31450.75;141357.421875
31450.76;141357.421875
31450.77;141357.421875
31450.78;141357.421875
31450.79;141357.421875
31450.8;141357.421875
31450.81;141357.421875
31450.82;141357.421875
31450.83;141357.421875
31450.84;141357.421875
31450.85;141357.421875
31450.86;141357.421875
31450.87;141357.421875
31450.88;141357.421875
31450.89;141601.5625
31450.9;141357.421875
31450.91;141601.5625
31450.92;141357.421875
31450.93;141357.421875
31450.94;141357.421875
31450.95;141357.421875
31450.96;141357.421875
31450.97;141601.5625
31450.98;141601.5625
31450.99;141601.5625
31451.0;141357.421875
31451.01;141601.5625
31451.02;141357.421875
31451.03;141357.421875
31451.04;141601.5625
31451.05;141357.421875
31451.06;141357.421875
31451.07;141601.5625
31451.08;141357.421875
31451.09;141601.5625
31451.1;141357.421875
31451.11;141601.5625
31451.12;141357.421875
31451.13;141357.421875
31451.14;141601.5625
31451.15;141357.421875
31451.16;141357.421875
31451.17;141601.5625
31451.18;141357.421875
31451.19;141601.5625
31451.2;141601.5625
31451.21;141601.5625
31451.22;141601.5625
31451.23;141357.421875
31451.24;141357.421875
31451.25;141601.5625
31451.26;141357.421875
31451.27;141357.421875
31451.28;141601.5625
31451.29;141357.421875
31451.3;141357.421875
31451.31;141601.5625
31451.32;141601.5625
31451.33;141601.5625
31451.34;141601.5625
31451.35;141601.5625
31451.36;141357.421875
31451.37;141601.5625
31451.38;141601.5625
31451.39;141357.421875
31451.4;141357.421875
31451.41;141601.5625
31451.42;141601.5625
31451.43;141601.5625
31451.44;141357.421875
31451.45;141601.5625
31451.46;141601.5625
31451.47;141601.5625
31451.48;141601.5625
31451.49;141357.421875
31451.5;141601.5625
31451.51;141601.5625
31451.52;141601.5625
31451.53;141601.5625
31451.54;141601.5625
31451.55;141601.5625
31451.56;141601.5625
31451.57;141601.5625
31451.58;141601.5625
31451.59;141601.5625
31451.6;141601.5625
31451.61;141601.5625
31451.62;141601.5625
31451.63;141601.5625
31451.64;141601.5625
31451.65;141601.5625
31451.66;141601.5625
31451.67;141601.5625
31451.68;141601.5625
31451.69;141601.5625
31451.7;141601.5625
31451.71;141601.5625
31451.72;141601.5625
31451.73;141601.5625
31451.74;141601.5625
31451.75;141601.5625
31451.76;141601.5625
31451.77;141601.5625
31451.78;141601.5625
31451.79;141601.5625
31451.8;141601.5625
31451.81;141601.5625
31451.82;141601.5625
31451.83;141601.5625
31451.84;141601.5625
31451.85;141601.5625
31451.86;141601.5625
31451.87;141601.5625
31451.88;141601.5625
31451.89;141601.5625
31451.9;141601.5625
31451.91;141601.5625
31451.92;141601.5625
31451.93;141601.5625
31451.94;141601.5625
31451.95;141601.5625
31451.96;141601.5625
31451.97;141601.5625
31451.98;141601.5625
31451.99;141601.5625
31452.0;141601.5625
31452.01;141601.5625
31452.02;141601.5625
31452.03;141601.5625
31452.04;141601.5625
31452.05;141601.5625
31452.06;141601.5625
31452.07;141601.5625
31452.08;141601.5625
31452.09;141601.5625
31452.1;141601.5625
31452.11;141601.5625
31452.12;141601.5625
31452.13;141601.5625
31452.14;141601.5625
31452.15;141601.5625
31452.16;141601.5625
31452.17;141601.5625
31452.18;141601.5625
31452.19;141601.5625
31452.2;141845.703125
31452.21;141601.5625
31452.22;141601.5625
31452.23;141601.5625
31452.24;141601.5625
31452.25;141601.5625
31452.26;141601.5625
31452.27;141601.5625
31452.28;141601.5625
31452.29;141601.5625
31452.3;141601.5625
31452.31;141601.5625
31452.32;141601.5625
31452.33;141601.5625
31452.34;141601.5625
31452.35;141601.5625
31452.36;141601.5625
31452.37;141601.5625
31452.38;141601.5625
31452.39;141601.5625
31452.4;141845.703125
31452.41;141601.5625
31452.42;141601.5625
31452.43;141601.5625
31452.44;141601.5625
31452.45;141357.421875
31452.46;141601.5625
31452.47;141601.5625
31452.48;141601.5625
31452.49;141601.5625
31452.5;141601.5625
31452.51;141601.5625
31452.52;141601.5625
31452.53;141601.5625
31452.54;141601.5625
31452.55;141601.5625
31452.56;141601.5625
31452.57;141601.5625
31452.58;141601.5625
31452.59;141601.5625
31452.6;141601.5625
31452.61;150878.90625
31452.62;229003.90625
31452.63;141357.421875
31452.64;143554.6875
31452.65;142822.265625
31452.66;142578.125
31452.67;142333.984375
31452.68;195556.640625
31452.69;191894.53125
31452.7;135253.90625
31452.71;145019.53125
31452.72;142578.125
31452.73;142578.125
31452.74;152099.609375
31452.75;229980.46875
31452.76;141601.5625
31452.77;143798.828125
31452.78;143066.40625
31452.79;142578.125
31452.8;142578.125
31452.81;142333.984375
31452.82;142089.84375
31452.83;142089.84375
31452.84;141845.703125
31452.85;141845.703125
31452.86;141845.703125
31452.87;151611.328125
31452.88;229492.1875
31452.89;141113.28125
31452.9;143798.828125
31452.91;142822.265625
31452.92;142578.125
31452.93;142333.984375
31452.94;142089.84375
31452.95;142089.84375
31452.96;142089.84375
31452.97;141845.703125
31452.98;141845.703125
31452.99;141845.703125
31453.0;151367.1875
31453.01;229492.1875
31453.02;141113.28125
31453.03;143554.6875
31453.04;142822.265625
31453.05;142578.125
31453.06;142333.984375
31453.07;142089.84375
31453.08;142089.84375
31453.09;141845.703125
31453.1;142089.84375
31453.11;141845.703125
31453.12;141845.703125
31453.13;151611.328125
31453.14;229492.1875
31453.15;141357.421875
31453.16;143554.6875
31453.17;142822.265625
31453.18;142333.984375
31453.19;142333.984375
31453.2;142089.84375
31453.21;142089.84375
31453.22;142089.84375
31453.23;141845.703125
31453.24;141845.703125
31453.25;141845.703125
31453.26;151611.328125
31453.27;229492.1875
31453.28;141357.421875
31453.29;143554.6875
31453.3;142822.265625
31453.31;142578.125
31453.32;142333.984375
31453.33;195556.640625
31453.34;191894.53125
31453.35;135498.046875
31453.36;145019.53125
31453.37;142578.125
31453.38;142578.125
31453.39;152099.609375
31453.4;229980.46875
31453.41;141601.5625
31453.42;144042.96875
31453.43;143066.40625
31453.44;142822.265625
31453.45;142578.125
31453.46;195800.78125
31453.47;192138.671875
31453.48;135498.046875
31453.49;145019.53125
31453.5;142578.125
31453.51;142822.265625
31453.52;152099.609375
31453.53;229980.46875
31453.54;141601.5625
31453.55;144042.96875
31453.56;143066.40625
31453.57;142578.125
31453.58;142578.125
31453.59;195800.78125
31453.6;191894.53125
31453.61;135498.046875
31453.62;145019.53125
31453.63;142578.125
31453.64;142578.125
31453.65;152099.609375
31453.66;229980.46875
31453.67;141601.5625
31453.68;144042.96875
31453.69;143066.40625
31453.7;142822.265625
31453.71;142578.125
31453.72;195800.78125
31453.73;192138.671875
31453.74;135498.046875
31453.75;145019.53125
31453.76;142578.125
31453.77;142578.125
31453.78;152099.609375
31453.79;229980.46875
31453.8;141601.5625
31453.81;144042.96875
31453.82;143066.40625
31453.83;142822.265625
31453.84;142578.125
31453.85;142333.984375
31453.86;142089.84375
31453.87;142089.84375
31453.88;142089.84375
31453.89;141845.703125
31453.9;141845.703125
31453.91;151611.328125
31453.92;229492.1875
31453.93;141113.28125
31453.94;143554.6875
31453.95;142822.265625
31453.96;142578.125
31453.97;142333.984375
31453.98;142333.984375
31453.99;142089.84375
31454.0;142089.84375
31454.01;141845.703125
31454.02;141845.703125
31454.03;141845.703125
31454.04;151611.328125
31454.05;229492.1875
31454.06;141113.28125
31454.07;143554.6875
31454.08;142822.265625
31454.09;142578.125
31454.1;142333.984375
31454.11;142333.984375
31454.12;142089.84375
31454.13;142089.84375
31454.14;141845.703125
31454.15;141845.703125
31454.16;141845.703125
31454.17;151611.328125
31454.18;229492.1875
31454.19;141113.28125
31454.2;143554.6875
31454.21;142822.265625
31454.22;142578.125
31454.23;142333.984375
31454.24;142333.984375
31454.25;142089.84375
31454.26;141845.703125
31454.27;141845.703125
31454.28;141845.703125
31454.29;141845.703125
31454.3;151611.328125
31454.31;229492.1875
31454.32;141113.28125
31454.33;143554.6875
31454.34;142822.265625
31454.35;142578.125
31454.36;142333.984375
31454.37;142333.984375
31454.38;142089.84375
31454.39;141845.703125
31454.4;141845.703125
31454.41;141845.703125
31454.42;141845.703125
31454.43;151611.328125
31454.44;229492.1875
31454.45;141357.421875
31454.46;143554.6875
31454.47;142822.265625
31454.48;142578.125
31454.49;142333.984375
31454.5;142089.84375
31454.51;142089.84375
31454.52;142089.84375
31454.53;141845.703125
31454.54;141845.703125
31454.55;141845.703125
31454.56;151611.328125
31454.57;229492.1875
31454.58;141113.28125
31454.59;143554.6875
31454.6;142822.265625
31454.61;142578.125
31454.62;142333.984375
31454.63;142333.984375
31454.64;142089.84375
31454.65;142089.84375
31454.66;141845.703125
31454.67;141845.703125
31454.68;141845.703125
31454.69;151611.328125
31454.7;229492.1875
31454.71;141113.28125
31454.72;143554.6875
31454.73;142822.265625
31454.74;142578.125
31454.75;142333.984375
31454.76;142089.84375
31454.77;142089.84375
31454.78;142089.84375
31454.79;141845.703125
31454.8;141845.703125
31454.81;141845.703125
31454.82;141845.703125
31454.83;141601.5625
31454.84;141601.5625
31454.85;141601.5625
31454.86;141845.703125
31454.87;141601.5625
31454.88;141845.703125
31454.89;141601.5625
31454.9;141601.5625
31454.91;141601.5625
31454.92;141601.5625
31454.93;141601.5625
31454.94;141601.5625
31454.95;141601.5625
31454.96;141601.5625
31454.97;141601.5625
31454.98;141601.5625
31454.99;141601.5625
31455.0;141601.5625
31455.01;141601.5625
31455.02;141601.5625
31455.03;141601.5625
31455.04;141601.5625
31455.05;141601.5625
31455.06;141601.5625
31455.07;141601.5625
31455.08;141601.5625
31455.09;141601.5625
31455.1;141601.5625
31455.11;141601.5625
31455.12;141601.5625
31455.13;141601.5625
31455.14;141601.5625
31455.15;141601.5625
31455.16;141601.5625
31455.17;141601.5625
31455.18;141601.5625
31455.19;141601.5625
31455.2;141601.5625
31455.21;141601.5625
31455.22;141601.5625
31455.23;141601.5625
31455.24;141601.5625
31455.25;141601.5625
31455.26;141601.5625
31455.27;141601.5625
31455.28;141601.5625
31455.29;141601.5625
31455.3;141601.5625
31455.31;141601.5625
31455.32;141601.5625
31455.33;141601.5625
31455.34;141601.5625
31455.35;141601.5625
31455.36;141601.5625
31455.37;141601.5625
31455.38;141601.5625
31455.39;141601.5625
31455.4;141601.5625
31455.41;141601.5625
31455.42;141601.5625
31455.43;141601.5625
31455.44;141601.5625
31455.45;141601.5625
31455.46;141601.5625
31455.47;141601.5625
31455.48;141601.5625
31455.49;141601.5625
31455.5;141601.5625
31455.51;141601.5625
31455.52;141845.703125
31455.53;141601.5625
31455.54;141601.5625
31455.55;141601.5625
31455.56;141601.5625
31455.57;141845.703125
31455.58;141601.5625
31455.59;141601.5625
31455.6;141601.5625
31455.61;141601.5625
31455.62;141601.5625
31455.63;141601.5625
31455.64;141601.5625
31455.65;141601.5625
31455.66;141601.5625
31455.67;141601.5625
31455.68;141601.5625
31455.69;141601.5625
31455.7;141601.5625
31455.71;141601.5625
31455.72;141601.5625
31455.73;141601.5625
31455.74;141601.5625
31455.75;141601.5625
31455.76;141601.5625
31455.77;141601.5625
31455.78;141601.5625
31455.79;141601.5625
31455.8;141601.5625
31455.81;141601.5625
31455.82;141601.5625
31455.83;141601.5625
31455.84;141601.5625
31455.85;141601.5625
31455.86;141601.5625
31455.87;141601.5625
31455.88;141601.5625
31455.89;141601.5625
31455.9;141601.5625
31455.91;141601.5625
31455.92;141601.5625
31455.93;141601.5625
31455.94;141601.5625
31455.95;141601.5625
31455.96;141601.5625
31455.97;141601.5625
31455.98;141601.5625
31455.99;141601.5625
31456.0;141601.5625
31456.01;141601.5625
31456.02;141601.5625
31456.03;141601.5625
31456.04;141601.5625
31456.05;141601.5625
31456.06;141601.5625
31456.07;141601.5625
31456.08;141601.5625
31456.09;141601.5625
31456.1;141601.5625
31456.11;141601.5625
31456.12;141601.5625
31456.13;141601.5625
31456.14;141601.5625
31456.15;141601.5625
31456.16;141601.5625
31456.17;141601.5625
31456.18;141601.5625
31456.19;141601.5625
31456.2;141601.5625
31456.21;141601.5625
31456.22;141601.5625
31456.23;141601.5625
31456.24;141601.5625
31456.25;141601.5625
31456.26;141601.5625
31456.27;141601.5625
31456.28;141601.5625
31456.29;141601.5625
31456.3;141601.5625
31456.31;141601.5625
31456.32;141601.5625
31456.33;141601.5625
31456.34;141601.5625
31456.35;141601.5625
31456.36;141601.5625
31456.37;141601.5625
31456.38;141601.5625
31456.39;141601.5625
31456.4;141601.5625
31456.41;141601.5625
31456.42;141601.5625
31456.43;141601.5625
31456.44;141601.5625
31456.45;141601.5625
31456.46;141601.5625
31456.47;141601.5625
31456.48;141601.5625
31456.49;141601.5625
31456.5;141601.5625
31456.51;141601.5625
31456.52;141601.5625
31456.53;141601.5625
31456.54;141601.5625
31456.55;141601.5625
31456.56;141601.5625
31456.57;141601.5625
31456.58;141601.5625
31456.59;141601.5625
31456.6;141601.5625
31456.61;141357.421875
31456.62;141601.5625
31456.63;141601.5625
31456.64;141601.5625
31456.65;141601.5625
31456.66;141601.5625
31456.67;141601.5625
31456.68;141601.5625
31456.69;141601.5625
31456.7;141601.5625
31456.71;141601.5625
31456.72;141601.5625
31456.73;141601.5625
31456.74;141601.5625
31456.75;141601.5625
31456.76;141601.5625
31456.77;141601.5625
31456.78;141601.5625
31456.79;141601.5625
31456.8;141601.5625
31456.81;141601.5625
31456.82;141601.5625
31456.83;141601.5625
31456.84;141601.5625
31456.85;141601.5625
31456.86;141601.5625
31456.87;141601.5625
31456.88;141601.5625
31456.89;141601.5625
31456.9;141601.5625
31456.91;141601.5625
31456.92;141601.5625
31456.93;141601.5625
31456.94;141601.5625
31456.95;141601.5625
31456.96;141601.5625
31456.97;141601.5625
31456.98;141601.5625
31456.99;141601.5625
31457.0;141601.5625
31457.01;141601.5625
31457.02;141601.5625
31457.03;141601.5625
31457.04;141601.5625
31457.05;141601.5625
31457.06;141601.5625
31457.07;141601.5625
31457.08;141601.5625
31457.09;141601.5625
31457.1;141601.5625
31457.11;141601.5625
31457.12;141601.5625
31457.13;141601.5625
31457.14;141601.5625
31457.15;141601.5625
31457.16;141601.5625
31457.17;141601.5625
31457.18;141601.5625
31457.19;141601.5625
31457.2;141601.5625
31457.21;141601.5625
31457.22;141601.5625
31457.23;141601.5625
31457.24;141601.5625
31457.25;141601.5625
31457.26;141601.5625
31457.27;141601.5625
31457.28;141601.5625
31457.29;141601.5625
31457.3;141601.5625
31457.31;141601.5625
31457.32;141601.5625
31457.33;141601.5625
31457.34;141601.5625
31457.35;141601.5625
31457.36;141601.5625
31457.37;141601.5625
31457.38;141601.5625
31457.39;141357.421875
31457.4;141601.5625
31457.41;141601.5625
31457.42;141601.5625
31457.43;141601.5625
31457.44;141601.5625
31457.45;141601.5625
31457.46;141601.5625
31457.47;141601.5625
31457.48;141601.5625
31457.49;141601.5625
31457.5;141601.5625
31457.51;141601.5625
31457.52;141601.5625
31457.53;141601.5625
31457.54;141601.5625
31457.55;141601.5625
31457.56;141601.5625
31457.57;141601.5625
31457.58;141601.5625
31457.59;141601.5625
31457.6;141601.5625
31457.61;141601.5625
31457.62;141601.5625
31457.63;141601.5625
31457.64;141601.5625
31457.65;141601.5625
31457.66;141601.5625
31457.67;141601.5625
31457.68;141601.5625
31457.69;141601.5625
31457.7;141601.5625
31457.71;141601.5625
31457.72;141601.5625
31457.73;141601.5625
31457.74;141601.5625
31457.75;141601.5625
31457.76;141601.5625
31457.77;141601.5625
31457.78;141601.5625
31457.79;141601.5625
31457.8;141601.5625
31457.81;141601.5625
31457.82;141601.5625
31457.83;141601.5625
31457.84;141601.5625
31457.85;141601.5625
31457.86;141601.5625
31457.87;141601.5625
31457.88;141601.5625
31457.89;141601.5625
31457.9;141601.5625
31457.91;141601.5625
31457.92;141601.5625
31457.93;141601.5625
31457.94;141601.5625
31457.95;141601.5625
31457.96;141601.5625
31457.97;141601.5625
31457.98;141601.5625
31457.99;141601.5625
31458.0;141601.5625
31458.01;141601.5625
31458.02;141601.5625
31458.03;141601.5625
31458.04;141601.5625
31458.05;141601.5625
31458.06;141601.5625
31458.07;141601.5625
31458.08;141601.5625
31458.09;141601.5625
31458.1;141601.5625
31458.11;141601.5625
31458.12;141601.5625
31458.13;141601.5625
31458.14;141601.5625
31458.15;141601.5625
31458.16;141601.5625
31458.17;141601.5625
31458.18;141601.5625
31458.19;141601.5625
31458.2;141601.5625
31458.21;141601.5625
31458.22;141601.5625
31458.23;141601.5625
31458.24;141601.5625
31458.25;141601.5625
31458.26;141601.5625
31458.27;141601.5625
31458.28;141601.5625
31458.29;141601.5625
31458.3;141601.5625
31458.31;141601.5625
31458.32;141601.5625
31458.33;141601.5625
31458.34;141357.421875
31458.35;141357.421875
31458.36;141601.5625
31458.37;141601.5625
31458.38;141357.421875
31458.39;141601.5625
31458.4;141601.5625
31458.41;141601.5625
31458.42;141601.5625
31458.43;141601.5625
31458.44;141357.421875
31458.45;141601.5625
31458.46;141357.421875
31458.47;141601.5625
31458.48;141601.5625
31458.49;141601.5625
31458.5;141357.421875
31458.51;141357.421875
31458.52;141601.5625
31458.53;141357.421875
31458.54;141357.421875
31458.55;141601.5625
31458.56;141601.5625
31458.57;141357.421875
31458.58;141357.421875
31458.59;141601.5625
31458.6;141357.421875
31458.61;141357.421875
31458.62;141601.5625
31458.63;141601.5625
31458.64;141357.421875
31458.65;141357.421875
31458.66;141357.421875
31458.67;141357.421875
31458.68;141357.421875
31458.69;141357.421875
31458.7;141357.421875
31458.71;141357.421875
31458.72;141357.421875
31458.73;141357.421875
31458.74;141357.421875
31458.75;141357.421875
31458.76;141357.421875
31458.77;141357.421875
31458.78;141601.5625
31458.79;141357.421875
31458.8;141357.421875
31458.81;141357.421875
31458.82;141357.421875
31458.83;141357.421875
31458.84;141601.5625
31458.85;141357.421875
31458.86;141357.421875
31458.87;141357.421875
31458.88;141357.421875
31458.89;141357.421875
31458.9;141357.421875
31458.91;141357.421875
31458.92;141357.421875
31458.93;141357.421875
31458.94;141357.421875
31458.95;141357.421875
31458.96;141357.421875
31458.97;141357.421875
31458.98;141357.421875
31458.99;141357.421875
31459.0;141357.421875
31459.01;141357.421875
31459.02;141357.421875
31459.03;141357.421875
31459.04;141357.421875
31459.05;141357.421875
31459.06;141357.421875
31459.07;141357.421875
31459.08;141357.421875
31459.09;141357.421875
31459.1;141357.421875
31459.11;141357.421875
31459.12;141357.421875
31459.13;141357.421875
31459.14;141357.421875
31459.15;141357.421875
31459.16;141357.421875
31459.17;141357.421875
31459.18;141357.421875
31459.19;141357.421875
31459.2;141357.421875
31459.21;141357.421875
31459.22;141357.421875
31459.23;141357.421875
31459.24;141357.421875
31459.25;141357.421875
31459.26;141357.421875
31459.27;141357.421875
31459.28;141357.421875
31459.29;141357.421875
31459.3;141357.421875
31459.31;141357.421875
31459.32;141357.421875
31459.33;141357.421875
31459.34;141357.421875
31459.35;141357.421875
31459.36;141357.421875
31459.37;141357.421875
31459.38;141357.421875
31459.39;141357.421875
31459.4;141357.421875
31459.41;141357.421875
31459.42;141357.421875
31459.43;141357.421875
31459.44;141357.421875
31459.45;141357.421875
31459.46;141357.421875
31459.47;141357.421875
31459.48;141357.421875
31459.49;141357.421875
31459.5;141357.421875
31459.51;141357.421875
31459.52;141357.421875
31459.53;141357.421875
31459.54;141357.421875
31459.55;141357.421875
31459.56;141357.421875
31459.57;141357.421875
31459.58;141357.421875
31459.59;141357.421875
31459.6;141357.421875
31459.61;141357.421875
31459.62;141357.421875
31459.63;141357.421875
31459.64;141357.421875
31459.65;141357.421875
31459.66;141357.421875
31459.67;141357.421875
31459.68;141357.421875
31459.69;141357.421875
31459.7;141357.421875
31459.71;141357.421875
31459.72;141357.421875
31459.73;141357.421875
31459.74;141357.421875
31459.75;141357.421875
31459.76;141357.421875
31459.77;141357.421875
31459.78;141357.421875
31459.79;141357.421875
31459.8;141357.421875
31459.81;141357.421875
31459.82;141357.421875
31459.83;141357.421875
31459.84;141357.421875
31459.85;141357.421875
31459.86;141357.421875
31459.87;141357.421875
31459.88;141357.421875
31459.89;141357.421875
31459.9;141357.421875
31459.91;141357.421875
31459.92;141357.421875
31459.93;141357.421875
31459.94;141357.421875
31459.95;141357.421875
31459.96;141357.421875
31459.97;141357.421875
31459.98;141357.421875
31459.99;141357.421875
31460.0;141357.421875
31460.01;141357.421875
31460.02;141357.421875
31460.03;141357.421875
31460.04;141357.421875
31460.05;141357.421875
31460.06;141357.421875
31460.07;141357.421875
31460.08;141357.421875
31460.09;141357.421875
31460.1;141357.421875
31460.11;141357.421875
31460.12;141357.421875
31460.13;141357.421875
31460.14;141357.421875
31460.15;141357.421875
31460.16;141357.421875
31460.17;141357.421875
31460.18;141357.421875
31460.19;141357.421875
31460.2;141357.421875
31460.21;141357.421875
31460.22;141357.421875
31460.23;141357.421875
31460.24;141357.421875
31460.25;141357.421875
31460.26;141357.421875
31460.27;141357.421875
31460.28;141357.421875
31460.29;141357.421875
31460.3;141357.421875
31460.31;141357.421875
31460.32;141357.421875
31460.33;141357.421875
31460.34;141357.421875
31460.35;141357.421875
31460.36;141113.28125
31460.37;141113.28125
31460.38;141357.421875
31460.39;141113.28125
31460.4;141357.421875
31460.41;141113.28125
31460.42;141113.28125
31460.43;141113.28125
31460.44;141113.28125
31460.45;141113.28125
31460.46;141113.28125
31460.47;141357.421875
31460.48;141113.28125
31460.49;141113.28125
31460.5;141113.28125
31460.51;141113.28125
31460.52;141113.28125
31460.53;141113.28125
31460.54;141113.28125
31460.55;141113.28125
31460.56;141113.28125
31460.57;141113.28125
31460.58;141113.28125
31460.59;141113.28125
31460.6;141357.421875
31460.61;141113.28125
31460.62;141113.28125
31460.63;141113.28125
31460.64;141113.28125
31460.65;141113.28125
31460.66;141113.28125
31460.67;141357.421875
31460.68;141113.28125
31460.69;141357.421875
31460.7;141113.28125
31460.71;141113.28125
31460.72;141113.28125
31460.73;141113.28125
31460.74;141113.28125
31460.75;141113.28125
31460.76;141113.28125
31460.77;141357.421875
31460.78;141113.28125
31460.79;141113.28125
31460.8;141113.28125
31460.81;141113.28125
31460.82;141113.28125
31460.83;141113.28125
31460.84;141357.421875
31460.85;141113.28125
31460.86;141113.28125
31460.87;141113.28125
31460.88;141113.28125
31460.89;141113.28125
31460.9;141357.421875
31460.91;141113.28125
31460.92;141113.28125
31460.93;141113.28125
31460.94;141113.28125
31460.95;141113.28125
31460.96;141113.28125
31460.97;141113.28125
31460.98;141357.421875
31460.99;141113.28125
31461.0;141113.28125
31461.01;141113.28125
31461.02;141113.28125
31461.03;141113.28125
31461.04;141113.28125
31461.05;141113.28125
31461.06;141113.28125
31461.07;141357.421875
31461.08;141113.28125
31461.09;141357.421875
31461.1;141113.28125
31461.11;141357.421875
31461.12;141113.28125
31461.13;141113.28125
31461.14;141113.28125
31461.15;141113.28125
31461.16;141113.28125
31461.17;141357.421875
31461.18;141113.28125
31461.19;141113.28125
31461.2;141113.28125
31461.21;141113.28125
31461.22;141113.28125
31461.23;141113.28125
31461.24;141113.28125
31461.25;141113.28125
31461.26;141113.28125
31461.27;141113.28125
31461.28;141113.28125
31461.29;141113.28125
31461.3;141113.28125
31461.31;141113.28125
31461.32;141113.28125
31461.33;141113.28125
31461.34;141113.28125
31461.35;141113.28125
31461.36;141113.28125
31461.37;141113.28125
31461.38;141113.28125
31461.39;141113.28125
31461.4;141113.28125
31461.41;141113.28125
31461.42;141113.28125
31461.43;141357.421875
31461.44;141113.28125
31461.45;141113.28125
31461.46;141357.421875
31461.47;141113.28125
31461.48;141113.28125
31461.49;141113.28125
31461.5;141113.28125
31461.51;141113.28125
31461.52;141113.28125
31461.53;141113.28125
31461.54;141113.28125
31461.55;141113.28125
31461.56;141113.28125
31461.57;141113.28125
31461.58;141113.28125
31461.59;141113.28125
31461.6;141113.28125
31461.61;141113.28125
31461.62;141357.421875
31461.63;141113.28125
31461.64;141357.421875
31461.65;141113.28125
31461.66;141357.421875
31461.67;141113.28125
31461.68;141113.28125
31461.69;141357.421875
31461.7;141113.28125
31461.71;141357.421875
31461.72;141113.28125
31461.73;141357.421875
31461.74;141113.28125
31461.75;141113.28125
31461.76;141113.28125
31461.77;141113.28125
31461.78;141113.28125
31461.79;141113.28125
31461.8;141113.28125
31461.81;141113.28125
31461.82;141357.421875
31461.83;141113.28125
31461.84;141113.28125
31461.85;141113.28125
31461.86;141113.28125
31461.87;141113.28125
31461.88;141357.421875
31461.89;141113.28125
31461.9;141113.28125
31461.91;141113.28125
31461.92;141113.28125
31461.93;141113.28125
31461.94;141357.421875
31461.95;141357.421875
31461.96;141113.28125
31461.97;141357.421875
31461.98;141113.28125
31461.99;141113.28125
31462.0;141357.421875
31462.01;141113.28125
31462.02;141113.28125
31462.03;141113.28125
31462.04;141113.28125
31462.05;141113.28125
31462.06;141113.28125
31462.07;141357.421875
31462.08;141113.28125
31462.09;141113.28125
31462.1;141113.28125
31462.11;141113.28125
31462.12;141113.28125
31462.13;141113.28125
31462.14;141113.28125
31462.15;141113.28125
31462.16;141113.28125
31462.17;141113.28125
31462.18;141113.28125
31462.19;141357.421875
31462.2;141113.28125
31462.21;141113.28125
31462.22;141113.28125
31462.23;141113.28125
31462.24;141113.28125
31462.25;141357.421875
31462.26;141113.28125
31462.27;141113.28125
31462.28;141113.28125
31462.29;141357.421875
31462.3;141113.28125
31462.31;141113.28125
31462.32;141113.28125
31462.33;141113.28125
31462.34;141113.28125
31462.35;141113.28125
31462.36;141113.28125
31462.37;141113.28125
31462.38;141357.421875
31462.39;141113.28125
31462.4;141113.28125
31462.41;141113.28125
31462.42;141113.28125
31462.43;141113.28125
31462.44;141113.28125
31462.45;141113.28125
31462.46;141113.28125
31462.47;141113.28125
31462.48;141113.28125
31462.49;141113.28125
31462.5;141113.28125
31462.51;141113.28125
31462.52;141113.28125
31462.53;141113.28125
31462.54;141113.28125
31462.55;141113.28125
31462.56;141113.28125
31462.57;141113.28125
31462.58;141113.28125
31462.59;141113.28125
31462.6;141357.421875
31462.61;141113.28125
31462.62;141113.28125
31462.63;141113.28125
31462.64;141113.28125
31462.65;141113.28125
31462.66;141113.28125
31462.67;141113.28125
31462.68;141113.28125
31462.69;141113.28125
31462.7;141113.28125
31462.71;141113.28125
31462.72;141113.28125
31462.73;141113.28125
31462.74;141113.28125
31462.75;141113.28125
31462.76;141357.421875
31462.77;141113.28125
31462.78;141113.28125
31462.79;141357.421875
31462.8;141113.28125
31462.81;141113.28125
31462.82;141357.421875
31462.83;141113.28125
31462.84;141113.28125
31462.85;141113.28125
31462.86;141113.28125
31462.87;141113.28125
31462.88;141113.28125
31462.89;141113.28125
31462.9;141113.28125
31462.91;141113.28125
31462.92;141113.28125
31462.93;141113.28125
31462.94;141113.28125
31462.95;141113.28125
31462.96;141113.28125
31462.97;141113.28125
31462.98;141113.28125
31462.99;141113.28125
31463.0;141113.28125
31463.01;141113.28125
31463.02;141113.28125
31463.03;141113.28125
31463.04;141113.28125
31463.05;141113.28125
31463.06;141113.28125
31463.07;141113.28125
31463.08;141113.28125
31463.09;141113.28125
31463.1;141113.28125
31463.11;141113.28125
31463.12;141113.28125
31463.13;141113.28125
31463.14;141113.28125
31463.15;141113.28125
31463.16;141113.28125
31463.17;141113.28125
31463.18;141113.28125
31463.19;141113.28125
31463.2;141113.28125
31463.21;141113.28125
31463.22;141113.28125
31463.23;141113.28125
31463.24;141113.28125
31463.25;141113.28125
31463.26;141113.28125
31463.27;141113.28125
31463.28;141113.28125
31463.29;141113.28125
31463.3;141113.28125
31463.31;141113.28125
31463.32;141113.28125
31463.33;141113.28125
31463.34;141113.28125
31463.35;141113.28125
31463.36;141113.28125
31463.37;141113.28125
31463.38;141113.28125
31463.39;141113.28125
31463.4;141113.28125
31463.41;141357.421875
31463.42;141357.421875
31463.43;141113.28125
31463.44;141113.28125
31463.45;141113.28125
31463.46;141357.421875
31463.47;141113.28125
31463.48;141357.421875
31463.49;141357.421875
31463.5;141357.421875
31463.51;141357.421875
31463.52;141113.28125
31463.53;141113.28125
31463.54;141113.28125
31463.55;141113.28125
31463.56;141357.421875
31463.57;141113.28125
31463.58;141113.28125
31463.59;141357.421875
31463.6;141113.28125
31463.61;141113.28125
31463.62;141357.421875
31463.63;141113.28125
31463.64;141113.28125
31463.65;141113.28125
31463.66;141357.421875
31463.67;141113.28125
31463.68;141113.28125
31463.69;141113.28125
31463.7;141357.421875
31463.71;141113.28125
31463.72;141113.28125
31463.73;141113.28125
31463.74;141357.421875
31463.75;141113.28125
31463.76;141357.421875
31463.77;141113.28125
31463.78;141113.28125
31463.79;141113.28125
31463.8;141113.28125
31463.81;141113.28125
31463.82;141113.28125
31463.83;141357.421875
31463.84;141113.28125
31463.85;141113.28125
31463.86;141113.28125
31463.87;141113.28125
31463.88;141113.28125
31463.89;141357.421875
31463.9;141113.28125
31463.91;141357.421875
31463.92;141113.28125
31463.93;141357.421875
31463.94;141113.28125
31463.95;141113.28125
31463.96;141357.421875
31463.97;141357.421875
31463.98;141113.28125
31463.99;141357.421875
31464.0;141357.421875
31464.01;141113.28125
31464.02;141357.421875
31464.03;141113.28125
31464.04;141357.421875
31464.05;141113.28125
31464.06;141113.28125
31464.07;141357.421875
31464.08;141357.421875
31464.09;141113.28125
31464.1;141113.28125
31464.11;141113.28125
31464.12;141113.28125
31464.13;141113.28125
31464.14;141113.28125
31464.15;141113.28125
31464.16;141113.28125
31464.17;141357.421875
31464.18;141113.28125
31464.19;141113.28125
31464.2;141357.421875
31464.21;141113.28125
31464.22;141113.28125
31464.23;141113.28125
31464.24;141357.421875
31464.25;141113.28125
31464.26;141357.421875
31464.27;141113.28125
31464.28;141357.421875
31464.29;141113.28125
31464.3;141113.28125
31464.31;141113.28125
31464.32;141113.28125
31464.33;141357.421875
31464.34;141113.28125
31464.35;141113.28125
31464.36;141113.28125
31464.37;141357.421875
31464.38;141113.28125
31464.39;141113.28125
31464.4;141357.421875
31464.41;141357.421875
31464.42;141113.28125
31464.43;141113.28125
31464.44;141113.28125
31464.45;141113.28125
31464.46;141113.28125
31464.47;141113.28125
31464.48;141113.28125
31464.49;141113.28125
31464.5;141113.28125
31464.51;141113.28125
31464.52;141113.28125
31464.53;141113.28125
31464.54;141113.28125
31464.55;141113.28125
31464.56;141113.28125
31464.57;141113.28125
31464.58;141113.28125
31464.59;141113.28125
31464.6;141357.421875
31464.61;141113.28125
31464.62;141113.28125
31464.63;141113.28125
31464.64;141113.28125
31464.65;141113.28125
31464.66;141113.28125
31464.67;141113.28125
31464.68;141113.28125
31464.69;141113.28125
31464.7;141357.421875
31464.71;141113.28125
31464.72;141113.28125
31464.73;141113.28125
31464.74;141113.28125
31464.75;141113.28125
31464.76;141113.28125
31464.77;141113.28125
31464.78;141113.28125
31464.79;141113.28125
31464.8;141113.28125
31464.81;141113.28125
31464.82;141113.28125
31464.83;141113.28125
31464.84;141113.28125
31464.85;141113.28125
31464.86;141113.28125
31464.87;141113.28125
31464.88;141113.28125
31464.89;141113.28125
31464.9;141113.28125
31464.91;141113.28125
31464.92;141113.28125
31464.93;141113.28125
31464.94;141113.28125
31464.95;141113.28125
31464.96;141113.28125
31464.97;141113.28125
31464.98;141113.28125
31464.99;141113.28125
31465.0;141113.28125
31465.01;141357.421875
31465.02;141113.28125
31465.03;141113.28125
31465.04;141113.28125
31465.05;141113.28125
31465.06;141113.28125
31465.07;141113.28125
31465.08;141113.28125
31465.09;141113.28125
31465.1;141113.28125
31465.11;141113.28125
31465.12;141113.28125
31465.13;141113.28125
31465.14;141113.28125
31465.15;141113.28125
31465.16;141357.421875
31465.17;141113.28125
31465.18;141113.28125
31465.19;141113.28125
31465.2;141113.28125
31465.21;141113.28125
31465.22;141113.28125
31465.23;141113.28125
31465.24;141113.28125
31465.25;141113.28125
31465.26;141113.28125
31465.27;141113.28125
31465.28;141357.421875
31465.29;141113.28125
31465.3;141357.421875
31465.31;141113.28125
31465.32;141113.28125
31465.33;141113.28125
31465.34;141113.28125
31465.35;141113.28125
31465.36;141113.28125
31465.37;141113.28125
31465.38;141113.28125
31465.39;141113.28125
31465.4;141113.28125
31465.41;141113.28125
31465.42;141113.28125
31465.43;141113.28125
31465.44;141113.28125
31465.45;141113.28125
31465.46;141113.28125
31465.47;141113.28125
31465.48;141113.28125
31465.49;141113.28125
31465.5;141113.28125
31465.51;141113.28125
31465.52;141113.28125
31465.53;141113.28125
31465.54;141113.28125
31465.55;141113.28125
31465.56;141113.28125
31465.57;141113.28125
31465.58;141113.28125
31465.59;141357.421875
31465.6;141113.28125
31465.61;141113.28125
31465.62;141113.28125
31465.63;141113.28125
31465.64;141113.28125
31465.65;141113.28125
31465.66;141357.421875
31465.67;141113.28125
31465.68;141113.28125
31465.69;141113.28125
31465.7;141113.28125
31465.71;141113.28125
31465.72;141113.28125
31465.73;141113.28125
31465.74;141113.28125
31465.75;141113.28125
31465.76;141113.28125
31465.77;141113.28125
31465.78;141113.28125
31465.79;141113.28125
31465.8;141113.28125
31465.81;141113.28125
31465.82;141113.28125
31465.83;141113.28125
31465.84;141113.28125
31465.85;141113.28125
31465.86;141113.28125
31465.87;141113.28125
31465.88;141357.421875
31465.89;141113.28125
31465.9;141113.28125
31465.91;141113.28125
31465.92;141113.28125
31465.93;141357.421875
31465.94;141113.28125
31465.95;141357.421875
31465.96;141113.28125
31465.97;141113.28125
31465.98;141113.28125
31465.99;141113.28125
31466.0;141113.28125
31466.01;141113.28125
31466.02;141113.28125
31466.03;141113.28125
31466.04;141113.28125
31466.05;141357.421875
31466.06;141113.28125
31466.07;141113.28125
31466.08;141113.28125
31466.09;141113.28125
31466.1;141113.28125
31466.11;141113.28125
31466.12;141113.28125
31466.13;141113.28125
31466.14;141357.421875
31466.15;141113.28125
31466.16;141113.28125
31466.17;141357.421875
31466.18;141113.28125
31466.19;141113.28125
31466.2;141113.28125
31466.21;141113.28125
31466.22;141113.28125
31466.23;141357.421875
31466.24;141113.28125
31466.25;141357.421875
31466.26;141113.28125
31466.27;141113.28125
31466.28;141113.28125
31466.29;141113.28125
31466.3;141113.28125
31466.31;141113.28125
31466.32;141113.28125
31466.33;141113.28125
31466.34;141113.28125
31466.35;141113.28125
31466.36;141113.28125
31466.37;141113.28125
31466.38;141113.28125
31466.39;141357.421875
31466.4;141357.421875
31466.41;141113.28125
31466.42;141113.28125
31466.43;141113.28125
31466.44;141113.28125
31466.45;141113.28125
31466.46;141113.28125
31466.47;141357.421875
31466.48;141357.421875
31466.49;141113.28125
31466.5;141113.28125
31466.51;141113.28125
31466.52;141113.28125
31466.53;141113.28125
31466.54;141113.28125
31466.55;141357.421875
31466.56;141113.28125
31466.57;141357.421875
31466.58;141113.28125
31466.59;141357.421875
31466.6;141113.28125
31466.61;141113.28125
31466.62;141113.28125
31466.63;141113.28125
31466.64;141113.28125
31466.65;141113.28125
31466.66;141357.421875
31466.67;141357.421875
31466.68;141113.28125
31466.69;141113.28125
31466.7;141113.28125
31466.71;141113.28125
31466.72;141357.421875
31466.73;141113.28125
31466.74;141113.28125
31466.75;141357.421875
31466.76;141113.28125
31466.77;141357.421875
31466.78;141113.28125
31466.79;141113.28125
31466.8;141357.421875
31466.81;141113.28125
31466.82;141357.421875
31466.83;141113.28125
31466.84;141113.28125
31466.85;141113.28125
31466.86;141113.28125
31466.87;141113.28125
31466.88;141113.28125
31466.89;141113.28125
31466.9;141113.28125
31466.91;141357.421875
31466.92;141113.28125
31466.93;141113.28125
31466.94;141113.28125
31466.95;141113.28125
31466.96;141113.28125
31466.97;141113.28125
31466.98;141113.28125
31466.99;141113.28125
31467.0;141113.28125
31467.01;141113.28125
31467.02;141113.28125
31467.03;141113.28125
31467.04;141113.28125
31467.05;141113.28125
31467.06;141357.421875
31467.07;141113.28125
31467.08;141113.28125
31467.09;141113.28125
31467.1;141113.28125
31467.11;141357.421875
31467.12;141113.28125
31467.13;141113.28125
31467.14;141113.28125
31467.15;141113.28125
31467.16;141113.28125
31467.17;141113.28125
31467.18;141113.28125
31467.19;141113.28125
31467.2;141113.28125
31467.21;141113.28125
31467.22;141113.28125
31467.23;141113.28125
31467.24;141113.28125
31467.25;141113.28125
31467.26;141357.421875
31467.27;141113.28125
31467.28;141113.28125
31467.29;141113.28125
31467.3;141357.421875
31467.31;141113.28125
31467.32;141113.28125
31467.33;141113.28125
31467.34;141113.28125
31467.35;141113.28125
31467.36;141113.28125
31467.37;141357.421875
31467.38;141113.28125
31467.39;141113.28125
31467.4;141113.28125
31467.41;141113.28125
31467.42;141113.28125
31467.43;141357.421875
31467.44;141113.28125
31467.45;141113.28125
31467.46;141113.28125
31467.47;141113.28125
31467.48;141113.28125
31467.49;141113.28125
31467.5;141357.421875
31467.51;141113.28125
31467.52;141113.28125
31467.53;141357.421875
31467.54;141113.28125
31467.55;141357.421875
31467.56;141113.28125
31467.57;141113.28125
31467.58;141113.28125
31467.59;141113.28125
31467.6;141357.421875
31467.61;141357.421875
31467.62;141113.28125
31467.63;141357.421875
31467.64;141113.28125
31467.65;141357.421875
31467.66;141113.28125
31467.67;141357.421875
31467.68;141357.421875
31467.69;141113.28125
31467.7;141113.28125
31467.71;141113.28125
31467.72;141113.28125
31467.73;141357.421875
31467.74;141357.421875
31467.75;141113.28125
31467.76;141357.421875
31467.77;141357.421875
31467.78;141113.28125
31467.79;141113.28125
31467.8;141357.421875
31467.81;141113.28125
31467.82;141113.28125
31467.83;141113.28125
31467.84;141357.421875
31467.85;141113.28125
31467.86;141357.421875
31467.87;141113.28125
31467.88;141357.421875
31467.89;141357.421875
31467.9;141113.28125
31467.91;141357.421875
31467.92;141113.28125
31467.93;141357.421875
31467.94;141113.28125
31467.95;141357.421875
31467.96;141357.421875
31467.97;141357.421875
31467.98;141113.28125
31467.99;141113.28125
31468.0;141113.28125
31468.01;141357.421875
31468.02;141113.28125
31468.03;141113.28125
31468.04;141357.421875
31468.05;141113.28125
31468.06;141357.421875
31468.07;141113.28125
31468.08;141113.28125
31468.09;141113.28125
31468.1;141357.421875
31468.11;141113.28125
31468.12;141357.421875
31468.13;141357.421875
31468.14;141113.28125
31468.15;141357.421875
31468.16;141113.28125
31468.17;141113.28125
31468.18;141113.28125
31468.19;141357.421875
31468.2;141357.421875
31468.21;141357.421875
31468.22;141113.28125
31468.23;141357.421875
31468.24;141113.28125
31468.25;141113.28125
31468.26;141357.421875
31468.27;141113.28125
31468.28;141113.28125
31468.29;141357.421875
31468.3;141113.28125
31468.31;141357.421875
31468.32;141113.28125
31468.33;141113.28125
31468.34;141113.28125
31468.35;141357.421875
31468.36;141113.28125
31468.37;141113.28125
31468.38;141357.421875
31468.39;141357.421875
31468.4;141357.421875
31468.41;141113.28125
31468.42;141113.28125
31468.43;141113.28125
31468.44;141357.421875
31468.45;141113.28125
31468.46;141113.28125
31468.47;141113.28125
31468.48;141357.421875
31468.49;141113.28125
31468.5;141113.28125
31468.51;141113.28125
31468.52;141113.28125
31468.53;141113.28125
31468.54;141113.28125
31468.55;141113.28125
31468.56;141113.28125
31468.57;141113.28125
31468.58;141113.28125
31468.59;141113.28125
31468.6;141113.28125
31468.61;141113.28125
31468.62;141113.28125
31468.63;141357.421875
31468.64;141113.28125
31468.65;141113.28125
31468.66;141113.28125
31468.67;141357.421875
31468.68;141113.28125
31468.69;141113.28125
31468.7;141113.28125
31468.71;141113.28125
31468.72;141357.421875
31468.73;141113.28125
31468.74;141113.28125
31468.75;141113.28125
31468.76;141113.28125
31468.77;141113.28125
31468.78;141113.28125
31468.79;141113.28125
31468.8;141113.28125
31468.81;141113.28125
31468.82;141357.421875
31468.83;141113.28125
31468.84;141113.28125
31468.85;141113.28125
31468.86;141113.28125
31468.87;141113.28125
31468.88;141113.28125
31468.89;141113.28125
31468.9;141357.421875
31468.91;141113.28125
31468.92;141113.28125
31468.93;141113.28125
31468.94;141113.28125
31468.95;141357.421875
31468.96;141113.28125
31468.97;141113.28125
31468.98;141113.28125
31468.99;141113.28125
31469.0;141113.28125
31469.01;141113.28125
31469.02;141113.28125
31469.03;141113.28125
31469.04;141113.28125
31469.05;141113.28125
31469.06;141113.28125
31469.07;141113.28125
31469.08;141357.421875
31469.09;141113.28125
31469.1;141113.28125
31469.11;141113.28125
31469.12;141113.28125
31469.13;141113.28125
31469.14;141113.28125
31469.15;141113.28125
31469.16;141113.28125
31469.17;141113.28125
31469.18;141113.28125
31469.19;141113.28125
31469.2;141113.28125
31469.21;141113.28125
31469.22;141113.28125
31469.23;141113.28125
31469.24;141113.28125
31469.25;141113.28125
31469.26;141113.28125
31469.27;141113.28125
31469.28;141357.421875
31469.29;141113.28125
31469.3;141357.421875
31469.31;141113.28125
31469.32;141357.421875
31469.33;141113.28125
31469.34;141357.421875
31469.35;141113.28125
31469.36;141113.28125
31469.37;141357.421875
31469.38;141357.421875
31469.39;141113.28125
31469.4;141113.28125
31469.41;141113.28125
31469.42;141357.421875
31469.43;141113.28125
31469.44;141113.28125
31469.45;141113.28125
31469.46;141357.421875
31469.47;141113.28125
31469.48;141357.421875
31469.49;141357.421875
31469.5;141113.28125
31469.51;141113.28125
31469.52;141113.28125
31469.53;141357.421875
31469.54;141113.28125
31469.55;141113.28125
31469.56;141113.28125
31469.57;141357.421875
31469.58;141357.421875
31469.59;141357.421875
31469.6;141357.421875
31469.61;141113.28125
31469.62;141113.28125
31469.63;141113.28125
31469.64;141113.28125
31469.65;141357.421875
31469.66;141357.421875
31469.67;141357.421875
31469.68;141357.421875
31469.69;141357.421875
31469.7;141357.421875
31469.71;141357.421875
31469.72;141357.421875
31469.73;141357.421875
31469.74;141357.421875
31469.75;141113.28125
31469.76;141357.421875
31469.77;141357.421875
31469.78;141357.421875
31469.79;141357.421875
31469.8;141357.421875
31469.81;141357.421875
31469.82;141357.421875
31469.83;141357.421875
31469.84;141113.28125
31469.85;141357.421875
31469.86;141357.421875
31469.87;141357.421875
31469.88;141357.421875
31469.89;141357.421875
31469.9;141357.421875
31469.91;141357.421875
31469.92;141357.421875
31469.93;141357.421875
31469.94;141357.421875
31469.95;141357.421875
31469.96;141357.421875
31469.97;141357.421875
31469.98;141357.421875
31469.99;141357.421875
31470.0;141357.421875
31470.01;141357.421875
31470.02;141357.421875
31470.03;141357.421875
31470.04;141357.421875
31470.05;141357.421875
31470.06;141357.421875
31470.07;141357.421875
31470.08;141357.421875
31470.09;141357.421875
31470.1;141357.421875
31470.11;141357.421875
31470.12;141357.421875
31470.13;141357.421875
31470.14;141357.421875
31470.15;141357.421875
31470.16;141357.421875
31470.17;141357.421875
31470.18;141357.421875
31470.19;141357.421875
31470.2;141357.421875
31470.21;141357.421875
31470.22;141357.421875
31470.23;141357.421875
31470.24;141357.421875
31470.25;141357.421875
31470.26;141357.421875
31470.27;141357.421875
31470.28;141357.421875
31470.29;141113.28125
31470.3;141357.421875
31470.31;141357.421875
31470.32;141357.421875
31470.33;141357.421875
31470.34;141357.421875
31470.35;141357.421875
31470.36;141357.421875
31470.37;141357.421875
31470.38;141357.421875
31470.39;141357.421875
31470.4;141357.421875
31470.41;141357.421875
31470.42;141357.421875
31470.43;141357.421875
31470.44;141357.421875
31470.45;141357.421875
31470.46;141357.421875
31470.47;141357.421875
31470.48;141357.421875
31470.49;141357.421875
31470.5;141357.421875
31470.51;141357.421875
31470.52;141357.421875
31470.53;141357.421875
31470.54;141357.421875
31470.55;141357.421875
31470.56;141357.421875
31470.57;141357.421875
31470.58;141357.421875
31470.59;141357.421875
31470.6;141357.421875
31470.61;151367.1875
31470.62;228515.625
31470.63;140136.71875
31470.64;143310.546875
31470.65;142578.125
31470.66;142333.984375
31470.67;142089.84375
31470.68;197265.625
31470.69;189697.265625
31470.7;135498.046875
31470.71;144775.390625
31470.72;142333.984375
31470.73;142333.984375
31470.74;152832.03125
31470.75;229736.328125
31470.76;140625.0
31470.77;143798.828125
31470.78;142822.265625
31470.79;142578.125
31470.8;142089.84375
31470.81;142089.84375
31470.82;142089.84375
31470.83;141845.703125
31470.84;141601.5625
31470.85;141601.5625
31470.86;141601.5625
31470.87;152343.75
31470.88;229248.046875
31470.89;140136.71875
31470.9;143554.6875
31470.91;142578.125
31470.92;142333.984375
31470.93;142089.84375
31470.94;142089.84375
31470.95;141845.703125
31470.96;141845.703125
31470.97;141601.5625
31470.98;141601.5625
31470.99;141601.5625
31471.0;152343.75
31471.01;229003.90625
31471.02;140136.71875
31471.03;143554.6875
31471.04;142578.125
31471.05;142333.984375
31471.06;142089.84375
31471.07;141845.703125
31471.08;141845.703125
31471.09;141845.703125
31471.1;141601.5625
31471.11;141601.5625
31471.12;141601.5625
31471.13;152343.75
31471.14;229248.046875
31471.15;140136.71875
31471.16;143554.6875
31471.17;142578.125
31471.18;142333.984375
31471.19;142089.84375
31471.2;142089.84375
31471.21;141845.703125
31471.22;141845.703125
31471.23;141601.5625
31471.24;141601.5625
31471.25;141601.5625
31471.26;152343.75
31471.27;229003.90625
31471.28;140136.71875
31471.29;143554.6875
31471.3;142578.125
31471.31;142333.984375
31471.32;142089.84375
31471.33;197265.625
31471.34;189697.265625
31471.35;135498.046875
31471.36;144775.390625
31471.37;142333.984375
31471.38;142578.125
31471.39;152832.03125
31471.4;229736.328125
31471.41;140625.0
31471.42;143798.828125
31471.43;142822.265625
31471.44;142578.125
31471.45;142333.984375
31471.46;197509.765625
31471.47;189941.40625
31471.48;135742.1875
31471.49;144775.390625
31471.5;142333.984375
31471.51;142578.125
31471.52;153076.171875
31471.53;229736.328125
31471.54;140625.0
31471.55;144042.96875
31471.56;142822.265625
31471.57;142578.125
31471.58;142333.984375
31471.59;197509.765625
31471.6;189941.40625
31471.61;135742.1875
31471.62;144775.390625
31471.63;142333.984375
31471.64;142578.125
31471.65;153076.171875
31471.66;229736.328125
31471.67;140625.0
31471.68;144042.96875
31471.69;142822.265625
31471.7;142578.125
31471.71;142333.984375
31471.72;197509.765625
31471.73;189697.265625
31471.74;135742.1875
31471.75;145019.53125
31471.76;142333.984375
31471.77;142578.125
31471.78;153076.171875
31471.79;229736.328125
31471.8;140625.0
31471.81;144042.96875
31471.82;143066.40625
31471.83;142578.125
31471.84;142333.984375
31471.85;142333.984375
31471.86;142089.84375
31471.87;142089.84375
31471.88;141845.703125
31471.89;141845.703125
31471.9;141845.703125
31471.91;152587.890625
31471.92;229248.046875
31471.93;140380.859375
31471.94;143798.828125
31471.95;142822.265625
31471.96;142578.125
31471.97;142333.984375
31471.98;142089.84375
31471.99;142089.84375
31472.0;141845.703125
31472.01;141845.703125
31472.02;141845.703125
31472.03;141601.5625
31472.04;152587.890625
31472.05;229248.046875
31472.06;140380.859375
31472.07;143798.828125
31472.08;142822.265625
31472.09;142333.984375
31472.1;142333.984375
31472.11;142089.84375
31472.12;142089.84375
31472.13;141845.703125
31472.14;141845.703125
31472.15;141845.703125
31472.16;141845.703125
31472.17;152587.890625
31472.18;229248.046875
31472.19;140380.859375
31472.2;143554.6875
31472.21;142822.265625
31472.22;142578.125
31472.23;142333.984375
31472.24;142089.84375
31472.25;142089.84375
31472.26;141845.703125
31472.27;141845.703125
31472.28;141845.703125
31472.29;141601.5625
31472.3;152343.75
31472.31;229248.046875
31472.32;140136.71875
31472.33;143798.828125
31472.34;142822.265625
31472.35;142578.125
31472.36;142333.984375
31472.37;142089.84375
31472.38;142089.84375
31472.39;142089.84375
31472.4;141845.703125
31472.41;141845.703125
31472.42;141845.703125
31472.43;152587.890625
31472.44;229248.046875
31472.45;140380.859375
31472.46;143798.828125
31472.47;142822.265625
31472.48;142578.125
31472.49;142333.984375
31472.5;142089.84375
31472.51;142089.84375
31472.52;141845.703125
31472.53;141845.703125
31472.54;141845.703125
31472.55;141845.703125
31472.56;152343.75
31472.57;229248.046875
31472.58;140136.71875
31472.59;143798.828125
31472.6;142822.265625
31472.61;142578.125
31472.62;142333.984375
31472.63;142089.84375
31472.64;142089.84375
31472.65;141845.703125
31472.66;141845.703125
31472.67;141845.703125
31472.68;141845.703125
31472.69;152343.75
31472.7;229248.046875
31472.71;140380.859375
31472.72;143798.828125
31472.73;142578.125
31472.74;142578.125
31472.75;142333.984375
31472.76;142089.84375
31472.77;142089.84375
31472.78;141845.703125
31472.79;141845.703125
31472.8;141845.703125
31472.81;141845.703125
31472.82;141601.5625
31472.83;141601.5625
31472.84;141601.5625
31472.85;141601.5625
31472.86;141601.5625
31472.87;141601.5625
31472.88;141601.5625
31472.89;141601.5625
31472.9;141601.5625
31472.91;141601.5625
31472.92;141601.5625
31472.93;141601.5625
31472.94;141601.5625
31472.95;141601.5625
31472.96;141601.5625
31472.97;141601.5625
31472.98;141601.5625
31472.99;141601.5625
31473.0;141601.5625
31473.01;141601.5625
31473.02;141601.5625
31473.03;141601.5625
31473.04;141601.5625
31473.05;141357.421875
31473.06;141601.5625
31473.07;141601.5625
31473.08;141601.5625
31473.09;141601.5625
31473.1;141601.5625
31473.11;141601.5625
31473.12;141601.5625
31473.13;141601.5625
31473.14;141601.5625
31473.15;141601.5625
31473.16;141601.5625
31473.17;141601.5625
31473.18;141601.5625
31473.19;141601.5625
31473.2;141601.5625
31473.21;141601.5625
31473.22;141601.5625
31473.23;141601.5625
31473.24;141601.5625
31473.25;141601.5625
31473.26;141601.5625
31473.27;141601.5625
31473.28;141601.5625
31473.29;141601.5625
31473.3;141601.5625
31473.31;141601.5625
31473.32;141601.5625
31473.33;141601.5625
31473.34;141601.5625
31473.35;141601.5625
31473.36;141601.5625
31473.37;141601.5625
31473.38;141601.5625
31473.39;141601.5625
31473.4;141601.5625
31473.41;141601.5625
31473.42;141601.5625
31473.43;141601.5625
31473.44;141601.5625
31473.45;141601.5625
31473.46;141601.5625
31473.47;141601.5625
31473.48;141601.5625
31473.49;141601.5625
31473.5;141601.5625
31473.51;141601.5625
31473.52;141601.5625
31473.53;141601.5625
31473.54;141601.5625
31473.55;141601.5625
31473.56;141601.5625
31473.57;141601.5625
31473.58;141601.5625
31473.59;141601.5625
31473.6;141601.5625
31473.61;141601.5625
31473.62;141601.5625
31473.63;141601.5625
31473.64;141601.5625
31473.65;141601.5625
31473.66;141601.5625
31473.67;141601.5625
31473.68;141601.5625
31473.69;141601.5625
31473.7;141601.5625
31473.71;141601.5625
31473.72;141601.5625
31473.73;141601.5625
31473.74;141601.5625
31473.75;141601.5625
31473.76;141601.5625
31473.77;141601.5625
31473.78;141601.5625
31473.79;141601.5625
31473.8;141601.5625
31473.81;141601.5625
31473.82;141601.5625
31473.83;141601.5625
31473.84;141601.5625
31473.85;141601.5625
31473.86;141601.5625
31473.87;141601.5625
31473.88;141601.5625
31473.89;141601.5625
31473.9;141601.5625
31473.91;141601.5625
31473.92;141601.5625
31473.93;141601.5625
31473.94;141601.5625
31473.95;141601.5625
31473.96;141601.5625
31473.97;141601.5625
31473.98;141601.5625
31473.99;141601.5625
31474.0;141601.5625
31474.01;141601.5625
31474.02;141601.5625
31474.03;141601.5625
31474.04;141601.5625
31474.05;141601.5625
31474.06;141601.5625
31474.07;141601.5625
31474.08;141601.5625
31474.09;141845.703125
31474.1;141601.5625
31474.11;141601.5625
31474.12;141601.5625
31474.13;141601.5625
31474.14;141601.5625
31474.15;141601.5625
31474.16;141601.5625
31474.17;141601.5625
31474.18;141601.5625
31474.19;141601.5625
31474.2;141601.5625
31474.21;141601.5625
31474.22;141601.5625
31474.23;141601.5625
31474.24;141601.5625
31474.25;141601.5625
31474.26;141601.5625
31474.27;141601.5625
31474.28;141601.5625
31474.29;141601.5625
31474.3;141601.5625
31474.31;141601.5625
31474.32;141601.5625
31474.33;141601.5625
31474.34;141601.5625
31474.35;141601.5625
31474.36;141601.5625
31474.37;141601.5625
31474.38;141601.5625
31474.39;141601.5625
31474.4;141601.5625
31474.41;141601.5625
31474.42;141601.5625
31474.43;141601.5625
31474.44;141601.5625
31474.45;141601.5625
31474.46;141601.5625
31474.47;141601.5625
31474.48;141845.703125
31474.49;141601.5625
31474.5;141601.5625
31474.51;141601.5625
31474.52;141601.5625
31474.53;141601.5625
31474.54;141601.5625
31474.55;141601.5625
31474.56;141601.5625
31474.57;141601.5625
31474.58;141601.5625
31474.59;141601.5625
31474.6;141601.5625
31474.61;141601.5625
31474.62;141601.5625
31474.63;141601.5625
31474.64;141601.5625
31474.65;141601.5625
31474.66;141601.5625
31474.67;141601.5625
31474.68;141601.5625
31474.69;141601.5625
31474.7;141601.5625
31474.71;141601.5625
31474.72;141601.5625
31474.73;141601.5625
31474.74;141601.5625
31474.75;141601.5625
31474.76;141601.5625
31474.77;141601.5625
31474.78;141601.5625
31474.79;141601.5625
31474.8;141601.5625
31474.81;141601.5625
31474.82;141601.5625
31474.83;141601.5625
31474.84;141601.5625
31474.85;141601.5625
31474.86;141601.5625
31474.87;141601.5625
31474.88;141601.5625
31474.89;141601.5625
31474.9;141601.5625
31474.91;141601.5625
31474.92;141601.5625
31474.93;141601.5625
31474.94;141601.5625
31474.95;141601.5625
31474.96;141601.5625
31474.97;141601.5625
31474.98;141601.5625
31474.99;141601.5625
31475.0;141601.5625
31475.01;141601.5625
31475.02;141601.5625
31475.03;141601.5625
31475.04;141601.5625
31475.05;141601.5625
31475.06;141601.5625
31475.07;141601.5625
31475.08;141601.5625
31475.09;141601.5625
31475.1;141601.5625
31475.11;141601.5625
31475.12;141601.5625
31475.13;141601.5625
31475.14;141601.5625
31475.15;141601.5625
31475.16;141601.5625
31475.17;141601.5625
31475.18;141601.5625
31475.19;141601.5625
31475.2;141601.5625
31475.21;141601.5625
31475.22;141601.5625
31475.23;141601.5625
31475.24;141601.5625
31475.25;141601.5625
31475.26;141601.5625
31475.27;141601.5625
31475.28;141601.5625
31475.29;141601.5625
31475.3;141601.5625
31475.31;141601.5625
31475.32;141601.5625
31475.33;141601.5625
31475.34;141357.421875
31475.35;141601.5625
31475.36;141601.5625
31475.37;141601.5625
31475.38;141601.5625
31475.39;141601.5625
31475.4;141357.421875
31475.41;141357.421875
31475.42;141601.5625
31475.43;141601.5625
31475.44;141601.5625
31475.45;141601.5625
31475.46;141601.5625
31475.47;141601.5625
31475.48;141601.5625
31475.49;141601.5625
31475.5;141601.5625
31475.51;141601.5625
31475.52;141845.703125
31475.53;141601.5625
31475.54;141601.5625
31475.55;141601.5625
31475.56;141601.5625
31475.57;141601.5625
31475.58;141845.703125
31475.59;141601.5625
31475.6;141601.5625
31475.61;141601.5625
31475.62;141601.5625
31475.63;141601.5625
31475.64;141601.5625
31475.65;141601.5625
31475.66;141601.5625
31475.67;141601.5625
31475.68;141601.5625
31475.69;141601.5625
31475.7;141601.5625
31475.71;141601.5625
31475.72;141601.5625
31475.73;141601.5625
31475.74;141601.5625
31475.75;141601.5625
31475.76;141601.5625
31475.77;141601.5625
31475.78;141601.5625
31475.79;141601.5625
31475.8;141601.5625
31475.81;141601.5625
31475.82;141601.5625
31475.83;141601.5625
31475.84;141601.5625
31475.85;141601.5625
31475.86;141601.5625
31475.87;141601.5625
31475.88;141601.5625
31475.89;141601.5625
31475.9;141601.5625
31475.91;141601.5625
31475.92;141601.5625
31475.93;141601.5625
31475.94;141601.5625
31475.95;141601.5625
31475.96;141601.5625
31475.97;141601.5625
31475.98;141601.5625
31475.99;141601.5625
31476.0;141601.5625
31476.01;141601.5625
31476.02;141601.5625
31476.03;141845.703125
31476.04;141601.5625
31476.05;141601.5625
31476.06;141601.5625
31476.07;141601.5625
31476.08;141845.703125
31476.09;141601.5625
31476.1;141601.5625
31476.11;141601.5625
31476.12;141601.5625
31476.13;141601.5625
31476.14;141601.5625
31476.15;141601.5625
31476.16;141601.5625
31476.17;141601.5625
31476.18;141601.5625
31476.19;141601.5625
31476.2;141601.5625
31476.21;141601.5625
31476.22;141601.5625
31476.23;141601.5625
31476.24;141601.5625
31476.25;141601.5625
31476.26;141601.5625
31476.27;141601.5625
31476.28;141845.703125
31476.29;141601.5625
31476.3;141601.5625
31476.31;141601.5625
31476.32;141601.5625
31476.33;141601.5625
31476.34;141601.5625
31476.35;141601.5625
31476.36;141845.703125
31476.37;141601.5625
31476.38;141845.703125
31476.39;141601.5625
31476.4;141601.5625
31476.41;141601.5625
31476.42;141357.421875
31476.43;141601.5625
31476.44;141601.5625
31476.45;141601.5625
31476.46;141601.5625
31476.47;141601.5625
31476.48;141601.5625
31476.49;141601.5625
31476.5;141601.5625
31476.51;141601.5625
31476.52;141601.5625
31476.53;141601.5625
31476.54;141601.5625
31476.55;141601.5625
31476.56;141601.5625
31476.57;141601.5625
31476.58;141601.5625
31476.59;141601.5625
31476.6;141357.421875
31476.61;141601.5625
31476.62;141601.5625
31476.63;141601.5625
31476.64;141601.5625
31476.65;141601.5625
31476.66;141601.5625
31476.67;141601.5625
31476.68;141601.5625
31476.69;141601.5625
31476.7;141601.5625
31476.71;141601.5625
31476.72;141601.5625
31476.73;141601.5625
31476.74;141601.5625
31476.75;141601.5625
31476.76;141601.5625
31476.77;141601.5625
31476.78;141601.5625
31476.79;141601.5625
31476.8;141601.5625
31476.81;141601.5625
31476.82;141601.5625
31476.83;141601.5625
31476.84;141601.5625
31476.85;141601.5625
31476.86;141601.5625
31476.87;141601.5625
31476.88;141601.5625
31476.89;141601.5625
31476.9;141601.5625
31476.91;141601.5625
31476.92;141601.5625
31476.93;141601.5625
31476.94;141601.5625
31476.95;141357.421875
31476.96;141601.5625
31476.97;141601.5625
31476.98;141601.5625
31476.99;141601.5625
31477.0;141601.5625
31477.01;141601.5625
31477.02;141601.5625
31477.03;141601.5625
31477.04;141601.5625
31477.05;141601.5625
31477.06;141601.5625
31477.07;141601.5625
31477.08;141601.5625
31477.09;141601.5625
31477.1;141601.5625
31477.11;141601.5625
31477.12;141601.5625
31477.13;141601.5625
31477.14;141601.5625
31477.15;141601.5625
31477.16;141601.5625
31477.17;141601.5625
31477.18;141601.5625
31477.19;141601.5625
31477.2;141601.5625
31477.21;141601.5625
31477.22;141601.5625
31477.23;141601.5625
31477.24;141601.5625
31477.25;141357.421875
31477.26;141601.5625
31477.27;141601.5625
31477.28;141601.5625
31477.29;141601.5625
31477.3;141601.5625
31477.31;141601.5625
31477.32;141601.5625
31477.33;141601.5625
31477.34;141601.5625
31477.35;141601.5625
31477.36;141357.421875
31477.37;141601.5625
31477.38;141601.5625
31477.39;141601.5625
31477.4;141601.5625
31477.41;141601.5625
31477.42;141601.5625
31477.43;141601.5625
31477.44;141601.5625
31477.45;141601.5625
31477.46;141601.5625
31477.47;141601.5625
31477.48;141601.5625
31477.49;141601.5625
31477.5;141601.5625
31477.51;141601.5625
31477.52;141601.5625
31477.53;141601.5625
31477.54;141601.5625
31477.55;141601.5625
31477.56;141601.5625
31477.57;141601.5625
31477.58;141601.5625
31477.59;141601.5625
31477.6;141601.5625
31477.61;141601.5625
31477.62;141601.5625
31477.63;141601.5625
31477.64;141601.5625
31477.65;141601.5625
31477.66;141601.5625
31477.67;141601.5625
31477.68;141601.5625
31477.69;141601.5625
31477.7;141601.5625
31477.71;141601.5625
31477.72;141601.5625
31477.73;141601.5625
31477.74;141601.5625
31477.75;141601.5625
31477.76;141601.5625
31477.77;141601.5625
31477.78;141601.5625
31477.79;141601.5625
31477.8;141601.5625
31477.81;141601.5625
31477.82;141601.5625
31477.83;141601.5625
31477.84;141601.5625
31477.85;141601.5625
31477.86;141601.5625
31477.87;141601.5625
31477.88;141601.5625
31477.89;141601.5625
31477.9;141601.5625
31477.91;141601.5625
31477.92;141601.5625
31477.93;141601.5625
31477.94;141601.5625
31477.95;141601.5625
31477.96;141601.5625
31477.97;141601.5625
31477.98;141601.5625
31477.99;141601.5625
31478.0;141601.5625
31478.01;141601.5625
31478.02;141601.5625
31478.03;141601.5625
31478.04;141601.5625
31478.05;141601.5625
31478.06;141357.421875
31478.07;141601.5625
31478.08;141601.5625
31478.09;141357.421875
31478.1;141601.5625
31478.11;141601.5625
31478.12;141601.5625
31478.13;141601.5625
31478.14;141601.5625
31478.15;141601.5625
31478.16;141601.5625
31478.17;141601.5625
31478.18;141601.5625
31478.19;141601.5625
31478.2;141601.5625
31478.21;141601.5625
31478.22;141601.5625
31478.23;141601.5625
31478.24;141601.5625
31478.25;141601.5625
31478.26;141601.5625
31478.27;141601.5625
31478.28;141357.421875
31478.29;141601.5625
31478.3;141601.5625
31478.31;141601.5625
31478.32;141601.5625
31478.33;141601.5625
31478.34;141601.5625
31478.35;141601.5625
31478.36;141357.421875
31478.37;141601.5625
31478.38;141357.421875
31478.39;141601.5625
31478.4;141601.5625
31478.41;141601.5625
31478.42;141357.421875
31478.43;141601.5625
31478.44;141601.5625
31478.45;141601.5625
31478.46;141601.5625
31478.47;141601.5625
31478.48;141357.421875
31478.49;141601.5625
31478.5;141357.421875
31478.51;141601.5625
31478.52;141601.5625
31478.53;141357.421875
31478.54;141357.421875
31478.55;141601.5625
31478.56;141357.421875
31478.57;141601.5625
31478.58;141601.5625
31478.59;141357.421875
31478.6;141601.5625
31478.61;141357.421875
31478.62;141601.5625
31478.63;141357.421875
31478.64;141601.5625
31478.65;141357.421875
31478.66;141357.421875
31478.67;141601.5625
31478.68;141357.421875
31478.69;141601.5625
31478.7;141357.421875
31478.71;141357.421875
31478.72;141357.421875
31478.73;141357.421875
31478.74;141357.421875
31478.75;141357.421875
31478.76;141357.421875
31478.77;141357.421875
31478.78;141357.421875
31478.79;141357.421875
31478.8;141357.421875
31478.81;141357.421875
31478.82;141601.5625
31478.83;141357.421875
31478.84;141357.421875
31478.85;141357.421875
31478.86;141357.421875
31478.87;141357.421875
31478.88;141357.421875
31478.89;141357.421875
31478.9;141357.421875
31478.91;141357.421875
31478.92;141357.421875
31478.93;141357.421875
31478.94;141601.5625
31478.95;141357.421875
31478.96;141357.421875
31478.97;141357.421875
31478.98;141357.421875
31478.99;141357.421875
31479.0;141357.421875
31479.01;141357.421875
31479.02;141357.421875
31479.03;141357.421875
31479.04;141357.421875
31479.05;141357.421875
31479.06;141357.421875
31479.07;141357.421875
31479.08;141357.421875
31479.09;141357.421875
31479.1;141357.421875
31479.11;141357.421875
31479.12;141357.421875
31479.13;141357.421875
31479.14;141357.421875
31479.15;141357.421875
31479.16;141357.421875
31479.17;141357.421875
31479.18;141357.421875
31479.19;141357.421875
31479.2;141357.421875
31479.21;141357.421875
31479.22;141357.421875
31479.23;141357.421875
31479.24;141357.421875
31479.25;141357.421875
31479.26;141357.421875
31479.27;141357.421875
31479.28;141357.421875
31479.29;141357.421875
31479.3;141357.421875
31479.31;141357.421875
31479.32;141357.421875
31479.33;141357.421875
31479.34;141357.421875
31479.35;141357.421875
31479.36;141357.421875
31479.37;141357.421875
31479.38;141357.421875
31479.39;141357.421875
31479.4;141357.421875
31479.41;141357.421875
31479.42;141357.421875
31479.43;141357.421875
31479.44;141357.421875
31479.45;141357.421875
31479.46;141357.421875
31479.47;141357.421875
31479.48;141357.421875
31479.49;141357.421875
31479.5;141357.421875
31479.51;141357.421875
31479.52;141357.421875
31479.53;141357.421875
31479.54;141357.421875
31479.55;141357.421875
31479.56;141357.421875
31479.57;141357.421875
31479.58;141357.421875
31479.59;141357.421875
31479.6;141357.421875
31479.61;141357.421875
31479.62;141357.421875
31479.63;141357.421875
31479.64;141357.421875
31479.65;141357.421875
31479.66;141357.421875
31479.67;141357.421875
31479.68;141357.421875
31479.69;141357.421875
31479.7;141357.421875
31479.71;141357.421875
31479.72;141357.421875
31479.73;141357.421875
31479.74;141357.421875
31479.75;141357.421875
31479.76;141357.421875
31479.77;141357.421875
31479.78;141357.421875
31479.79;141357.421875
31479.8;141357.421875
31479.81;141357.421875
31479.82;141357.421875
31479.83;141357.421875
31479.84;141357.421875
31479.85;141357.421875
31479.86;141357.421875
31479.87;141357.421875
31479.88;141113.28125
31479.89;141357.421875
31479.9;141357.421875
31479.91;141357.421875
31479.92;141357.421875
31479.93;141357.421875
31479.94;141113.28125
31479.95;141357.421875
31479.96;141113.28125
31479.97;141357.421875
31479.98;141357.421875
31479.99;141357.421875
31480.0;141357.421875
31480.01;141357.421875
31480.02;141357.421875
31480.03;141357.421875
31480.04;141357.421875
31480.05;141357.421875
31480.06;141357.421875
31480.07;141357.421875
31480.08;141357.421875
31480.09;141357.421875
31480.1;141357.421875
31480.11;141357.421875
31480.12;141357.421875
31480.13;141357.421875
31480.14;141357.421875
31480.15;141357.421875
31480.16;141357.421875
31480.17;141357.421875
31480.18;141357.421875
31480.19;141357.421875
31480.2;141357.421875
31480.21;141357.421875
31480.22;141357.421875
31480.23;141357.421875
31480.24;141357.421875
31480.25;141357.421875
31480.26;141357.421875
31480.27;141357.421875
31480.28;141113.28125
31480.29;141357.421875
31480.3;141357.421875
31480.31;141357.421875
31480.32;141357.421875
31480.33;141357.421875
31480.34;141357.421875
31480.35;141357.421875
31480.36;141357.421875
31480.37;141357.421875
31480.38;141113.28125
31480.39;141357.421875
31480.4;141357.421875
31480.41;141113.28125
31480.42;141357.421875
31480.43;141357.421875
31480.44;141357.421875
31480.45;141357.421875
31480.46;141357.421875
31480.47;141113.28125
31480.48;141357.421875
31480.49;141357.421875
31480.5;141113.28125
31480.51;141357.421875
31480.52;141357.421875
31480.53;141113.28125
31480.54;141357.421875
31480.55;141113.28125
31480.56;141357.421875
31480.57;141357.421875
31480.58;141357.421875
31480.59;141113.28125
31480.6;141113.28125
31480.61;141113.28125
31480.62;141113.28125
31480.63;141113.28125
31480.64;141357.421875
31480.65;141113.28125
31480.66;141357.421875
31480.67;141357.421875
31480.68;141357.421875
31480.69;141113.28125
31480.7;141357.421875
31480.71;141113.28125
31480.72;141113.28125
31480.73;141113.28125
31480.74;141357.421875
31480.75;141113.28125
31480.76;141113.28125
31480.77;141357.421875
31480.78;141357.421875
31480.79;141113.28125
31480.8;141113.28125
31480.81;141113.28125
31480.82;141357.421875
31480.83;141113.28125
31480.84;141357.421875
31480.85;141113.28125
31480.86;141357.421875
31480.87;141357.421875
31480.88;141113.28125
31480.89;141357.421875
31480.9;141113.28125
31480.91;141357.421875
31480.92;141113.28125
31480.93;141113.28125
31480.94;141113.28125
31480.95;141113.28125
31480.96;141357.421875
31480.97;141113.28125
31480.98;141113.28125
31480.99;141113.28125
31481.0;141113.28125
31481.01;141113.28125
31481.02;141357.421875
31481.03;141113.28125
31481.04;141113.28125
31481.05;141357.421875
31481.06;141113.28125
31481.07;141113.28125
31481.08;141357.421875
31481.09;141113.28125
31481.1;141113.28125
31481.11;141357.421875
31481.12;141113.28125
31481.13;141113.28125
31481.14;141113.28125
31481.15;141113.28125
31481.16;141113.28125
31481.17;141113.28125
31481.18;141357.421875
31481.19;141357.421875
31481.2;141357.421875
31481.21;141113.28125
31481.22;141113.28125
31481.23;141113.28125
31481.24;141113.28125
31481.25;141113.28125
31481.26;141113.28125
31481.27;141113.28125
31481.28;141113.28125
31481.29;141113.28125
31481.3;141113.28125
31481.31;141113.28125
31481.32;141113.28125
31481.33;141113.28125
31481.34;141357.421875
31481.35;141113.28125
31481.36;141113.28125
31481.37;141113.28125
31481.38;141357.421875
31481.39;141113.28125
31481.4;141113.28125
31481.41;141113.28125
31481.42;141113.28125
31481.43;141113.28125
31481.44;141357.421875
31481.45;141357.421875
31481.46;141113.28125
31481.47;141357.421875
31481.48;141357.421875
31481.49;141113.28125
31481.5;141357.421875
31481.51;141113.28125
31481.52;141113.28125
31481.53;141357.421875
31481.54;141113.28125
31481.55;141113.28125
31481.56;141113.28125
31481.57;141357.421875
31481.58;141113.28125
31481.59;141357.421875
31481.6;141113.28125
31481.61;141113.28125
31481.62;141113.28125
31481.63;141113.28125
31481.64;141113.28125
31481.65;141113.28125
31481.66;141113.28125
31481.67;141357.421875
31481.68;141113.28125
31481.69;141113.28125
31481.7;141357.421875
31481.71;141113.28125
31481.72;141113.28125
31481.73;141113.28125
31481.74;141113.28125
31481.75;141357.421875
31481.76;141113.28125
31481.77;141113.28125
31481.78;141113.28125
31481.79;141113.28125
31481.8;141113.28125
31481.81;141113.28125
31481.82;141113.28125
31481.83;141113.28125
31481.84;141357.421875
31481.85;141357.421875
31481.86;141113.28125
31481.87;141113.28125
31481.88;141113.28125
31481.89;141113.28125
31481.9;141113.28125
31481.91;141113.28125
31481.92;141357.421875
31481.93;141113.28125
31481.94;141113.28125
31481.95;141357.421875
31481.96;141113.28125
31481.97;141357.421875
31481.98;141357.421875
31481.99;141113.28125
31482.0;141357.421875
31482.01;141113.28125
31482.02;141113.28125
31482.03;141113.28125
31482.04;141357.421875
31482.05;141113.28125
31482.06;141357.421875
31482.07;141357.421875
31482.08;141113.28125
31482.09;141113.28125
31482.1;141357.421875
31482.11;141113.28125
31482.12;141113.28125
31482.13;141113.28125
31482.14;141113.28125
31482.15;141357.421875
31482.16;141357.421875
31482.17;141357.421875
31482.18;141113.28125
31482.19;141113.28125
31482.2;141357.421875
31482.21;141113.28125
31482.22;141357.421875
31482.23;141113.28125
31482.24;141113.28125
31482.25;141113.28125
31482.26;141357.421875
31482.27;141113.28125
31482.28;141357.421875
31482.29;141113.28125
31482.3;141113.28125
31482.31;141357.421875
31482.32;141113.28125
31482.33;141113.28125
31482.34;141357.421875
31482.35;141113.28125
31482.36;141113.28125
31482.37;141113.28125
31482.38;141357.421875
31482.39;141113.28125
31482.4;141113.28125
31482.41;141113.28125
31482.42;141113.28125
31482.43;141113.28125
31482.44;141357.421875
31482.45;141113.28125
31482.46;141113.28125
31482.47;141113.28125
31482.48;141113.28125
31482.49;141357.421875
31482.5;141113.28125
31482.51;141113.28125
31482.52;141113.28125
31482.53;141113.28125
31482.54;141357.421875
31482.55;141357.421875
31482.56;141113.28125
31482.57;141113.28125
31482.58;141357.421875
31482.59;141357.421875
31482.6;141357.421875
31482.61;141357.421875
31482.62;141113.28125
31482.63;141113.28125
31482.64;141113.28125
31482.65;141113.28125
31482.66;141113.28125
31482.67;141113.28125
31482.68;141357.421875
31482.69;141357.421875
31482.7;141357.421875
31482.71;141113.28125
31482.72;141113.28125
31482.73;141357.421875
31482.74;141113.28125
31482.75;141113.28125
31482.76;141357.421875
31482.77;141113.28125
31482.78;141113.28125
31482.79;141357.421875
31482.8;141357.421875
31482.81;141113.28125
31482.82;141113.28125
31482.83;141357.421875
31482.84;141113.28125
31482.85;141113.28125
31482.86;141113.28125
31482.87;141113.28125
31482.88;141357.421875
31482.89;141113.28125
31482.9;141113.28125
31482.91;141113.28125
31482.92;141357.421875
31482.93;141113.28125
31482.94;141113.28125
31482.95;141113.28125
31482.96;141113.28125
31482.97;141357.421875
31482.98;141113.28125
31482.99;141113.28125
31483.0;141357.421875
31483.01;141113.28125
31483.02;141357.421875
31483.03;141113.28125
31483.04;141357.421875
31483.05;141113.28125
31483.06;141113.28125
31483.07;141357.421875
31483.08;141113.28125
31483.09;141113.28125
31483.1;141113.28125
31483.11;141113.28125
31483.12;141357.421875
31483.13;141113.28125
31483.14;141113.28125
31483.15;141113.28125
31483.16;141113.28125
31483.17;141113.28125
31483.18;141113.28125
31483.19;141113.28125
31483.2;141357.421875
31483.21;141113.28125
31483.22;141357.421875
31483.23;141113.28125
31483.24;141113.28125
31483.25;141113.28125
31483.26;141357.421875
31483.27;141113.28125
31483.28;141357.421875
31483.29;141113.28125
31483.3;141357.421875
31483.31;141113.28125
31483.32;141113.28125
31483.33;141113.28125
31483.34;141113.28125
31483.35;141357.421875
31483.36;141357.421875
31483.37;141113.28125
31483.38;141113.28125
31483.39;141113.28125
31483.4;141113.28125
31483.41;141357.421875
31483.42;141357.421875
31483.43;141113.28125
31483.44;141357.421875
31483.45;141113.28125
31483.46;141113.28125
31483.47;141357.421875
31483.48;141113.28125
31483.49;141357.421875
31483.5;141357.421875
31483.51;141113.28125
31483.52;141113.28125
31483.53;141113.28125
31483.54;141357.421875
31483.55;141113.28125
31483.56;141357.421875
31483.57;141357.421875
31483.58;141357.421875
31483.59;141357.421875
31483.6;141113.28125
31483.61;141113.28125
31483.62;141357.421875
31483.63;141113.28125
31483.64;141357.421875
31483.65;141357.421875
31483.66;141357.421875
31483.67;141357.421875
31483.68;141113.28125
31483.69;141113.28125
31483.7;141357.421875
31483.71;141113.28125
31483.72;141357.421875
31483.73;141113.28125
31483.74;141113.28125
31483.75;141357.421875
31483.76;141113.28125
31483.77;141357.421875
31483.78;141357.421875
31483.79;141357.421875
31483.8;141113.28125
31483.81;141357.421875
31483.82;141357.421875
31483.83;141113.28125
31483.84;141113.28125
31483.85;141357.421875
31483.86;141113.28125
31483.87;141113.28125
31483.88;141357.421875
31483.89;141113.28125
31483.9;141357.421875
31483.91;141113.28125
31483.92;141357.421875
31483.93;141113.28125
31483.94;141113.28125
31483.95;141113.28125
31483.96;141113.28125
31483.97;141357.421875
31483.98;141357.421875
31483.99;141113.28125
31484.0;141357.421875
31484.01;141113.28125
31484.02;141357.421875
31484.03;141113.28125
31484.04;141113.28125
31484.05;141113.28125
31484.06;141357.421875
31484.07;141357.421875
31484.08;141357.421875
31484.09;141357.421875
31484.1;141113.28125
31484.11;141357.421875
31484.12;141113.28125
31484.13;141357.421875
31484.14;141113.28125
31484.15;141357.421875
31484.16;141113.28125
31484.17;141357.421875
31484.18;141357.421875
31484.19;141113.28125
31484.2;141357.421875
31484.21;141357.421875
31484.22;141357.421875
31484.23;141113.28125
31484.24;141113.28125
31484.25;141357.421875
31484.26;141113.28125
31484.27;141113.28125
31484.28;141357.421875
31484.29;141113.28125
31484.3;141357.421875
31484.31;141357.421875
31484.32;141113.28125
31484.33;141357.421875
31484.34;141357.421875
31484.35;141357.421875
31484.36;141113.28125
31484.37;141357.421875
31484.38;141113.28125
31484.39;141357.421875
31484.4;141357.421875
31484.41;141113.28125
31484.42;141113.28125
31484.43;141113.28125
31484.44;141113.28125
31484.45;141357.421875
31484.46;141113.28125
31484.47;141113.28125
31484.48;141113.28125
31484.49;141113.28125
31484.5;141113.28125
31484.51;141113.28125
31484.52;141113.28125
31484.53;141113.28125
31484.54;141113.28125
31484.55;141357.421875
31484.56;141113.28125
31484.57;141113.28125
31484.58;141357.421875
31484.59;141113.28125
31484.6;141113.28125
31484.61;141113.28125
31484.62;141113.28125
31484.63;141113.28125
31484.64;141357.421875
31484.65;141357.421875
31484.66;141113.28125
31484.67;141113.28125
31484.68;141113.28125
31484.69;141113.28125
31484.7;141113.28125
31484.71;141113.28125
31484.72;141113.28125
31484.73;141113.28125
31484.74;141113.28125
31484.75;141357.421875
31484.76;141113.28125
31484.77;141113.28125
31484.78;141113.28125
31484.79;141113.28125
31484.8;141113.28125
31484.81;141357.421875
31484.82;141113.28125
31484.83;141113.28125
31484.84;141113.28125
31484.85;141357.421875
31484.86;141357.421875
31484.87;141113.28125
31484.88;141113.28125
31484.89;141113.28125
31484.9;141113.28125
31484.91;141357.421875
31484.92;141113.28125
31484.93;141113.28125
31484.94;141113.28125
31484.95;141113.28125
31484.96;141357.421875
31484.97;141113.28125
31484.98;141113.28125
31484.99;141113.28125
31485.0;141357.421875
31485.01;141113.28125
31485.02;141113.28125
31485.03;141113.28125
31485.04;141113.28125
31485.05;141113.28125
31485.06;141357.421875
31485.07;141113.28125
31485.08;141113.28125
31485.09;141113.28125
31485.1;141113.28125
31485.11;141357.421875
31485.12;141113.28125
31485.13;141113.28125
31485.14;141357.421875
31485.15;141113.28125
31485.16;141357.421875
31485.17;141113.28125
31485.18;141113.28125
31485.19;141113.28125
31485.2;141113.28125
31485.21;141113.28125
31485.22;141113.28125
31485.23;141113.28125
31485.24;141113.28125
31485.25;141113.28125
31485.26;141113.28125
31485.27;141113.28125
31485.28;141357.421875
31485.29;141113.28125
31485.3;141113.28125
31485.31;141113.28125
31485.32;141113.28125
31485.33;141113.28125
31485.34;141357.421875
31485.35;141113.28125
31485.36;141113.28125
31485.37;141113.28125
31485.38;141113.28125
31485.39;141113.28125
31485.4;141113.28125
31485.41;141113.28125
31485.42;141113.28125
31485.43;141113.28125
31485.44;141357.421875
31485.45;141113.28125
31485.46;141113.28125
31485.47;141113.28125
31485.48;141113.28125
31485.49;141113.28125
31485.5;141357.421875
31485.51;141113.28125
31485.52;141357.421875
31485.53;141357.421875
31485.54;141113.28125
31485.55;141113.28125
31485.56;141357.421875
31485.57;141113.28125
31485.58;141357.421875
31485.59;141357.421875
31485.6;141113.28125
31485.61;141113.28125
31485.62;141357.421875
31485.63;141113.28125
31485.64;141357.421875
31485.65;141113.28125
31485.66;141113.28125
31485.67;141113.28125
31485.68;141113.28125
31485.69;141113.28125
31485.7;141113.28125
31485.71;141357.421875
31485.72;141357.421875
31485.73;141113.28125
31485.74;141357.421875
31485.75;141357.421875
31485.76;141113.28125
31485.77;141357.421875
31485.78;141113.28125
31485.79;141357.421875
31485.8;141113.28125
31485.81;141113.28125
31485.82;141357.421875
31485.83;141113.28125
31485.84;141357.421875
31485.85;141113.28125
31485.86;141113.28125
31485.87;141113.28125
31485.88;141113.28125
31485.89;141113.28125
31485.9;141357.421875
31485.91;141113.28125
31485.92;141113.28125
31485.93;141113.28125
31485.94;141357.421875
31485.95;141113.28125
31485.96;141113.28125
31485.97;141113.28125
31485.98;141357.421875
31485.99;141113.28125
31486.0;141113.28125
31486.01;141113.28125
31486.02;141357.421875
31486.03;141357.421875
31486.04;141357.421875
31486.05;141113.28125
31486.06;141113.28125
31486.07;141357.421875
31486.08;141357.421875
31486.09;141113.28125
31486.1;141113.28125
31486.11;141357.421875
31486.12;141113.28125
31486.13;141113.28125
31486.14;141113.28125
31486.15;141357.421875
31486.16;141113.28125
31486.17;141357.421875
